nze be neph bph nzph50 nzph90 bph50 bph90
17 3 8 3 0 0 0 0
18 4 10 3 0 0 0 0
22 4 12 3 0 0 0 0
20 4 12 3 0 0 0 0
20 3 8 3 0 0 0 0
18 2 9 2 0 0 0 0
20 3 10 2 0 0 0 0
25 2 10 2 0 0 0 0
28 3 11 2 0 0 0 0
21 4 11 3 0 0 0 0
18 4 9 3 0 0 0 0
24 3 12 2 0 0 0 0
20 3 9 2 0 0 0 0
27 5 13 3 0 0 0 0
22 4 13 3 0 0 0 0
20 4 13 3 0 0 0 0
32 3 17 2 0 0 0 0
22 5 12 3 0 0 0 0
28 4 13 2 0 0 0 0
25 3 13 2 0 0 0 0
13 4 6 3 0 0 0 0
32 3 12 3 0 0 0 0
22 4 11 3 0 0 0 0
19 3 9 2 0 0 0 0
18 3 9 3 0 0 0 0
17 4 8 2 0 0 0 0
15 2 7 1 0 0 0 0
32 4 9 2 0 0 0 0
21 4 12 3 0 0 0 0
21 4 10 3 0 0 0 0
18 5 9 3 0 0 0 0
38 5 11 3 0 0 0 0
27 4 10 3 0 0 0 0
20 3 11 2 0 0 0 0
13 4 6 3 0 0 0 0
21 3 10 2 0 0 0 0
27 5 14 3 0 0 0 0
28 5 10 4 0 0 0 0
22 4 11 3 0 0 0 0
32 5 9 3 0 0 0 0
14 4 6 3 0 0 0 0
34 4 11 2 0 0 0 0
34 3 8 2 0 0 0 0
31 5 14 3 0 0 0 0
27 3 15 2 0 0 0 0
38 4 14 3 0 0 0 0
36 4 11 3 0 0 0 0
33 4 15 3 0 0 0 0
32 4 8 3 0 0 0 0
36 3 12 2 0 0 0 0
19 4 9 3 0 0 0 0
16 4 10 2 0 0 0 0
35 4 12 2 0 0 0 0
36 3 8 2 0 0 0 0
34 3 9 2 0 0 0 0
38 4 10 3 0 0 0 0
31 4 11 3 0 0 0 0
39 3 39 2 0 0 0 0
30 4 15 3 0 0 0 0
26 3 11 3 0 0 0 0
30 3 9 3 0 0 0 0
32 3 14 2 0 0 0 0
16 3 8 3 0 0 0 0
20 3 12 2 0 0 0 0
30 2 8 2 0 0 0 0
19 3 10 2 0 0 0 0
35 3 14 2 0 0 0 0
33 3 10 3 0 0 0 0
29 3 13 2 0 0 0 0
38 3 12 3 0 0 0 0
21 3 8 2 0 0 0 0
22 4 11 3 0 0 0 0
36 4 11 3 0 0 0 0
25 4 13 2 0 0 0 0
31 4 10 2 0 0 0 0
19 3 9 2 0 0 0 0
23 4 9 3 0 0 0 0
23 4 10 3 0 0 0 0
36 4 12 3 0 0 0 0
36 5 10 4 0 0 0 0
30 4 9 2 0 0 0 0
25 2 12 2 0 0 0 0
27 2 10 2 0 0 0 0
22 3 12 3 0 0 0 0
15 2 8 2 0 0 0 0
32 3 10 2 0 0 0 0
35 2 10 2 0 0 0 0
28 4 10 3 0 0 0 0
36 3 11 2 0 0 0 0
20 3 10 2 0 0 0 0
18 2 9 2 0 0 0 0
19 3 9 2 0 0 0 0
16 2 10 2 0 0 0 0
36 2 13 2 0 0 0 0
32 4 11 2 0 0 0 0
82 4 19 3 0 0 0 0
18 4 9 3 0 0 0 0
21 4 11 3 0 0 0 0
19 4 9 3 0 0 0 0
28 4 14 3 0 0 0 0
17 3 7 2 0 0 0 0
24 3 13 2 0 0 0 0
20 4 10 3 0 0 0 0
25 4 11 3 0 0 0 0
20 4 10 3 0 0 0 0
15 2 8 2 0 0 0 0
18 3 9 2 0 0 0 0
24 3 14 3 0 0 0 0
22 4 15 3 0 0 0 0
20 3 10 3 0 0 0 0
15 3 8 2 0 0 0 0
22 4 14 3 0 0 0 0
21 4 11 2 0 0 0 0
4 2 2 1 0 0 0 0
4 2 2 1 0 0 0 0
4 2 2 1 0 0 0 0
4 2 2 1 0 0 0 0
4 2 2 1 0 0 0 0
4 2 2 1 0 0 0 0
4 2 2 1 0 0 0 0
4 2 2 1 0 0 0 0
4 2 2 1 0 0 0 0
4 2 2 1 0 0 0 0
17 2 9 1 0 0 0 0
16 3 8 2 0 0 0 0
15 3 8 2 0 0 0 0
19 3 9 2 0 0 0 0
18 3 9 2 0 0 0 0
24 3 11 2 0 0 0 0
16 2 10 2 0 0 0 0
24 3 11 2 0 0 0 0
21 4 10 3 0 0 0 0
21 3 12 3 0 0 0 0
29 3 14 3 0 0 0 0
26 3 14 2 0 0 0 0
34 4 9 3 0 0 0 0
17 3 9 2 0 0 0 0
18 3 9 2 0 0 0 0
21 3 10 3 0 0 0 0
20 3 10 2 0 0 0 0
16 4 8 2 0 0 0 0
21 3 11 2 0 0 0 0
15 3 8 3 0 0 0 0
36 3 14 2 0 0 0 0
20 3 10 2 0 0 0 0
27 2 13 2 0 0 0 0
17 2 8 2 0 0 0 0
20 3 11 3 0 0 0 0
20 4 10 2 0 0 0 0
30 3 14 2 0 0 0 0
18 3 9 3 0 0 0 0
17 3 7 2 0 0 0 0
37 2 12 2 0 0 0 0
17 3 11 3 0 0 0 0
27 4 8 2 0 0 0 0
20 4 10 3 0 0 0 0
21 4 11 3 0 0 0 0
18 5 10 4 0 0 0 0
23 4 13 3 0 0 0 0
19 4 10 3 0 0 0 0
17 3 9 2 0 0 0 0
27 3 14 2 0 0 0 0
20 3 9 3 0 0 0 0
23 5 12 4 0 0 0 0
20 5 8 4 0 0 0 0
18 3 10 3 0 0 0 0
31 4 16 3 0 0 0 0
28 3 12 2 0 0 0 0
19 4 10 3 0 0 0 0
23 4 12 2 0 0 0 0
18 4 10 3 0 0 0 0
26 3 15 2 0 0 0 0
34 4 12 3 0 0 0 0
37 4 13 3 0 0 0 0
23 5 12 3 0 0 0 0
17 5 7 3 0 0 0 0
21 5 10 3 0 0 0 0
22 3 12 2 0 0 0 0
30 3 13 2 0 0 0 0
26 3 10 2 0 0 0 0
20 2 10 2 0 0 0 0
26 3 10 3 0 0 0 0
36 3 9 2 0 0 0 0
28 3 14 2 0 0 0 0
19 3 8 2 0 0 0 0
18 3 12 2 0 0 0 0
21 4 11 3 0 0 0 0
22 4 12 3 0 0 0 0
33 3 10 2 0 0 0 0
22 2 10 2 0 0 0 0
19 4 9 3 0 0 0 0
28 4 9 3 0 0 0 0
14 3 6 2 0 0 0 0
32 3 13 3 0 0 0 0
21 4 10 3 0 0 0 0
36 3 17 2 0 0 0 0
19 4 10 3 0 0 0 0
21 3 11 2 0 0 0 0
18 2 10 2 0 0 0 0
39 3 11 3 0 0 0 0
30 4 10 3 0 0 0 0
34 2 29 1 0 0 0 0
20 3 10 2 0 0 0 0
18 3 9 2 0 0 0 0
22 3 10 2 0 0 0 0
18 4 10 2 0 0 0 0
21 3 10 3 0 0 0 0
21 3 13 3 0 0 0 0
20 3 15 2 0 0 0 0
20 2 10 2 0 0 0 0
16 3 8 2 0 0 0 0
25 3 14 3 0 0 0 0
21 3 10 2 0 0 0 0
21 3 11 2 0 0 0 0
19 4 9 3 0 0 0 0
18 4 9 3 0 0 0 0
32 4 13 4 0 0 0 0
19 3 10 3 0 0 0 0
21 3 10 2 0 0 0 0
21 3 11 2 0 0 0 0
17 2 8 1 0 0 0 0
21 2 10 2 0 0 0 0
19 3 10 2 0 0 0 0
19 5 11 3 0 0 0 0
20 4 10 3 0 0 0 0
16 4 8 3 0 0 0 0
20 4 8 3 0 0 0 0
18 5 10 3 0 0 0 0
24 4 12 3 0 0 0 0
15 4 7 3 0 0 0 0
18 3 9 2 0 0 0 0
1 0 1 0 0 0 0 0
1 0 1 0 0 0 0 0
1 0 1 0 0 0 0 0
1 0 1 0 0 0 0 0
1 0 1 0 0 0 0 0
1 0 1 0 0 0 0 0
1 0 1 0 0 0 0 0
1 0 1 0 0 0 0 0
1 0 1 0 0 0 0 0
16 3 7 3 0 0 0 0
18 4 11 3 0 0 0 0
21 4 11 3 0 0 0 0
24 2 13 2 0 0 0 0
34 4 13 4 0 0 0 0
32 4 16 3 0 0 0 0
17 3 9 2 0 0 0 0
22 3 11 2 0 0 0 0
18 3 9 2 0 0 0 0
29 3 15 2 0 0 0 0
18 3 8 2 0 0 0 0
19 4 7 2 0 0 0 0
22 5 10 4 0 0 0 0
27 5 13 4 0 0 0 0
36 3 9 2 0 0 0 0
16 3 8 2 0 0 0 0
17 3 9 2 0 0 0 0
16 2 8 1 0 0 0 0
18 2 13 1 0 0 0 0
19 2 10 2 0 0 0 0
14 2 7 2 0 0 0 0
31 2 16 2 0 0 0 0
20 3 10 2 0 0 0 0
16 4 8 3 0 0 0 0
16 3 9 2 0 0 0 0
17 2 9 2 0 0 0 0
26 3 13 3 0 0 0 0
19 2 8 2 0 0 0 0
26 4 14 3 0 0 0 0
19 4 9 3 0 0 0 0
18 4 9 3 0 0 0 0
24 4 12 2 0 0 0 0
22 2 10 2 0 0 0 0
16 3 8 2 0 0 0 0
17 5 9 4 0 0 0 0
20 4 9 3 0 0 0 0
20 5 10 3 0 0 0 0
17 3 10 3 0 0 0 0
24 4 12 2 0 0 0 0
17 4 9 3 0 0 0 0
19 5 8 3 0 0 0 0
16 2 8 2 0 0 0 0
19 5 10 3 0 0 0 0
28 4 15 3 0 0 0 0
17 3 7 2 0 0 0 0
17 4 10 3 0 0 0 0
17 4 10 3 0 0 0 0
40 4 11 3 0 0 0 0
16 4 8 3 0 0 0 0
21 3 10 3 0 0 0 0
27 4 9 3 0 0 0 0
19 3 11 2 0 0 0 0
21 4 9 3 0 0 0 0
23 5 13 4 0 0 0 0
19 5 10 4 0 0 0 0
36 4 17 3 0 0 0 0
30 3 15 2 0 0 0 0
25 4 12 4 0 0 0 0
23 4 11 3 0 0 0 0
24 4 12 3 0 0 0 0
22 3 7 3 0 0 0 0
19 3 9 2 0 0 0 0
20 3 10 3 0 0 0 0
16 3 8 2 0 0 0 0
19 3 11 3 0 0 0 0
16 3 9 3 0 0 0 0
19 3 10 2 0 0 0 0
20 3 11 2 0 0 0 0
19 4 12 3 0 0 0 0
22 3 11 2 0 0 0 0
18 3 8 2 0 0 0 0
22 4 11 3 0 0 0 0
22 4 12 2 0 0 0 0
15 3 7 3 0 0 0 0
19 4 10 3 0 0 0 0
20 4 10 3 0 0 0 0
32 4 15 3 0 0 0 0
21 4 11 3 0 0 0 0
26 4 14 3 0 0 0 0
26 4 14 3 0 0 0 0
22 3 10 2 0 0 0 0
18 3 9 3 0 0 0 0
22 4 11 3 0 0 0 0
17 4 8 3 0 0 0 0
15 3 7 2 0 0 0 0
13 5 7 3 0 0 0 0
20 3 10 3 0 0 0 0
19 4 8 3 0 0 0 0
21 4 13 3 0 0 0 0
16 3 7 2 0 0 0 0
19 4 10 3 0 0 0 0
37 4 13 3 0 0 0 0
18 4 10 3 0 0 0 0
26 4 13 3 0 0 0 0
24 4 11 3 0 0 0 0
19 4 12 3 0 0 0 0
22 5 11 4 0 0 0 0
26 4 14 3 0 0 0 0
14 4 6 3 0 0 0 0
24 3 11 2 0 0 0 0
19 5 8 3 0 0 0 0
30 4 10 3 0 0 0 0
17 3 9 2 0 0 0 0
26 4 13 3 0 0 0 0
26 4 9 3 0 0 0 0
48 4 42 3 0 0 0 0
18 3 9 2 0 0 0 0
32 4 12 4 0 0 0 0
15 3 7 2 0 0 0 0
9 2 4 1 0 0 0 0
9 2 4 1 0 0 0 0
9 2 4 1 0 0 0 0
9 2 4 1 0 0 0 0
9 2 4 1 0 0 0 0
9 2 4 1 0 0 0 0
9 2 4 1 0 0 0 0
9 2 4 1 0 0 0 0
9 2 4 1 0 0 0 0
9 2 4 1 0 0 0 0
18 3 9 3 0 0 0 0
17 4 8 3 0 0 0 0
26 3 13 2 0 0 0 0
24 4 13 3 0 0 0 0
18 4 9 3 0 0 0 0
14 3 8 3 0 0 0 0
18 3 10 3 0 0 0 0
26 3 13 3 0 0 0 0
16 4 9 3 0 0 0 0
23 3 13 3 0 0 0 0
29 3 14 3 0 0 0 0
22 3 12 3 0 0 0 0
16 3 11 2 0 0 0 0
23 4 10 3 0 0 0 0
26 4 13 3 0 0 0 0
18 4 8 2 0 0 0 0
16 4 8 3 0 0 0 0
18 4 10 2 0 0 0 0
18 4 9 2 0 0 0 0
20 4 10 3 0 0 0 0
14 3 7 2 0 0 0 0
19 2 10 2 0 0 0 0
34 2 17 2 0 0 0 0
17 3 9 2 0 0 0 0
29 4 13 2 0 0 0 0
16 3 11 3 0 0 0 0
17 3 8 2 0 0 0 0
21 2 10 2 0 0 0 0
24 4 12 3 0 0 0 0
16 4 8 2 0 0 0 0
22 4 11 3 0 0 0 0
20 4 9 3 0 0 0 0
21 5 10 4 0 0 0 0
21 4 12 4 0 0 0 0
23 4 13 3 0 0 0 0
25 3 10 2 0 0 0 0
32 4 16 3 0 0 0 0
19 4 9 2 0 0 0 0
22 4 11 3 0 0 0 0
17 4 10 3 0 0 0 0
22 4 11 2 0 0 0 0
25 3 12 3 0 0 0 0
14 3 7 2 0 0 0 0
19 3 9 3 0 0 0 0
17 4 8 3 0 0 0 0
18 4 11 3 0 0 0 0
19 4 10 3 0 0 0 0
20 4 11 3 0 0 0 0
21 4 10 3 0 0 0 0
19 3 12 3 0 0 0 0
18 3 9 2 0 0 0 0
14 3 6 2 0 0 0 0
24 4 14 3 0 0 0 0
24 3 11 2 0 0 0 0
22 4 11 3 0 0 0 0
18 4 8 2 0 0 0 0
19 4 10 2 0 0 0 0
28 3 14 2 0 0 0 0
17 4 9 3 0 0 0 0
26 3 12 2 0 0 0 0
24 3 12 2 0 0 0 0
18 2 10 2 0 0 0 0
16 3 10 3 0 0 0 0
19 3 11 3 0 0 0 0
17 3 9 2 0 0 0 0
21 2 10 2 0 0 0 0
12 2 6 2 0 0 0 0
16 2 10 2 0 0 0 0
20 2 9 2 0 0 0 0
16 2 8 2 0 0 0 0
18 2 9 2 0 0 0 0
18 4 9 2 0 0 0 0
24 3 13 2 0 0 0 0
20 3 11 2 0 0 0 0
31 4 16 3 0 0 0 0
18 4 9 2 0 0 0 0
16 3 7 3 0 0 0 0
24 4 12 3 0 0 0 0
26 4 13 3 0 0 0 0
16 5 7 4 0 0 0 0
20 4 9 2 0 0 0 0
20 3 9 2 0 0 0 0
16 3 9 2 0 0 0 0
17 3 11 2 0 0 0 0
22 3 11 2 0 0 0 0
16 3 7 2 0 0 0 0
32 3 16 2 0 0 0 0
21 3 9 2 0 0 0 0
17 2 10 1 0 0 0 0
15 2 7 1 0 0 0 0
42 3 11 2 0 0 0 0
25 3 12 2 0 0 0 0
13 3 6 2 0 0 0 0
18 3 9 3 0 0 0 0
20 4 9 2 0 0 0 0
21 3 8 2 0 0 0 0
17 4 11 3 0 0 0 0
19 4 11 3 0 0 0 0
25 3 13 3 0 0 0 0
23 4 13 2 0 0 0 0
18 3 9 2 0 0 0 0
24 4 11 3 0 0 0 0
33 3 12 2 0 0 0 0
20 3 11 2 0 0 0 0
21 3 11 3 0 0 0 0
21 4 10 3 0 0 0 0
17 4 9 3 0 0 0 0
29 4 14 3 0 0 0 0
25 3 13 3 0 0 0 0
29 4 14 3 0 0 0 0
19 4 10 3 0 0 0 0
17 4 10 3 0 0 0 0
17 4 7 3 0 0 0 0
14 4 6 3 0 0 0 0
5 2 3 1 0 0 0 0
5 2 3 1 0 0 0 0
5 2 3 1 0 0 0 0
5 2 3 1 0 0 0 0
5 2 3 1 0 0 0 0
5 2 3 1 0 0 0 0
5 2 3 1 0 0 0 0
5 2 3 1 0 0 0 0
5 2 3 1 0 0 0 0
5 2 3 1 0 0 0 0
22 3 11 2 0 0 0 0
16 3 8 3 0 0 0 0
18 3 10 2 0 0 0 0
18 3 10 3 0 0 0 0
25 3 12 2 0 0 0 0
17 2 10 1 0 0 0 0
45 3 41 2 0 0 0 0
15 3 7 2 0 0 0 0
20 3 11 3 0 0 0 0
19 3 9 2 0 0 0 0
28 3 14 2 0 0 0 0
15 3 9 2 0 0 0 0
34 3 17 2 0 0 0 0
19 2 10 2 0 0 0 0
19 2 9 2 0 0 0 0
18 2 11 2 0 0 0 0
35 3 14 2 0 0 0 0
22 4 11 2 0 0 0 0
24 1 12 1 0 0 0 0
20 3 10 3 0 0 0 0
18 4 9 3 0 0 0 0
16 2 9 2 0 0 0 0
16 2 8 2 0 0 0 0
20 4 10 3 0 0 0 0
21 4 11 2 0 0 0 0
23 4 16 2 0 0 0 0
17 4 9 2 0 0 0 0
26 4 14 3 0 0 0 0
25 4 14 3 0 0 0 0
20 2 9 1 0 0 0 0
18 3 10 2 0 0 0 0
24 3 11 3 0 0 0 0
25 4 12 3 0 0 0 0
29 3 13 2 0 0 0 0
22 3 11 2 0 0 0 0
24 3 14 2 0 0 0 0
16 4 8 3 0 0 0 0
17 3 9 2 0 0 0 0
20 2 11 2 0 0 0 0
24 3 10 2 0 0 0 0
15 3 8 2 0 0 0 0
17 4 7 4 0 0 0 0
13 3 7 2 0 0 0 0
23 4 11 2 0 0 0 0
17 3 8 3 0 0 0 0
17 2 10 1 0 0 0 0
12 3 6 2 0 0 0 0
16 3 9 2 0 0 0 0
26 3 13 2 0 0 0 0
26 4 12 3 0 0 0 0
27 4 15 3 0 0 0 0
19 4 10 3 0 0 0 0
22 4 11 2 0 0 0 0
20 3 10 2 0 0 0 0
24 5 11 4 0 0 0 0
30 4 10 4 0 0 0 0
20 3 10 3 0 0 0 0
18 3 9 2 0 0 0 0
17 3 12 3 0 0 0 0
20 4 10 3 0 0 0 0
29 3 14 3 0 0 0 0
18 3 10 2 0 0 0 0
32 3 16 2 0 0 0 0
18 3 7 2 0 0 0 0
22 3 12 2 0 0 0 0
16 2 8 1 0 0 0 0
28 2 14 1 0 0 0 0
17 4 8 3 0 0 0 0
20 4 8 3 0 0 0 0
16 3 8 2 0 0 0 0
15 3 9 2 0 0 0 0
24 5 12 4 0 0 0 0
18 3 9 2 0 0 0 0
29 3 11 2 0 0 0 0
31 3 10 3 0 0 0 0
23 3 13 2 0 0 0 0
20 4 10 3 0 0 0 0
22 4 11 3 0 0 0 0
22 3 11 3 0 0 0 0
19 4 10 3 0 0 0 0
19 3 6 3 0 0 0 0
20 3 11 2 0 0 0 0
27 4 14 3 0 0 0 0
24 3 13 2 0 0 0 0
20 2 10 2 0 0 0 0
24 2 12 2 0 0 0 0
14 3 9 2 0 0 0 0
18 3 9 2 0 0 0 0
16 3 9 2 0 0 0 0
19 3 10 2 0 0 0 0
16 2 8 1 0 0 0 0
18 3 8 2 0 0 0 0
18 4 8 2 0 0 0 0
19 3 10 2 0 0 0 0
14 3 7 2 0 0 0 0
20 3 10 3 0 0 0 0
14 3 7 2 0 0 0 0
17 4 9 3 0 0 0 0
23 3 12 2 0 0 0 0
19 2 10 1 0 0 0 0
31 4 12 4 0 0 0 0
14 3 7 2 0 0 0 0
21 4 11 3 0 0 0 0
20 3 9 2 0 0 0 0
20 3 10 2 0 0 0 0
19 3 11 2 0 0 0 0
18 4 10 3 0 0 0 0
18 4 9 2 0 0 0 0
19 4 11 3 0 0 0 0
17 5 10 4 0 0 0 0
22 5 12 4 0 0 0 0
18 4 9 3 0 0 0 0
31 5 17 3 0 0 0 0
22 4 11 3 0 0 0 0
23 3 11 3 0 0 0 0
26 3 10 2 0 0 0 0
25 3 14 3 0 0 0 0
23 4 11 4 0 0 0 0
13 3 6 2 0 0 0 0
17 3 11 3 0 0 0 0
18 4 10 2 0 0 0 0
20 3 10 2 0 0 0 0
17 3 7 2 0 0 0 0
18 3 10 2 0 0 0 0
23 3 11 2 0 0 0 0
22 3 11 2 0 0 0 0
2 1 1 1 0 0 0 0
2 1 1 1 0 0 0 0
2 1 1 1 0 0 0 0
2 1 1 1 0 0 0 0
2 1 1 1 0 0 0 0
2 1 1 1 0 0 0 0
2 1 1 1 0 0 0 0
2 1 1 1 0 0 0 0
2 1 1 1 0 0 0 0
2 1 1 1 0 0 0 0
19 3 10 2 0 0 0 0
16 3 8 3 0 0 0 0
21 4 11 2 0 0 0 0
18 3 10 2 0 0 0 0
21 4 12 3 0 0 0 0
13 3 5 2 0 0 0 0
17 3 8 2 0 0 0 0
22 3 11 2 0 0 0 0
15 3 9 2 0 0 0 0
15 4 8 3 0 0 0 0
14 4 7 3 0 0 0 0
17 4 9 2 0 0 0 0
18 3 8 2 0 0 0 0
19 5 11 4 0 0 0 0
45 5 41 3 0 0 0 0
19 4 9 2 0 0 0 0
20 4 11 3 0 0 0 0
16 5 8 3 0 0 0 0
25 5 13 3 0 0 0 0
23 3 11 3 0 0 0 0
14 4 5 2 0 0 0 0
22 4 10 3 0 0 0 0
20 3 10 2 0 0 0 0
21 3 11 2 0 0 0 0
28 5 14 3 0 0 0 0
16 4 10 3 0 0 0 0
36 5 17 4 0 0 0 0
21 5 10 4 0 0 0 0
24 4 12 3 0 0 0 0
19 5 8 3 0 0 0 0
28 5 14 3 0 0 0 0
24 5 13 3 0 0 0 0
15 4 6 3 0 0 0 0
18 4 10 3 0 0 0 0
16 4 8 2 0 0 0 0
24 4 11 3 0 0 0 0
20 3 10 2 0 0 0 0
17 3 8 2 0 0 0 0
19 2 11 2 0 0 0 0
21 3 15 2 0 0 0 0
18 3 8 3 0 0 0 0
21 3 10 3 0 0 0 0
23 4 11 3 0 0 0 0
16 3 8 2 0 0 0 0
13 3 10 2 0 0 0 0
34 3 14 3 0 0 0 0
27 2 11 2 0 0 0 0
24 2 14 2 0 0 0 0
21 5 10 3 0 0 0 0
22 4 10 3 0 0 0 0
17 3 9 3 0 0 0 0
17 5 8 3 0 0 0 0
16 5 8 4 0 0 0 0
31 5 10 4 0 0 0 0
18 4 11 3 0 0 0 0
18 4 9 3 0 0 0 0
22 5 12 3 0 0 0 0
26 4 12 3 0 0 0 0
16 4 8 3 0 0 0 0
13 4 6 3 0 0 0 0
12 4 6 3 0 0 0 0
20 4 13 2 0 0 0 0
11 3 5 2 0 0 0 0
20 3 12 2 0 0 0 0
23 3 14 2 0 0 0 0
19 3 9 2 0 0 0 0
17 3 10 2 0 0 0 0
18 3 9 2 0 0 0 0
26 3 13 2 0 0 0 0
20 3 9 2 0 0 0 0
20 2 10 2 0 0 0 0
17 2 9 2 0 0 0 0
20 3 9 2 0 0 0 0
16 2 9 2 0 0 0 0
37 3 19 2 0 0 0 0
18 4 8 3 0 0 0 0
20 4 10 3 0 0 0 0
22 5 10 3 0 0 0 0
41 3 11 2 0 0 0 0
15 3 8 2 0 0 0 0
23 3 14 2 0 0 0 0
23 3 12 2 0 0 0 0
14 3 7 2 0 0 0 0
21 3 9 2 0 0 0 0
19 3 9 2 0 0 0 0
22 3 11 2 0 0 0 0
21 4 11 3 0 0 0 0
22 3 12 3 0 0 0 0
22 3 11 2 0 0 0 0
19 4 14 3 0 0 0 0
19 3 9 2 0 0 0 0
24 3 11 3 0 0 0 0
29 4 16 3 0 0 0 0
17 3 8 2 0 0 0 0
8 2 2 1 0 0 0 0
8 2 2 1 0 0 0 0
8 2 2 1 0 0 0 0
8 2 2 1 0 0 0 0
8 2 2 1 0 0 0 0
8 2 2 1 0 0 0 0
8 2 2 1 0 0 0 0
8 2 2 1 0 0 0 0
8 2 2 1 0 0 0 0
8 2 2 1 0 0 0 0
18 3 11 2 0 0 0 0
17 3 8 2 0 0 0 0
16 2 7 2 0 0 0 0
29 3 10 3 0 0 0 0
18 3 7 3 0 0 0 0
15 2 7 2 0 0 0 0
47 2 41 2 0 0 0 0
19 3 9 2 0 0 0 0
18 4 9 2 0 0 0 0
16 3 10 2 0 0 0 0
26 3 13 2 0 0 0 0
17 4 9 3 0 0 0 0
18 4 9 3 0 0 0 0
16 4 9 3 0 0 0 0
27 4 15 3 0 0 0 0
16 3 8 2 0 0 0 0
15 4 5 2 0 0 0 0
15 3 6 2 0 0 0 0
16 4 8 2 0 0 0 0
17 3 10 3 0 0 0 0
34 4 17 3 0 0 0 0
20 3 9 2 0 0 0 0
22 4 11 3 0 0 0 0
17 2 11 1 0 0 0 0
23 3 11 2 0 0 0 0
17 3 7 2 0 0 0 0
25 4 13 3 0 0 0 0
20 4 10 3 0 0 0 0
27 4 8 3 0 0 0 0
20 4 9 3 0 0 0 0
16 3 10 2 0 0 0 0
32 3 9 3 0 0 0 0
20 4 10 3 0 0 0 0
21 3 11 2 0 0 0 0
22 3 11 2 0 0 0 0
25 4 16 3 0 0 0 0
18 4 9 3 0 0 0 0
26 4 11 3 0 0 0 0
22 3 11 2 0 0 0 0
20 4 12 3 0 0 0 0
16 4 8 3 0 0 0 0
37 4 18 3 0 0 0 0
27 5 12 3 0 0 0 0
17 5 10 3 0 0 0 0
22 4 13 3 0 0 0 0
24 5 12 3 0 0 0 0
18 3 10 2 0 0 0 0
18 3 11 2 0 0 0 0
14 3 6 2 0 0 0 0
20 4 10 3 0 0 0 0
20 4 13 3 0 0 0 0
21 4 10 3 0 0 0 0
19 4 11 3 0 0 0 0
34 4 11 2 0 0 0 0
26 4 24 2 0 0 0 0
24 4 9 3 0 0 0 0
17 4 7 3 0 0 0 0
18 3 9 2 0 0 0 0
18 3 8 3 0 0 0 0
18 4 12 3 0 0 0 0
27 3 14 3 0 0 0 0
20 3 9 2 0 0 0 0
19 4 11 3 0 0 0 0
20 3 11 2 0 0 0 0
22 2 12 2 0 0 0 0
16 3 11 2 0 0 0 0
15 2 6 2 0 0 0 0
20 3 10 2 0 0 0 0
23 3 10 2 0 0 0 0
22 5 11 3 0 0 0 0
32 4 18 3 0 0 0 0
27 5 9 4 0 0 0 0
28 5 14 3 0 0 0 0
18 4 9 3 0 0 0 0
18 3 8 2 0 0 0 0
18 4 8 3 0 0 0 0
18 3 9 2 0 0 0 0
21 4 12 3 0 0 0 0
21 3 9 2 0 0 0 0
23 3 20 3 0 0 0 0
16 3 11 2 0 0 0 0
22 3 11 3 0 0 0 0
18 3 10 2 0 0 0 0
33 3 9 3 0 0 0 0
24 3 11 3 0 0 0 0
22 2 12 2 0 0 0 0
18 3 8 2 0 0 0 0
20 2 12 2 0 0 0 0
32 3 15 2 0 0 0 0
15 2 8 1 0 0 0 0
15 2 9 2 0 0 0 0
30 3 15 2 0 0 0 0
27 4 13 3 0 0 0 0
17 4 9 2 0 0 0 0
24 3 12 2 0 0 0 0
15 4 8 2 0 0 0 0
19 5 9 3 0 0 0 0
21 4 12 3 0 0 0 0
16 3 7 2 0 0 0 0
18 4 10 2 0 0 0 0
22 5 12 3 0 0 0 0
19 4 9 2 0 0 0 0
17 4 8 3 0 0 0 0
24 4 11 3 0 0 0 0
19 3 8 2 0 0 0 0
11 3 5 2 0 0 0 0
4 1 2 1 0 0 0 0
4 1 2 1 0 0 0 0
4 1 2 1 0 0 0 0
4 1 2 1 0 0 0 0
4 1 2 1 0 0 0 0
4 1 2 1 0 0 0 0
4 1 2 1 0 0 0 0
4 1 2 1 0 0 0 0
4 1 2 1 0 0 0 0
4 1 2 1 0 0 0 0
16 3 7 2 0 0 0 0
18 3 10 3 0 0 0 0
19 3 11 2 0 0 0 0
18 3 10 2 0 0 0 0
34 3 16 2 0 0 0 0
22 3 12 2 0 0 0 0
17 3 8 2 0 0 0 0
23 3 10 2 0 0 0 0
22 3 11 2 0 0 0 0
16 3 6 2 0 0 0 0
28 3 14 3 0 0 0 0
22 3 11 2 0 0 0 0
17 3 8 2 0 0 0 0
19 3 10 2 0 0 0 0
26 4 13 4 0 0 0 0
18 4 11 3 0 0 0 0
22 3 10 2 0 0 0 0
27 3 11 2 0 0 0 0
16 3 9 2 0 0 0 0
20 3 11 3 0 0 0 0
18 2 8 2 0 0 0 0
22 3 11 2 0 0 0 0
22 2 12 1 0 0 0 0
16 4 8 3 0 0 0 0
21 4 10 2 0 0 0 0
30 3 14 2 0 0 0 0
22 2 11 2 0 0 0 0
15 2 7 1 0 0 0 0
21 3 12 2 0 0 0 0
26 4 14 3 0 0 0 0
18 4 9 3 0 0 0 0
21 4 10 3 0 0 0 0
17 4 9 3 0 0 0 0
19 3 9 2 0 0 0 0
23 3 13 2 0 0 0 0
19 4 8 3 0 0 0 0
16 5 8 3 0 0 0 0
21 4 11 3 0 0 0 0
18 5 9 3 0 0 0 0
16 5 8 3 0 0 0 0
20 4 10 3 0 0 0 0
22 6 11 5 0 0 0 0
21 4 10 3 0 0 0 0
18 4 11 3 0 0 0 0
21 5 12 4 0 0 0 0
18 5 9 4 0 0 0 0
26 5 12 3 0 0 0 0
33 4 9 3 0 0 0 0
20 5 10 3 0 0 0 0
21 5 12 4 0 0 0 0
17 4 8 3 0 0 0 0
17 4 8 3 0 0 0 0
20 4 11 3 0 0 0 0
22 4 12 3 0 0 0 0
37 5 19 4 0 0 0 0
21 4 11 3 0 0 0 0
20 5 11 4 0 0 0 0
17 4 9 3 0 0 0 0
22 3 12 2 0 0 0 0
26 5 12 3 0 0 0 0
24 4 11 3 0 0 0 0
21 5 12 3 0 0 0 0
20 5 9 4 0 0 0 0
23 3 10 3 0 0 0 0
16 3 8 3 0 0 0 0
21 5 11 3 0 0 0 0
15 3 8 2 0 0 0 0
22 4 11 3 0 0 0 0
27 4 12 3 0 0 0 0
19 4 9 3 0 0 0 0
20 4 9 3 0 0 0 0
31 4 11 3 0 0 0 0
31 5 15 3 0 0 0 0
18 4 10 3 0 0 0 0
16 4 9 3 0 0 0 0
29 4 14 2 0 0 0 0
22 5 12 4 0 0 0 0
12 4 6 2 0 0 0 0
24 4 12 4 0 0 0 0
16 5 8 3 0 0 0 0
18 5 9 4 0 0 0 0
18 5 10 3 0 0 0 0
46 3 44 2 0 0 0 0
21 4 9 3 0 0 0 0
24 3 12 2 0 0 0 0
16 4 8 3 0 0 0 0
16 4 7 3 0 0 0 0
33 5 11 3 0 0 0 0
15 4 7 3 0 0 0 0
4 1 2 1 0 0 0 0
4 1 2 1 0 0 0 0
4 1 2 1 0 0 0 0
4 1 2 1 0 0 0 0
4 1 2 1 0 0 0 0
4 1 2 1 0 0 0 0
4 1 2 1 0 0 0 0
4 1 2 1 0 0 0 0
4 1 2 1 0 0 0 0
4 1 2 1 0 0 0 0
18 4 9 3 0 0 0 0
17 5 9 3 0 0 0 0
11 4 6 3 0 0 0 0
18 3 9 3 0 0 0 0
22 4 11 3 0 0 0 0
34 5 17 3 0 0 0 0
20 5 12 4 0 0 0 0
24 4 12 4 0 0 0 0
21 4 10 3 0 0 0 0
23 6 13 3 0 0 0 0
24 6 12 4 0 0 0 0
26 4 13 3 0 0 0 0
18 4 12 3 0 0 0 0
16 5 7 3 0 0 0 0
20 4 9 3 0 0 0 0
14 4 7 3 0 0 0 0
18 4 9 3 0 0 0 0
19 5 12 4 0 0 0 0
27 4 16 4 0 0 0 0
20 4 11 3 0 0 0 0
27 4 13 4 0 0 0 0
22 5 11 3 0 0 0 0
25 4 13 3 0 0 0 0
24 5 14 4 0 0 0 0
15 4 7 3 0 0 0 0
36 3 12 3 0 0 0 0
26 3 13 2 0 0 0 0
15 3 7 2 0 0 0 0
15 4 7 3 0 0 0 0
22 3 10 2 0 0 0 0
24 3 13 3 0 0 0 0
30 3 9 2 0 0 0 0
21 4 13 2 0 0 0 0
21 4 9 4 0 0 0 0
16 5 9 3 0 0 0 0
30 4 15 3 0 0 0 0
16 4 7 4 0 0 0 0
14 3 6 3 0 0 0 0
22 3 12 2 0 0 0 0
16 3 8 2 0 0 0 0
20 3 6 3 0 0 0 0
15 3 7 3 0 0 0 0
22 2 10 2 0 0 0 0
24 3 11 3 0 0 0 0
20 4 10 2 0 0 0 0
19 4 10 3 0 0 0 0
16 2 8 2 0 0 0 0
18 4 9 3 0 0 0 0
20 4 12 3 0 0 0 0
27 5 13 3 0 0 0 0
20 4 10 4 0 0 0 0
19 4 8 3 0 0 0 0
19 4 10 3 0 0 0 0
18 4 9 3 0 0 0 0
19 5 8 3 0 0 0 0
32 3 17 2 0 0 0 0
16 4 10 3 0 0 0 0
17 4 8 3 0 0 0 0
20 4 9 4 0 0 0 0
22 5 11 4 0 0 0 0
24 3 12 3 0 0 0 0
29 3 14 2 0 0 0 0
16 3 10 2 0 0 0 0
16 3 8 3 0 0 0 0
18 4 8 4 0 0 0 0
22 5 12 4 0 0 0 0
23 3 10 3 0 0 0 0
19 3 10 3 0 0 0 0
21 4 12 3 0 0 0 0
21 3 11 3 0 0 0 0
18 3 11 3 0 0 0 0
18 3 9 3 0 0 0 0
25 4 14 4 0 0 0 0
26 5 14 4 0 0 0 0
21 4 11 4 0 0 0 0
23 3 14 2 0 0 0 0
29 4 15 3 0 0 0 0
22 2 14 2 0 0 0 0
21 2 11 2 0 0 0 0
22 4 12 4 0 0 0 0
28 4 12 3 0 0 0 0
22 4 12 3 0 0 0 0
25 5 13 4 0 0 0 0
24 4 12 3 0 0 0 0
16 3 10 3 0 0 0 0
23 3 12 2 0 0 0 0
16 3 10 2 0 0 0 0
19 4 8 3 0 0 0 0
21 3 11 3 0 0 0 0
17 2 8 2 0 0 0 0
21 3 7 2 0 0 0 0
13 3 6 3 0 0 0 0
20 4 11 3 0 0 0 0
14 5 8 3 0 0 0 0
20 4 11 3 0 0 0 0
19 5 10 3 0 0 0 0
16 4 10 3 0 0 0 0
25 4 15 3 0 0 0 0
24 4 13 3 0 0 0 0
13 4 7 3 0 0 0 0
21 5 12 4 0 0 0 0
14 4 7 3 0 0 0 0
18 3 8 3 0 0 0 0
18 3 11 2 0 0 0 0
24 3 10 2 0 0 0 0
34 3 18 2 0 0 0 0
17 2 11 2 0 0 0 0
4 1 2 1 0 0 0 0
4 1 2 1 0 0 0 0
4 1 2 1 0 0 0 0
4 1 2 1 0 0 0 0
4 1 2 1 0 0 0 0
4 1 2 1 0 0 0 0
4 1 2 1 0 0 0 0
4 1 2 1 0 0 0 0
4 1 2 1 0 0 0 0
4 1 2 1 0 0 0 0
20 4 9 2 0 0 0 0
20 4 12 3 0 0 0 0
27 4 14 3 0 0 0 0
22 4 12 3 0 0 0 0
26 4 12 3 0 0 0 0
27 5 14 4 0 0 0 0
24 4 15 2 0 0 0 0
22 4 12 3 0 0 0 0
27 4 14 3 0 0 0 0
28 4 15 3 0 0 0 0
33 4 28 3 0 0 0 0
27 4 14 4 0 0 0 0
22 4 11 3 0 0 0 0
19 4 12 3 0 0 0 0
22 4 11 3 0 0 0 0
22 3 12 2 0 0 0 0
19 4 10 3 0 0 0 0
27 4 14 3 0 0 0 0
19 3 9 3 0 0 0 0
21 4 11 3 0 0 0 0
18 4 9 3 0 0 0 0
27 4 13 2 0 0 0 0
20 4 12 3 0 0 0 0
30 4 12 3 0 0 0 0
17 3 8 3 0 0 0 0
21 4 12 3 0 0 0 0
29 3 15 2 0 0 0 0
20 3 13 2 0 0 0 0
21 3 10 3 0 0 0 0
19 4 9 3 0 0 0 0
28 4 14 2 0 0 0 0
19 4 9 3 0 0 0 0
21 4 11 2 0 0 0 0
25 5 13 3 0 0 0 0
15 3 7 3 0 0 0 0
18 3 8 3 0 0 0 0
17 4 10 3 0 0 0 0
20 4 11 3 0 0 0 0
34 4 18 3 0 0 0 0
18 4 9 3 0 0 0 0
16 4 11 3 0 0 0 0
18 4 9 3 0 0 0 0
24 4 12 3 0 0 0 0
23 4 13 3 0 0 0 0
27 3 15 2 0 0 0 0
22 3 11 2 0 0 0 0
14 3 7 2 0 0 0 0
22 4 10 3 0 0 0 0
19 4 11 3 0 0 0 0
18 3 11 2 0 0 0 0
23 4 12 3 0 0 0 0
19 3 12 2 0 0 0 0
17 4 9 2 0 0 0 0
17 4 11 3 0 0 0 0
19 4 10 3 0 0 0 0
22 4 14 3 0 0 0 0
22 3 10 2 0 0 0 0
18 3 9 3 0 0 0 0
23 3 12 3 0 0 0 0
24 4 13 3 0 0 0 0
23 4 12 2 0 0 0 0
27 4 14 3 0 0 0 0
18 5 11 3 0 0 0 0
21 5 12 3 0 0 0 0
18 4 9 3 0 0 0 0
20 4 10 3 0 0 0 0
19 5 10 3 0 0 0 0
18 3 10 2 0 0 0 0
23 4 12 3 0 0 0 0
16 4 8 3 0 0 0 0
18 4 7 2 0 0 0 0
24 5 13 3 0 0 0 0
16 4 8 3 0 0 0 0
16 5 8 3 0 0 0 0
16 4 7 3 0 0 0 0
23 4 11 3 0 0 0 0
42 4 13 2 0 0 0 0
21 4 10 3 0 0 0 0
18 5 12 3 0 0 0 0
16 5 8 3 0 0 0 0
23 5 12 3 0 0 0 0
20 4 12 3 0 0 0 0
23 3 11 2 0 0 0 0
22 4 11 3 0 0 0 0
18 4 9 3 0 0 0 0
19 3 10 3 0 0 0 0
23 3 11 3 0 0 0 0
17 3 8 2 0 0 0 0
4 1 2 1 0 0 0 0
4 1 2 1 0 0 0 0
4 1 2 1 0 0 0 0
4 1 2 1 0 0 0 0
4 1 2 1 0 0 0 0
4 1 2 1 0 0 0 0
4 1 2 1 0 0 0 0
4 1 2 1 0 0 0 0
4 1 2 1 0 0 0 0
10 3 5 2 0 0 0 0
20 3 11 2 0 0 0 0
22 4 10 3 0 0 0 0
21 4 10 3 0 0 0 0
28 5 17 4 0 0 0 0
24 3 12 2 0 0 0 0
20 4 9 3 0 0 0 0
20 5 10 3 0 0 0 0
23 4 12 3 0 0 0 0
19 4 9 3 0 0 0 0
22 3 11 3 0 0 0 0
25 2 12 2 0 0 0 0
28 3 13 2 0 0 0 0
22 3 11 3 0 0 0 0
27 2 13 2 0 0 0 0
18 3 9 2 0 0 0 0
20 3 9 2 0 0 0 0
13 4 5 3 0 0 0 0
23 3 12 3 0 0 0 0
18 3 9 2 0 0 0 0
18 3 9 3 0 0 0 0
18 3 8 2 0 0 0 0
22 5 10 3 0 0 0 0
17 5 10 3 0 0 0 0
23 4 12 3 0 0 0 0
20 4 10 3 0 0 0 0
20 4 10 3 0 0 0 0
17 4 8 3 0 0 0 0
21 3 11 2 0 0 0 0
26 3 14 3 0 0 0 0
27 5 14 3 0 0 0 0
21 5 10 4 0 0 0 0
15 4 7 3 0 0 0 0
15 5 8 4 0 0 0 0
23 5 12 3 0 0 0 0
26 5 13 3 0 0 0 0
21 4 13 3 0 0 0 0
19 5 9 3 0 0 0 0
23 4 11 3 0 0 0 0
18 5 9 3 0 0 0 0
20 3 11 3 0 0 0 0
38 5 17 3 0 0 0 0
18 4 11 3 0 0 0 0
24 5 11 3 0 0 0 0
29 4 8 2 0 0 0 0
28 3 14 2 0 0 0 0
31 4 12 3 0 0 0 0
17 3 9 3 0 0 0 0
17 3 10 3 0 0 0 0
19 4 9 3 0 0 0 0
17 4 11 2 0 0 0 0
21 3 11 3 0 0 0 0
20 3 10 2 0 0 0 0
26 3 8 2 0 0 0 0
31 4 12 2 0 0 0 0
28 4 11 3 0 0 0 0
46 4 43 3 0 0 0 0
19 4 11 3 0 0 0 0
24 4 11 2 0 0 0 0
18 4 9 2 0 0 0 0
13 4 6 3 0 0 0 0
12 3 5 2 0 0 0 0
26 5 13 4 0 0 0 0
24 6 13 4 0 0 0 0
15 4 7 3 0 0 0 0
20 4 10 3 0 0 0 0
16 4 10 2 0 0 0 0
14 4 7 2 0 0 0 0
25 3 11 2 0 0 0 0
13 4 6 3 0 0 0 0
18 4 9 3 0 0 0 0
23 3 11 3 0 0 0 0
18 3 8 2 0 0 0 0
20 3 7 3 0 0 0 0
20 3 11 2 0 0 0 0
19 4 12 3 0 0 0 0
14 4 6 3 0 0 0 0
16 5 7 3 0 0 0 0
39 5 10 3 0 0 0 0
24 3 12 2 0 0 0 0
19 4 9 2 0 0 0 0
24 4 12 3 0 0 0 0
20 4 8 3 0 0 0 0
21 5 9 4 0 0 0 0
20 4 9 3 0 0 0 0
23 4 10 3 0 0 0 0
18 4 11 3 0 0 0 0
21 5 9 3 0 0 0 0
16 5 9 3 0 0 0 0
32 3 16 3 0 0 0 0
19 5 11 3 0 0 0 0
26 5 13 4 0 0 0 0
22 5 11 4 0 0 0 0
21 5 10 4 0 0 0 0
18 5 8 4 0 0 0 0
22 5 11 3 0 0 0 0
23 4 10 3 0 0 0 0
20 5 10 4 0 0 0 0
19 5 9 3 0 0 0 0
3 2 2 1 0 0 0 0
3 2 2 1 0 0 0 0
3 2 2 1 0 0 0 0
3 2 2 1 0 0 0 0
3 2 2 1 0 0 0 0
3 2 2 1 0 0 0 0
3 2 2 1 0 0 0 0
3 2 2 1 0 0 0 0
3 2 2 1 0 0 0 0
3 2 2 1 0 0 0 0
3 2 2 1 0 0 0 0
15 4 9 3 0 0 0 0
26 3 13 3 0 0 0 0
32 4 16 3 0 0 0 0
27 3 14 2 0 0 0 0
17 4 7 3 0 0 0 0
21 3 11 3 0 0 0 0
17 4 10 4 0 0 0 0
19 3 7 2 0 0 0 0
22 4 11 3 0 0 0 0
17 3 9 2 0 0 0 0
17 3 9 3 0 0 0 0
21 5 11 4 0 0 0 0
21 4 10 3 0 0 0 0
14 4 7 3 0 0 0 0
20 4 9 3 0 0 0 0
19 5 9 3 0 0 0 0
19 5 10 3 0 0 0 0
18 4 9 3 0 0 0 0
26 3 10 2 0 0 0 0
27 3 14 2 0 0 0 0
18 2 9 2 0 0 0 0
28 3 12 2 0 0 0 0
14 4 8 4 0 0 0 0
21 5 12 3 0 0 0 0
23 4 12 3 0 0 0 0
21 4 10 3 0 0 0 0
22 5 13 3 0 0 0 0
18 5 9 4 0 0 0 0
19 4 9 4 0 0 0 0
34 3 18 3 0 0 0 0
18 3 11 2 0 0 0 0
30 3 13 2 0 0 0 0
20 3 9 2 0 0 0 0
23 4 11 4 0 0 0 0
15 4 8 3 0 0 0 0
28 4 14 3 0 0 0 0
19 3 12 2 0 0 0 0
14 3 7 2 0 0 0 0
18 3 9 3 0 0 0 0
17 4 10 2 0 0 0 0
15 3 7 3 0 0 0 0
21 4 9 3 0 0 0 0
22 3 11 2 0 0 0 0
34 2 10 2 0 0 0 0
20 4 15 4 0 0 0 0
29 4 14 4 0 0 0 0
22 4 11 4 0 0 0 0
16 4 9 4 0 0 0 0
28 3 13 3 0 0 0 0
19 5 9 4 0 0 0 0
21 4 10 3 0 0 0 0
26 3 14 2 0 0 0 0
31 3 16 2 0 0 0 0
24 4 12 4 0 0 0 0
13 3 6 2 0 0 0 0
16 3 9 3 0 0 0 0
24 4 11 3 0 0 0 0
16 3 7 3 0 0 0 0
18 4 11 3 0 0 0 0
16 4 10 3 0 0 0 0
22 3 11 2 0 0 0 0
24 4 12 3 0 0 0 0
16 4 10 2 0 0 0 0
12 3 5 3 0 0 0 0
14 5 8 4 0 0 0 0
20 4 8 4 0 0 0 0
16 5 8 4 0 0 0 0
34 3 14 3 0 0 0 0
22 4 10 3 0 0 0 0
16 4 7 3 0 0 0 0
21 4 9 3 0 0 0 0
24 4 12 3 0 0 0 0
16 4 9 3 0 0 0 0
16 5 8 3 0 0 0 0
21 3 10 3 0 0 0 0
21 3 11 3 0 0 0 0
19 4 9 3 0 0 0 0
17 4 11 3 0 0 0 0
16 4 9 2 0 0 0 0
32 3 16 3 0 0 0 0
20 4 11 2 0 0 0 0
26 4 13 3 0 0 0 0
17 3 8 2 0 0 0 0
22 2 11 2 0 0 0 0
15 3 8 3 0 0 0 0
23 3 12 2 0 0 0 0
20 3 12 2 0 0 0 0
15 4 7 3 0 0 0 0
15 5 8 3 0 0 0 0
16 4 9 3 0 0 0 0
45 4 43 3 0 0 0 0
20 3 11 2 0 0 0 0
19 3 10 3 0 0 0 0
24 3 12 3 0 0 0 0
28 4 12 3 0 0 0 0
21 3 10 2 0 0 0 0
17 3 8 2 0 0 0 0
21 4 10 3 0 0 0 0
28 5 16 4 0 0 0 0
21 4 10 3 0 0 0 0
21 3 11 2 0 0 0 0
32 4 13 2 0 0 0 0
4 1 2 1 0 0 0 0
4 1 2 1 0 0 0 0
4 1 2 1 0 0 0 0
4 1 2 1 0 0 0 0
4 1 2 1 0 0 0 0
4 1 2 1 0 0 0 0
4 1 2 1 0 0 0 0
4 1 2 1 0 0 0 0
4 1 2 1 0 0 0 0
4 1 2 1 0 0 0 0
4 1 2 1 0 0 0 0
4 1 2 1 0 0 0 0
8 3 4 2 0 0 0 0
15 5 8 3 0 0 0 0
6 1 3 1 0 0 0 0
27 4 15 2 0 0 0 0
18 4 12 2 0 0 0 0
14 3 7 3 0 0 0 0
17 3 9 2 0 0 0 0
20 4 13 4 0 0 0 0
24 4 11 2 0 0 0 0
17 3 7 2 0 0 0 0
23 3 12 3 0 0 0 0
20 4 10 3 0 0 0 0
18 4 10 3 0 0 0 0
18 3 10 3 0 0 0 0
16 4 10 3 0 0 0 0
32 4 16 3 0 0 0 0
19 4 10 2 0 0 0 0
26 4 14 3 0 0 0 0
17 4 9 2 0 0 0 0
23 5 11 4 0 0 0 0
16 4 10 3 0 0 0 0
28 4 14 3 0 0 0 0
24 3 12 2 0 0 0 0
28 4 9 3 0 0 0 0
18 4 10 2 0 0 0 0
20 3 11 3 0 0 0 0
18 3 10 3 0 0 0 0
15 2 8 2 0 0 0 0
17 3 7 2 0 0 0 0
23 2 11 2 0 0 0 0
27 3 14 2 0 0 0 0
24 3 12 2 0 0 0 0
18 4 8 3 0 0 0 0
18 4 10 4 0 0 0 0
37 4 11 2 0 0 0 0
23 3 11 2 0 0 0 0
27 3 9 2 0 0 0 0
25 4 13 3 0 0 0 0
37 5 11 4 0 0 0 0
26 4 13 3 0 0 0 0
16 4 7 4 0 0 0 0
20 5 13 3 0 0 0 0
20 4 9 3 0 0 0 0
21 5 10 3 0 0 0 0
22 6 11 4 0 0 0 0
23 5 11 4 0 0 0 0
21 5 11 4 0 0 0 0
24 4 12 3 0 0 0 0
21 4 10 3 0 0 0 0
17 4 9 3 0 0 0 0
21 4 10 3 0 0 0 0
17 4 7 3 0 0 0 0
22 5 10 3 0 0 0 0
24 5 12 4 0 0 0 0
28 4 11 2 0 0 0 0
18 4 8 3 0 0 0 0
20 4 10 3 0 0 0 0
20 4 10 4 0 0 0 0
18 4 9 3 0 0 0 0
18 4 9 3 0 0 0 0
18 5 10 3 0 0 0 0
23 4 11 3 0 0 0 0
27 4 13 3 0 0 0 0
24 4 11 3 0 0 0 0
18 3 10 2 0 0 0 0
32 3 16 3 0 0 0 0
24 3 12 3 0 0 0 0
29 4 13 3 0 0 0 0
19 3 10 2 0 0 0 0
22 4 10 3 0 0 0 0
17 3 9 2 0 0 0 0
26 3 13 2 0 0 0 0
20 3 10 3 0 0 0 0
20 2 8 2 0 0 0 0
19 5 9 4 0 0 0 0
21 4 11 3 0 0 0 0
21 4 10 3 0 0 0 0
17 4 7 3 0 0 0 0
20 4 11 3 0 0 0 0
23 4 12 3 0 0 0 0
27 4 12 2 0 0 0 0
22 4 10 2 0 0 0 0
20 4 10 3 0 0 0 0
16 3 8 2 0 0 0 0
25 4 14 3 0 0 0 0
28 3 11 3 0 0 0 0
20 4 10 2 0 0 0 0
28 4 15 3 0 0 0 0
29 3 13 2 0 0 0 0
20 3 10 3 0 0 0 0
19 3 8 3 0 0 0 0
18 3 10 3 0 0 0 0
21 3 10 2 0 0 0 0
18 4 12 3 0 0 0 0
21 4 11 2 0 0 0 0
15 3 7 2 0 0 0 0
22 3 10 3 0 0 0 0
20 4 9 3 0 0 0 0
24 4 12 3 0 0 0 0
16 3 7 2 0 0 0 0
3 1 2 1 0 0 0 0
3 1 2 1 0 0 0 0
3 1 2 1 0 0 0 0
3 1 2 1 0 0 0 0
3 1 2 1 0 0 0 0
3 1 2 1 0 0 0 0
3 1 2 1 0 0 0 0
3 1 2 1 0 0 0 0
3 1 2 1 0 0 0 0
3 1 2 1 0 0 0 0
16 3 7 2 0 0 0 0
23 4 12 3 0 0 0 0
40 4 12 4 0 0 0 0
31 4 10 2 0 0 0 0
20 5 10 3 0 0 0 0
17 3 9 2 0 0 0 0
29 4 10 3 0 0 0 0
42 5 14 4 0 0 0 0
32 4 11 3 0 0 0 0
24 4 12 3 0 0 0 0
45 4 40 3 0 0 0 0
34 4 15 2 0 0 0 0
33 3 12 3 0 0 0 0
20 3 9 2 0 0 0 0
25 4 11 3 0 0 0 0
36 4 12 3 0 0 0 0
29 3 11 3 0 0 0 0
26 3 8 2 0 0 0 0
38 2 10 1 0 0 0 0
22 3 11 2 0 0 0 0
21 4 12 2 0 0 0 0
16 3 8 2 0 0 0 0
35 3 11 2 0 0 0 0
34 4 10 3 0 0 0 0
18 3 10 2 0 0 0 0
39 5 27 4 0 0 0 0
21 4 10 2 0 0 0 0
28 4 16 3 0 0 0 0
38 5 15 3 0 0 0 0
34 4 14 3 0 0 0 0
15 4 8 2 0 0 0 0
37 4 10 3 0 0 0 0
40 4 11 3 0 0 0 0
18 5 9 3 0 0 0 0
35 5 11 3 0 0 0 0
19 4 9 2 0 0 0 0
19 2 9 2 0 0 0 0
24 4 12 3 0 0 0 0
37 3 13 3 0 0 0 0
19 3 8 2 0 0 0 0
14 3 6 2 0 0 0 0
13 2 6 2 0 0 0 0
26 2 9 2 0 0 0 0
27 3 12 2 0 0 0 0
33 3 11 2 0 0 0 0
18 3 8 2 0 0 0 0
38 2 10 1 0 0 0 0
28 3 12 2 0 0 0 0
39 3 11 3 0 0 0 0
27 4 12 3 0 0 0 0
20 4 10 3 0 0 0 0
16 4 7 3 0 0 0 0
20 4 10 3 0 0 0 0
22 5 14 4 0 0 0 0
38 4 10 3 0 0 0 0
85 2 19 2 0 0 0 0
38 4 13 2 0 0 0 0
40 5 12 4 0 0 0 0
19 5 9 4 0 0 0 0
24 5 12 4 0 0 0 0
24 5 11 3 0 0 0 0
29 5 15 3 0 0 0 0
23 3 13 2 0 0 0 0
15 5 7 3 0 0 0 0
20 5 9 3 0 0 0 0
23 3 11 2 0 0 0 0
20 4 11 3 0 0 0 0
16 4 8 3 0 0 0 0
20 4 10 3 0 0 0 0
22 5 11 3 0 0 0 0
24 5 16 3 0 0 0 0
25 3 12 2 0 0 0 0
29 4 13 3 0 0 0 0
32 4 10 3 0 0 0 0
25 3 15 3 0 0 0 0
19 4 10 4 0 0 0 0
20 3 7 3 0 0 0 0
30 4 15 3 0 0 0 0
26 3 13 2 0 0 0 0
22 4 13 4 0 0 0 0
17 5 9 4 0 0 0 0
20 3 9 3 0 0 0 0
16 3 9 3 0 0 0 0
20 4 10 3 0 0 0 0
18 4 10 2 0 0 0 0
20 4 11 2 0 0 0 0
19 3 9 2 0 0 0 0
20 3 11 2 0 0 0 0
17 3 7 3 0 0 0 0
3 1 2 1 0 0 0 0
3 1 2 1 0 0 0 0
3 1 2 1 0 0 0 0
3 1 2 1 0 0 0 0
3 1 2 1 0 0 0 0
3 1 2 1 0 0 0 0
3 1 2 1 0 0 0 0
3 1 2 1 0 0 0 0
3 1 2 1 0 0 0 0
3 1 2 1 0 0 0 0
3 1 2 1 0 0 0 0
21 4 8 2 0 0 0 0
18 3 10 2 0 0 0 0
17 4 9 3 0 0 0 0
19 4 9 3 0 0 0 0
19 4 10 2 0 0 0 0
34 2 16 2 0 0 0 0
19 3 11 2 0 0 0 0
32 4 11 3 0 0 0 0
18 4 8 3 0 0 0 0
24 5 12 3 0 0 0 0
16 4 8 3 0 0 0 0
26 3 13 2 0 0 0 0
21 3 9 2 0 0 0 0
15 3 8 2 0 0 0 0
35 4 9 2 0 0 0 0
30 3 10 2 0 0 0 0
16 2 10 2 0 0 0 0
18 5 9 3 0 0 0 0
22 4 11 3 0 0 0 0
21 5 10 3 0 0 0 0
22 4 11 2 0 0 0 0
20 4 10 3 0 0 0 0
34 4 10 2 0 0 0 0
19 4 10 3 0 0 0 0
29 5 13 4 0 0 0 0
25 4 12 3 0 0 0 0
21 5 11 3 0 0 0 0
27 3 15 2 0 0 0 0
27 4 14 3 0 0 0 0
17 4 9 3 0 0 0 0
16 3 8 2 0 0 0 0
17 4 10 3 0 0 0 0
32 4 11 3 0 0 0 0
15 4 8 3 0 0 0 0
21 3 11 3 0 0 0 0
36 4 9 3 0 0 0 0
17 3 9 2 0 0 0 0
21 2 12 2 0 0 0 0
20 3 10 2 0 0 0 0
18 2 9 2 0 0 0 0
21 3 10 2 0 0 0 0
16 4 8 3 0 0 0 0
41 4 11 4 0 0 0 0
28 2 14 2 0 0 0 0
20 3 10 2 0 0 0 0
18 4 9 2 0 0 0 0
19 4 12 3 0 0 0 0
21 3 11 2 0 0 0 0
20 3 10 2 0 0 0 0
16 4 7 2 0 0 0 0
32 4 12 3 0 0 0 0
18 4 10 3 0 0 0 0
36 4 10 3 0 0 0 0
32 3 10 2 0 0 0 0
25 4 25 2 0 0 0 0
32 4 16 3 0 0 0 0
20 3 11 2 0 0 0 0
28 2 13 2 0 0 0 0
18 3 8 2 0 0 0 0
25 4 12 2 0 0 0 0
15 3 7 2 0 0 0 0
36 3 11 2 0 0 0 0
21 2 11 2 0 0 0 0
15 3 6 2 0 0 0 0
27 2 9 2 0 0 0 0
19 3 12 2 0 0 0 0
16 3 9 3 0 0 0 0
18 2 9 2 0 0 0 0
22 5 11 3 0 0 0 0
22 4 11 4 0 0 0 0
18 4 12 4 0 0 0 0
22 4 12 3 0 0 0 0
19 3 10 2 0 0 0 0
19 5 11 4 0 0 0 0
28 3 14 2 0 0 0 0
22 2 11 2 0 0 0 0
36 4 9 3 0 0 0 0
26 4 14 3 0 0 0 0
30 4 15 3 0 0 0 0
19 4 9 3 0 0 0 0
17 4 9 3 0 0 0 0
18 3 11 2 0 0 0 0
23 5 12 4 0 0 0 0
14 4 6 3 0 0 0 0
22 5 11 4 0 0 0 0
19 3 13 3 0 0 0 0
22 4 9 3 0 0 0 0
24 5 12 3 0 0 0 0
18 4 9 3 0 0 0 0
18 3 10 2 0 0 0 0
20 4 8 3 0 0 0 0
19 3 9 3 0 0 0 0
26 5 11 3 0 0 0 0
24 3 12 3 0 0 0 0
20 4 10 3 0 0 0 0
35 3 12 2 0 0 0 0
22 3 10 2 0 0 0 0
26 2 13 2 0 0 0 0
19 3 8 2 0 0 0 0
19 2 9 2 0 0 0 0
23 4 13 3 0 0 0 0
24 3 10 2 0 0 0 0
18 4 9 2 0 0 0 0
18 3 9 2 0 0 0 0
20 4 10 2 0 0 0 0
36 3 19 2 0 0 0 0
24 3 12 3 0 0 0 0
24 4 11 2 0 0 0 0
18 3 9 2 0 0 0 0
22 4 11 3 0 0 0 0
28 3 14 2 0 0 0 0
20 3 12 3 0 0 0 0
12 1 5 1 0 0 0 0
7 1 3 1 0 0 0 0
7 1 3 1 0 0 0 0
7 1 3 1 0 0 0 0
7 1 3 1 0 0 0 0
7 1 3 1 0 0 0 0
7 1 3 1 0 0 0 0
7 1 3 1 0 0 0 0
7 1 3 1 0 0 0 0
7 1 3 1 0 0 0 0
7 1 3 1 0 0 0 0
18 4 8 3 0 0 0 0
24 4 14 3 0 0 0 0
26 3 14 2 0 0 0 0
21 4 12 3 0 0 0 0
22 4 10 3 0 0 0 0
15 4 9 3 0 0 0 0
17 4 9 3 0 0 0 0
18 4 10 2 0 0 0 0
21 4 10 3 0 0 0 0
23 4 11 3 0 0 0 0
14 4 8 3 0 0 0 0
22 5 11 3 0 0 0 0
20 3 10 2 0 0 0 0
19 3 10 2 0 0 0 0
22 3 11 2 0 0 0 0
17 3 11 2 0 0 0 0
15 4 8 3 0 0 0 0
18 5 8 3 0 0 0 0
17 5 8 3 0 0 0 0
21 4 12 3 0 0 0 0
29 3 15 2 0 0 0 0
19 3 10 2 0 0 0 0
37 5 11 3 0 0 0 0
19 4 10 3 0 0 0 0
18 3 9 2 0 0 0 0
20 4 10 3 0 0 0 0
16 3 8 2 0 0 0 0
21 3 10 2 0 0 0 0
18 4 9 3 0 0 0 0
23 3 9 3 0 0 0 0
21 4 9 2 0 0 0 0
30 3 8 3 0 0 0 0
32 4 16 3 0 0 0 0
22 3 11 2 0 0 0 0
24 3 13 3 0 0 0 0
17 4 10 3 0 0 0 0
22 2 11 2 0 0 0 0
24 2 14 1 0 0 0 0
20 3 9 2 0 0 0 0
22 3 12 2 0 0 0 0
16 3 8 2 0 0 0 0
19 4 8 3 0 0 0 0
20 4 11 3 0 0 0 0
16 4 10 3 0 0 0 0
18 4 8 3 0 0 0 0
23 4 12 3 0 0 0 0
18 4 10 3 0 0 0 0
23 4 12 4 0 0 0 0
24 4 11 3 0 0 0 0
21 5 10 4 0 0 0 0
17 3 9 2 0 0 0 0
27 3 14 2 0 0 0 0
32 3 13 2 0 0 0 0
20 3 10 2 0 0 0 0
24 3 11 3 0 0 0 0
30 2 15 2 0 0 0 0
21 3 10 2 0 0 0 0
16 3 8 2 0 0 0 0
18 3 9 2 0 0 0 0
20 3 10 2 0 0 0 0
15 3 7 2 0 0 0 0
24 3 12 2 0 0 0 0
17 4 8 3 0 0 0 0
16 3 10 2 0 0 0 0
19 4 8 3 0 0 0 0
14 4 7 3 0 0 0 0
17 3 9 3 0 0 0 0
21 4 11 3 0 0 0 0
16 4 7 3 0 0 0 0
20 4 11 3 0 0 0 0
28 4 14 3 0 0 0 0
19 4 12 3 0 0 0 0
24 3 13 2 0 0 0 0
22 3 12 2 0 0 0 0
20 4 9 3 0 0 0 0
45 4 42 3 0 0 0 0
22 4 9 3 0 0 0 0
27 3 12 2 0 0 0 0
17 4 9 3 0 0 0 0
17 3 11 2 0 0 0 0
20 3 9 2 0 0 0 0
19 3 10 3 0 0 0 0
35 3 18 2 0 0 0 0
21 4 12 3 0 0 0 0
26 4 13 3 0 0 0 0
18 4 11 3 0 0 0 0
24 3 12 2 0 0 0 0
29 3 15 2 0 0 0 0
22 4 12 3 0 0 0 0
34 4 11 3 0 0 0 0
18 5 9 4 0 0 0 0
20 3 10 3 0 0 0 0
26 3 12 2 0 0 0 0
17 2 7 1 0 0 0 0
5 0 2 0 0 0 0 0
5 0 2 0 0 0 0 0
5 0 2 0 0 0 0 0
5 0 2 0 0 0 0 0
5 0 2 0 0 0 0 0
5 0 2 0 0 0 0 0
5 0 2 0 0 0 0 0
5 0 2 0 0 0 0 0
5 0 2 0 0 0 0 0
5 0 2 0 0 0 0 0
12 3 6 2 0 0 0 0
27 4 17 3 0 0 0 0
17 4 8 3 0 0 0 0
16 4 8 3 0 0 0 0
18 5 9 4 0 0 0 0
19 4 12 3 0 0 0 0
12 3 6 2 0 0 0 0
17 2 9 2 0 0 0 0
16 4 8 3 0 0 0 0
21 4 11 3 0 0 0 0
18 4 12 3 0 0 0 0
21 2 10 2 0 0 0 0
18 3 8 2 0 0 0 0
12 2 5 1 0 0 0 0
13 4 7 2 0 0 0 0
24 5 12 3 0 0 0 0
20 3 10 2 0 0 0 0
21 4 9 3 0 0 0 0
24 4 12 3 0 0 0 0
19 2 9 2 0 0 0 0
18 4 10 3 0 0 0 0
20 3 10 2 0 0 0 0
15 3 10 2 0 0 0 0
17 3 9 2 0 0 0 0
16 4 10 2 0 0 0 0
18 4 10 4 0 0 0 0
19 4 11 3 0 0 0 0
19 4 9 3 0 0 0 0
35 4 17 3 0 0 0 0
22 4 11 3 0 0 0 0
26 3 13 2 0 0 0 0
17 4 8 3 0 0 0 0
22 4 10 3 0 0 0 0
24 4 11 2 0 0 0 0
14 3 6 2 0 0 0 0
16 3 6 2 0 0 0 0
15 4 8 3 0 0 0 0
17 4 9 3 0 0 0 0
21 4 11 3 0 0 0 0
21 4 12 3 0 0 0 0
20 4 11 2 0 0 0 0
23 4 12 3 0 0 0 0
22 4 12 3 0 0 0 0
29 4 14 3 0 0 0 0
26 3 13 2 0 0 0 0
20 3 12 3 0 0 0 0
25 3 13 2 0 0 0 0
22 3 11 2 0 0 0 0
18 3 8 3 0 0 0 0
20 3 11 2 0 0 0 0
26 2 14 2 0 0 0 0
29 2 15 2 0 0 0 0
14 2 7 2 0 0 0 0
18 2 9 2 0 0 0 0
18 2 10 2 0 0 0 0
23 3 12 2 0 0 0 0
18 4 8 3 0 0 0 0
22 4 11 4 0 0 0 0
20 4 10 3 0 0 0 0
18 5 9 4 0 0 0 0
21 3 11 2 0 0 0 0
22 4 10 2 0 0 0 0
16 3 8 2 0 0 0 0
17 5 8 4 0 0 0 0
17 5 8 4 0 0 0 0
30 5 15 4 0 0 0 0
19 4 9 3 0 0 0 0
14 2 6 1 0 0 0 0
23 4 12 3 0 0 0 0
18 5 9 3 0 0 0 0
22 4 10 3 0 0 0 0
17 2 11 2 0 0 0 0
18 3 11 3 0 0 0 0
21 4 10 3 0 0 0 0
14 4 6 3 0 0 0 0
16 2 8 2 0 0 0 0
20 4 11 3 0 0 0 0
19 3 10 3 0 0 0 0
32 4 16 3 0 0 0 0
21 4 11 2 0 0 0 0
28 4 15 4 0 0 0 0
17 4 8 3 0 0 0 0
21 4 10 3 0 0 0 0
