nday dem circ circq pack
2 3.136 3.084 0.000 0.052
1 4.528 3.725 0.715 0.087
3 4.398 3.528 0.714 0.155
2 4.263 3.656 0.495 0.112
3 5.651 5.031 0.551 0.069
1 7.500 6.208 1.213 0.078
4 7.894 6.482 1.230 0.182
3 13.137 11.380 1.687 0.069
5 14.931 12.083 2.711 0.137
6 15.891 13.030 2.759 0.101
2 16.681 13.871 2.761 0.049
3 16.379 13.475 2.776 0.128
4 16.618 13.622 2.932 0.064
5 17.933 14.883 3.021 0.028
6 20.091 17.014 3.008 0.068
4 21.759 17.829 3.860 0.070
4 22.443 18.366 3.933 0.144
6 21.821 17.855 3.891 0.075
8 21.240 17.281 3.897 0.062
9 21.318 17.008 4.249 0.061
6 22.287 18.337 3.837 0.113
9 22.489 18.315 4.077 0.097
7 20.221 16.198 3.881 0.142
7 22.904 18.944 3.834 0.125
5 25.722 21.461 4.189 0.072
8 27.019 21.497 5.353 0.169
9 26.362 21.146 5.156 0.060
7 24.675 19.948 4.607 0.120
9 25.023 20.200 4.702 0.120
11 26.976 21.761 5.107 0.108
8 28.225 22.735 5.416 0.074
11 28.538 22.743 5.713 0.082
13 28.860 22.462 6.250 0.148
10 28.974 22.912 5.945 0.116
10 30.335 24.172 6.061 0.102
10 30.882 24.828 6.021 0.033
8 29.911 24.054 5.777 0.080
10 27.586 21.837 5.650 0.098
10 26.562 21.202 5.228 0.132
10 25.786 20.300 5.386 0.100
9 25.679 20.825 4.797 0.057
9 24.627 19.556 4.873 0.198
13 23.703 18.532 5.076 0.095
8 23.133 18.535 4.486 0.112
10 23.229 18.841 4.335 0.054
9 22.765 18.077 4.544 0.143
11 23.263 18.365 4.814 0.084
6 26.127 21.456 4.583 0.088
13 26.581 21.030 5.522 0.028
11 25.982 20.351 5.505 0.126
12 26.579 20.837 5.664 0.079
12 26.893 21.441 5.333 0.119
11 26.114 20.537 5.452 0.126
14 26.128 20.359 5.694 0.075
11 25.584 20.333 5.220 0.031
14 23.082 18.387 4.620 0.075
10 24.526 19.361 4.997 0.168
12 24.347 18.997 5.270 0.080
13 24.556 19.267 5.252 0.037
12 25.902 20.169 5.671 0.063
11 27.192 21.667 5.391 0.134
11 27.291 21.449 5.768 0.074
11 26.625 21.217 5.296 0.112
13 26.527 20.762 5.689 0.076
13 25.370 19.697 5.593 0.080
12 23.673 19.172 4.383 0.118
11 25.748 20.324 5.290 0.133
10 28.132 22.285 5.813 0.034
12 27.997 22.173 5.710 0.114
13 26.289 20.535 5.678 0.077
11 24.979 19.712 5.182 0.086
11 25.242 19.946 5.181 0.115
10 26.529 21.425 5.050 0.054
11 28.788 23.058 5.633 0.097
11 26.305 20.951 5.269 0.086
13 27.197 21.537 5.573 0.086
11 27.384 21.865 5.403 0.115
11 27.578 21.911 5.540 0.127
13 28.469 22.706 5.653 0.110
11 26.991 22.014 4.847 0.129
13 24.527 19.324 5.119 0.084
13 24.616 19.507 5.013 0.096
10 27.627 22.486 5.055 0.086
13 29.423 23.022 6.292 0.109
12 28.399 22.376 5.920 0.104
12 27.942 21.863 6.022 0.057
12 27.977 22.111 5.800 0.066
10 26.658 21.681 4.880 0.096
11 25.936 20.506 5.364 0.066
13 25.533 20.216 5.220 0.097
10 26.132 20.781 5.243 0.107
11 26.390 20.974 5.344 0.071
10 28.821 23.493 5.242 0.086
10 28.811 23.134 5.616 0.061
13 27.188 21.364 5.732 0.092
13 26.558 21.067 5.395 0.097
11 29.165 23.092 5.888 0.185
12 30.112 23.733 6.268 0.112
10 29.984 23.944 5.926 0.113
9 30.583 24.448 6.036 0.099
12 29.758 23.525 6.090 0.144
12 29.800 23.255 6.432 0.113
13 30.130 23.790 6.215 0.125
11 30.251 24.074 6.096 0.080
13 30.168 24.003 6.027 0.138
11 30.425 24.364 5.942 0.119
11 30.035 24.503 5.437 0.095
11 28.617 22.805 5.689 0.123
11 27.831 22.008 5.767 0.055
11 29.446 23.724 5.602 0.120
10 28.928 23.068 5.774 0.086
11 29.710 23.553 6.067 0.090
13 27.495 21.817 5.568 0.110
11 28.596 22.619 5.921 0.056
11 28.749 22.844 5.799 0.106
11 28.728 22.730 5.916 0.082
11 28.898 22.898 5.877 0.123
11 28.212 22.215 5.888 0.109
11 29.212 23.370 5.766 0.076
11 28.129 22.295 5.721 0.114
13 27.662 21.455 5.997 0.210
11 28.331 22.461 5.666 0.203
12 28.164 22.177 5.895 0.092
12 27.732 21.765 5.882 0.085
11 28.719 23.054 5.621 0.044
12 28.580 22.394 6.089 0.096
11 29.414 23.447 5.851 0.116
13 31.903 24.799 7.041 0.063
12 31.408 24.861 6.448 0.099
12 31.643 25.232 6.275 0.136
14 33.799 26.724 6.992 0.083
13 34.968 27.466 7.456 0.046
12 32.973 25.840 7.005 0.129
11 35.990 28.795 7.170 0.025
12 37.000 29.674 7.198 0.128
13 37.619 29.526 7.999 0.094
13 39.147 30.484 8.582 0.080
15 38.341 29.519 8.714 0.108
15 38.642 29.671 8.914 0.056
12 39.651 31.159 8.431 0.061
14 38.899 30.932 7.874 0.092
13 40.438 32.106 8.212 0.120
13 39.488 31.385 8.037 0.066
12 41.169 32.824 8.319 0.026
13 41.361 32.763 8.532 0.066
13 40.526 31.892 8.533 0.101
12 39.893 31.818 7.943 0.133
13 41.285 32.579 8.623 0.084
14 41.640 32.622 8.934 0.084
9 43.674 35.557 8.045 0.071
9 41.557 33.817 7.671 0.069
10 40.552 32.932 7.504 0.116
12 39.693 32.009 7.623 0.060
11 39.076 31.356 7.529 0.191
11 37.766 30.526 7.151 0.089
9 37.944 30.810 7.046 0.088
12 37.461 30.177 7.169 0.115
13 39.995 31.923 7.960 0.112
13 41.721 33.176 8.401 0.145
14 40.080 31.902 8.035 0.143
11 40.911 33.112 7.622 0.177
14 40.121 31.924 8.069 0.128
14 41.855 33.212 8.510 0.133
14 40.639 32.624 7.853 0.162
13 41.330 33.100 8.124 0.106
12 40.956 32.886 7.953 0.117
9 40.631 33.305 7.223 0.103
10 39.491 32.559 6.844 0.088
11 39.161 31.714 7.411 0.036
12 37.770 30.244 7.420 0.106
11 37.851 30.745 6.977 0.129
12 37.861 30.781 6.997 0.082
15 37.531 29.746 7.704 0.081
11 36.143 29.108 6.883 0.152
12 34.936 28.026 6.845 0.064
12 34.898 27.698 7.140 0.060
13 36.991 29.390 7.538 0.064
12 37.600 29.814 7.681 0.105
13 35.942 28.751 7.115 0.077
11 36.569 29.083 7.368 0.118
12 36.322 29.034 7.265 0.023
10 35.852 29.424 6.287 0.141
12 38.241 30.651 7.482 0.108
13 39.212 31.699 7.432 0.081
13 39.838 32.166 7.618 0.054
14 41.661 32.927 8.647 0.087
15 40.253 31.907 8.228 0.118
12 40.312 32.739 7.432 0.141
12 41.081 33.278 7.694 0.108
11 39.991 32.752 7.126 0.114
12 39.141 31.711 7.225 0.205
13 39.723 32.100 7.529 0.095
13 40.348 32.468 7.728 0.152
13 39.941 31.784 8.049 0.108
12 39.899 32.092 7.717 0.090
11 40.024 32.355 7.611 0.058
13 38.518 31.163 7.303 0.052
15 38.523 30.350 8.115 0.059
15 37.204 29.519 7.578 0.108
12 37.059 29.472 7.442 0.144
15 35.786 27.912 7.822 0.053
14 37.490 29.793 7.642 0.055
13 35.595 28.548 6.943 0.104
13 34.633 27.425 7.065 0.143
13 33.863 27.022 6.779 0.062
13 35.099 28.415 6.529 0.154
12 35.125 28.051 6.982 0.091
13 34.340 27.337 6.814 0.189
14 34.635 27.281 7.288 0.066
11 34.427 27.605 6.733 0.089
15 34.517 27.227 7.196 0.093
13 35.543 28.445 7.008 0.090
13 34.813 27.582 7.110 0.121
12 33.672 26.853 6.746 0.073
12 33.206 26.427 6.664 0.116
13 33.885 27.207 6.551 0.127
12 35.461 28.095 7.160 0.206
13 34.561 27.370 7.134 0.057
12 34.619 27.639 6.891 0.089
14 34.959 27.612 7.301 0.047
12 34.864 28.078 6.670 0.117
13 34.255 27.289 6.791 0.175
14 34.657 27.868 6.738 0.051
12 33.060 26.468 6.497 0.095
12 32.438 25.715 6.661 0.062
13 34.651 27.819 6.757 0.075
12 35.067 28.172 6.811 0.085
12 35.842 28.319 7.445 0.078
9 36.103 29.355 6.629 0.119
10 35.868 29.338 6.497 0.033
11 36.379 29.181 7.107 0.092
10 34.421 28.044 6.302 0.075
10 35.267 28.778 6.380 0.109
11 34.015 27.496 6.408 0.112
