nze be neph bph nzph50 nzph90 bph50 bph90
13 6 2 2 0 1 0 0
13 3 2 1 0 1 0 0
18 5 2 2 0 1 0 0
20 3 2 1 0 1 0 0
17 6 3 2 0 1 0 0
13 5 2 1 0 1 0 0
28 8 3 2 0 1 0 1
23 13 3 2 0 1 0 1
29 14 3 2 0 2 0 1
27 16 3 2 0 1 0 1
26 17 2 2 0 1 0 1
32 16 3 2 0 1 0 1
26 18 3 2 0 1 0 1
27 20 3 2 0 1 0 1
32 24 3 3 0 2 0 1
34 22 3 2 0 2 0 1
39 24 2 2 0 2 0 1
38 25 3 2 0 2 0 1
36 24 3 3 0 2 0 1
31 23 4 4 0 1 0 1
36 23 3 3 0 2 0 1
40 26 3 3 0 2 0 1
42 22 3 3 0 2 0 1
39 25 4 3 0 1 0 1
41 27 4 3 0 2 0 1
42 26 3 3 1 2 0 1
39 30 3 3 0 2 0 1
40 29 4 3 0 2 0 1
49 35 4 4 1 2 0 2
52 37 4 4 1 2 0 2
44 35 4 4 0 2 0 2
49 40 4 4 1 2 0 2
58 42 4 4 1 2 0 2
50 39 4 4 1 2 0 2
56 41 4 4 1 2 0 2
49 42 4 4 1 2 0 2
48 37 4 4 1 2 0 2
52 38 4 4 1 2 0 2
51 38 4 4 1 2 0 2
47 33 4 4 0 2 0 2
44 38 4 4 0 2 0 2
60 35 5 4 1 3 0 2
51 36 5 4 0 2 0 2
44 35 4 4 0 2 0 2
45 36 5 4 0 2 0 2
45 33 5 4 0 2 0 2
49 34 5 4 0 2 0 2
48 37 4 4 0 2 0 2
45 39 5 5 0 2 0 2
53 38 5 5 1 2 0 2
50 39 5 5 0 2 0 2
60 39 6 5 1 3 0 2
54 40 5 5 1 2 0 2
54 42 5 5 1 2 0 2
45 39 5 5 0 2 0 2
48 37 5 5 0 2 0 2
52 37 5 5 0 2 0 2
50 39 5 5 0 2 0 2
49 41 5 5 0 2 0 2
49 41 5 5 0 2 0 2
56 40 6 5 1 2 0 2
48 39 5 5 0 2 0 2
54 43 6 5 1 2 0 2
57 42 6 5 1 2 0 2
52 41 5 5 0 2 0 2
55 39 5 5 1 3 0 2
60 41 5 5 1 2 0 2
50 42 6 5 0 2 0 2
60 43 6 5 1 2 0 2
52 41 5 5 0 2 0 2
51 40 5 5 0 2 0 2
54 41 6 5 1 2 0 2
49 42 6 6 0 2 0 2
60 46 7 6 1 3 0 2
58 45 6 5 1 3 0 3
55 46 5 5 0 2 0 2
63 46 7 5 1 2 0 2
58 42 5 5 1 3 0 2
58 46 6 5 1 2 0 2
58 43 5 5 1 2 0 2
53 41 5 5 0 3 0 2
54 39 5 5 0 2 0 2
56 44 5 5 1 2 0 2
57 44 5 5 1 3 0 2
54 43 6 5 0 2 0 2
52 41 6 5 0 2 0 2
53 46 5 5 0 3 0 2
56 43 5 5 1 2 0 2
50 43 5 4 0 2 0 2
56 43 5 5 0 3 0 2
53 41 4 4 1 2 0 2
59 43 5 5 1 2 0 2
59 46 4 4 1 3 0 2
56 46 6 5 0 3 0 2
60 47 4 4 0 3 0 3
60 46 5 5 1 3 0 2
59 46 5 4 1 3 0 2
62 47 5 4 1 3 0 2
60 48 5 4 1 3 0 3
59 49 4 4 1 3 0 2
69 50 5 5 1 3 0 2
63 47 6 5 1 3 0 2
67 53 5 5 1 3 0 3
60 49 5 5 1 3 0 2
64 50 6 5 1 3 0 3
61 47 5 5 1 3 0 2
63 50 5 5 1 3 0 3
57 45 5 5 1 3 0 2
60 46 6 4 0 3 0 2
64 47 4 4 1 3 0 2
54 44 5 4 0 3 0 2
59 45 5 4 1 3 0 2
61 47 5 4 1 3 0 2
57 45 5 4 0 3 0 2
60 47 5 4 1 3 0 3
61 47 5 4 1 3 0 2
65 48 5 4 1 3 0 2
59 46 4 4 1 3 0 2
62 49 5 4 1 2 0 2
68 51 5 5 1 3 0 2
64 47 5 5 1 3 0 2
68 47 5 5 1 2 0 2
61 44 5 5 1 3 0 2
57 45 5 5 1 2 0 2
59 47 5 5 1 2 0 2
61 46 5 5 1 2 0 2
67 51 6 6 1 3 0 2
57 50 6 6 1 2 0 2
68 53 6 5 1 2 1 2
67 53 6 5 1 3 1 2
69 56 5 5 1 3 1 2
61 54 5 5 1 2 1 2
70 54 6 5 1 3 1 2
64 60 5 5 1 2 1 2
72 60 5 5 1 2 1 2
73 58 5 5 1 3 1 2
71 58 5 5 1 3 1 2
67 57 5 5 1 2 1 2
66 58 5 5 1 3 1 2
67 57 5 5 1 3 1 2
77 60 5 5 1 3 1 2
78 62 7 5 1 3 1 2
71 58 6 5 1 3 1 2
68 63 5 5 1 3 1 2
75 62 6 5 1 3 1 2
74 61 5 5 1 3 1 2
74 58 5 5 1 3 1 2
74 61 7 5 1 3 1 2
74 61 5 5 1 3 1 2
72 62 8 4 1 2 1 2
76 64 5 4 1 3 1 2
78 62 6 5 1 3 1 2
75 63 5 4 1 3 1 2
77 60 5 4 1 3 1 2
75 63 5 5 1 3 1 3
72 57 4 4 1 3 1 2
78 59 7 4 1 3 1 2
77 65 5 5 1 3 1 2
87 63 6 5 1 3 1 2
86 67 6 5 1 3 1 3
77 61 5 5 1 3 1 2
80 62 6 5 1 3 1 2
80 64 6 5 1 3 1 2
77 62 5 5 1 3 1 2
83 61 6 5 1 3 1 2
79 61 6 5 1 3 1 2
74 60 5 4 1 3 1 2
75 60 5 5 1 3 1 2
68 60 5 5 1 2 1 2
72 58 5 4 1 3 1 2
75 57 5 4 1 3 1 2
74 61 5 5 1 3 1 2
75 61 5 4 1 3 1 2
72 58 4 4 1 3 1 2
65 59 5 4 1 2 1 2
67 59 5 5 1 3 1 2
75 63 5 4 1 3 1 2
68 59 5 4 1 2 1 2
75 63 6 5 1 3 1 3
71 59 4 4 1 3 1 2
65 59 4 4 1 3 1 2
76 63 4 4 1 2 1 2
74 61 5 4 1 3 1 2
71 63 5 5 1 3 1 2
76 65 5 5 1 3 1 3
78 65 5 5 1 3 1 2
83 63 6 5 1 3 1 3
79 69 6 5 1 3 1 3
75 62 6 6 1 3 1 2
72 61 6 6 1 3 1 2
75 56 7 6 1 3 1 2
74 58 7 6 1 3 1 2
74 57 7 6 1 2 1 2
69 58 6 6 1 3 1 2
72 57 6 6 1 3 1 2
64 58 6 6 1 2 1 2
72 57 6 6 1 2 1 2
69 61 6 6 1 3 1 2
76 58 6 6 1 3 1 2
72 57 6 6 1 3 1 2
68 59 6 6 1 3 1 2
68 56 5 5 1 3 1 2
71 58 7 7 1 3 1 2
76 56 7 7 1 3 1 2
67 58 6 6 1 3 1 2
76 59 7 7 1 3 1 2
67 54 7 5 1 2 1 2
72 54 6 5 1 3 1 2
64 53 6 6 1 2 1 2
67 53 6 5 1 2 1 2
72 58 6 6 1 3 1 2
69 58 6 5 1 3 1 2
77 57 5 5 1 3 1 2
66 59 5 5 1 2 1 2
68 56 5 5 1 2 1 2
72 58 5 5 1 3 1 2
70 55 7 5 1 2 1 2
67 54 5 5 1 3 1 2
67 52 4 4 1 3 1 2
65 55 4 4 1 3 1 2
61 49 5 4 1 2 1 2
68 50 5 4 1 3 1 2
62 53 4 4 1 2 1 2
62 52 4 4 1 3 0 2
68 54 5 4 1 3 1 2
72 60 5 5 1 3 1 2
68 59 5 5 1 3 1 3
68 55 4 4 1 3 1 2
71 54 5 4 1 3 1 2
64 55 5 4 1 3 1 2
66 54 4 4 1 3 1 3
61 50 5 4 1 3 0 2
65 51 5 4 1 3 1 2
66 53 4 4 1 3 1 2
