b.s     sim     run    diff  -   simc    runc    diff
1.0   98.00   97.96    0.04  -  98.00   97.93    0.07
1.1   98.20   97.98    0.22  -  88.53   88.57   -0.04
1.2   98.12   97.94    0.18  -  79.07   79.09   -0.02
1.3   98.04   98.04    0.00  -  69.60   69.72   -0.12
1.4   97.97   97.89    0.08  -  60.13   60.27   -0.14
1.5   98.12   98.07    0.05  -  50.67   50.56    0.11
1.6   98.19   98.06    0.13  -  41.20   41.87   -0.67
2.0   96.00   96.06   -0.06  -  96.00   95.84    0.16
2.1   96.40   96.01    0.39  -  86.53   86.65   -0.12
2.2   96.40   96.18    0.22  -  77.07   77.25   -0.18
2.3   96.39   96.16    0.23  -  67.60   67.31    0.29
2.4   96.22   96.30   -0.08  -  58.13   58.43   -0.29
2.5   96.25   96.42   -0.17  -  48.67   48.37    0.30
3.0   94.00   94.20   -0.20  -  94.00   94.23   -0.23
3.1   94.60   94.24    0.36  -  84.53   84.86   -0.32
3.2   94.60   94.18    0.41  -  75.07   75.37   -0.30
3.3   94.59   94.24    0.35  -  65.60   65.98   -0.38
3.4   94.60   94.25    0.35  -  56.13   56.43   -0.30
4.0   92.00   92.33   -0.33  -  92.00   92.35   -0.35
4.1   92.80   92.33    0.47  -  82.53   82.93   -0.39
4.2   92.79   92.36    0.44  -  73.07   73.49   -0.42
4.3   92.79   92.41    0.37  -  63.60   64.04   -0.44
5.0   90.00   90.48   -0.48  -  90.00   90.50   -0.50
5.1   91.00   90.58    0.42  -  80.53   81.02   -0.48
5.2   90.99   90.54    0.45  -  71.07   71.61   -0.55
6.0   90.98   91.23   -0.25  -  88.00   88.64   -0.64
6.1   91.00   91.26   -0.27  -  78.53   79.10   -0.56
7.0   89.20   89.14    0.06  -  86.00   86.71   -0.71
