nday dem circ circq pack
1 9.664 2.047 0.000 7.617
3 16.247 5.569 0.253 10.425
4 14.561 5.882 0.146 8.534
3 13.119 4.720 0.151 8.248
1 14.969 5.287 0.045 9.637
1 16.098 5.145 0.000 10.953
2 15.588 5.585 0.100 9.903
2 15.016 7.333 0.385 7.298
2 18.115 8.021 0.237 9.857
2 19.770 9.746 0.397 9.627
2 19.868 10.642 0.319 8.907
2 17.947 10.146 0.605 7.197
2 19.717 10.458 0.224 9.035
1 19.488 10.595 0.272 8.621
2 19.970 10.498 0.163 9.310
2 20.310 12.636 0.371 7.303
2 22.274 13.608 0.290 8.377
2 22.411 13.621 0.319 8.472
4 24.037 14.709 0.349 8.980
4 25.520 15.496 0.434 9.590
4 23.115 15.209 0.959 6.947
2 24.457 14.725 0.290 9.442
4 24.052 13.845 0.351 9.857
3 23.243 13.874 0.151 9.219
2 22.952 14.122 0.419 8.410
5 23.597 15.110 0.421 8.065
5 25.548 16.565 0.379 8.604
4 24.000 16.281 0.559 7.160
5 23.602 14.285 0.575 8.742
4 22.685 13.859 0.353 8.473
5 23.030 13.802 0.199 9.029
6 24.456 14.658 0.615 9.184
6 24.584 14.931 0.789 8.865
7 25.677 15.640 0.725 9.311
6 26.131 15.897 1.019 9.215
7 25.133 14.812 0.904 9.416
8 24.459 14.903 1.105 8.451
8 25.910 15.784 1.324 8.802
8 28.862 17.478 1.232 10.152
9 29.920 17.739 1.287 10.894
9 30.241 19.513 1.681 9.047
8 30.197 19.944 1.403 8.850
10 29.125 19.007 1.875 8.243
8 27.752 18.514 1.575 7.663
6 29.519 18.977 1.090 9.453
8 29.681 19.481 1.492 8.709
5 29.008 19.906 1.150 7.952
6 28.628 19.691 0.901 8.035
5 31.307 21.195 0.889 9.223
8 31.212 20.783 1.214 9.215
6 30.469 20.270 0.637 9.562
10 30.876 19.979 1.160 9.737
8 32.595 21.286 1.245 10.064
8 31.130 19.331 1.289 10.510
8 29.361 19.109 1.430 8.822
9 29.684 19.059 1.398 9.228
8 29.291 19.098 1.447 8.746
9 29.064 18.988 1.533 8.543
9 29.027 19.217 1.797 8.014
9 30.462 19.570 1.388 9.504
10 30.521 19.438 1.525 9.558
9 30.085 19.802 1.717 8.566
8 30.058 20.007 1.415 8.636
7 30.124 21.371 1.476 7.276
9 31.810 20.362 0.851 10.597
9 31.459 20.295 1.183 9.981
9 30.685 20.228 1.258 9.200
8 29.522 19.172 1.376 8.975
9 29.688 20.037 1.747 7.904
10 32.824 21.546 2.140 9.138
10 33.869 22.819 1.951 9.099
10 31.575 21.331 2.048 8.196
11 31.905 21.070 1.714 9.121
10 34.625 22.514 1.245 10.865
10 33.618 22.589 1.788 9.240
9 32.394 22.048 1.622 8.723
10 35.049 23.978 1.632 9.439
10 33.800 22.879 1.621 9.300
8 32.294 22.123 1.273 8.898
8 32.500 22.271 1.003 9.226
10 32.370 22.704 1.310 8.356
9 32.855 22.704 1.487 8.664
10 33.152 22.546 1.739 8.866
9 32.347 21.699 1.582 9.065
11 31.689 20.828 1.654 9.206
8 31.901 21.444 1.325 9.132
10 33.915 22.451 1.766 9.698
10 32.899 21.946 2.049 8.904
11 33.851 22.956 2.078 8.817
11 33.202 23.298 2.057 7.847
10 33.293 21.847 1.643 9.802
11 34.013 22.374 2.009 9.630
11 31.737 21.477 1.688 8.572
9 32.007 22.022 1.603 8.382
11 34.285 23.275 1.899 9.110
12 34.817 22.987 2.211 9.620
13 33.557 22.040 3.178 8.338
10 34.132 22.349 2.657 9.127
11 35.708 23.717 2.430 9.562
9 35.937 23.835 1.911 10.191
13 35.415 23.580 2.522 9.312
10 36.746 24.637 2.003 10.105
8 36.835 26.090 2.152 8.594
11 37.383 25.109 1.804 10.470
10 36.477 25.797 2.402 8.278
11 37.472 25.764 2.070 9.638
11 38.073 26.365 1.924 9.784
10 37.418 26.744 1.922 8.752
9 36.395 26.037 1.400 8.958
10 35.432 24.613 1.520 9.299
9 34.985 24.325 1.396 9.263
11 36.316 25.121 2.037 9.158
11 35.480 25.156 1.950 8.374
11 35.696 24.543 2.144 9.010
9 34.443 23.640 1.488 9.316
11 33.753 23.133 1.673 8.947
12 33.835 23.797 1.638 8.399
10 34.941 24.098 1.193 9.650
10 36.449 24.811 1.514 10.123
12 37.550 25.172 2.207 10.171
9 37.267 26.822 1.588 8.857
9 35.888 26.525 2.442 6.920
12 37.372 25.842 1.979 9.550
8 36.472 25.905 1.329 9.238
11 37.260 26.201 1.915 9.144
8 36.852 26.274 1.385 9.193
7 36.636 25.880 1.102 9.654
9 36.169 25.615 1.512 9.043
10 33.205 23.878 1.947 7.380
8 34.960 24.392 1.605 8.962
10 34.926 23.826 1.061 10.039
9 35.365 24.349 1.433 9.583
10 36.118 25.722 1.696 8.701
10 38.474 27.745 1.815 8.913
11 40.631 29.498 2.215 8.918
12 40.221 28.947 3.074 8.200
9 39.329 28.630 2.310 8.389
10 39.574 28.956 2.008 8.610
11 41.832 29.726 1.962 10.144
10 41.248 30.043 1.887 9.319
10 40.974 30.668 2.606 7.700
12 42.451 31.243 3.093 8.116
12 43.256 31.630 2.121 9.505
9 41.200 30.108 2.065 9.027
11 42.675 30.843 2.472 9.360
10 42.391 31.535 2.218 8.637
12 41.726 30.725 2.691 8.310
9 39.206 29.023 1.820 8.364
10 40.516 28.476 1.421 10.618
11 38.532 26.835 1.938 9.759
11 37.480 26.457 1.991 9.033
10 36.473 26.216 2.305 7.951
12 37.414 25.533 2.147 9.734
12 36.757 25.189 1.789 9.779
12 37.088 25.750 1.807 9.532
10 40.302 28.063 1.554 10.684
10 37.641 26.721 1.963 8.957
11 40.427 28.579 1.893 9.955
12 35.576 26.030 2.378 7.168
11 35.859 24.875 1.883 9.101
12 37.153 25.926 2.038 9.189
9 39.038 28.232 1.744 9.062
11 39.518 28.267 1.894 9.357
11 38.620 26.296 1.984 10.341
12 37.124 24.906 2.373 9.845
10 35.466 24.939 1.483 9.045
10 35.652 24.823 2.033 8.796
11 36.135 25.445 2.032 8.658
11 35.303 24.495 2.125 8.684
10 33.561 23.760 2.132 7.669
13 34.257 23.034 2.497 8.727
12 35.910 24.433 2.179 9.299
11 37.053 25.782 1.948 9.323
12 37.668 27.000 2.381 8.287
11 37.467 27.110 2.421 7.935
11 37.118 26.790 2.317 8.011
14 37.569 25.406 3.183 8.980
12 36.844 25.841 2.590 8.413
14 37.145 25.249 2.299 9.597
