nze be neph bph nzph50 nzph90 bph50 bph90
3745 4 63 1 63 63 0 0
3982 8 63 2 63 63 0 1
3978 7 63 2 63 63 0 0
3722 6 63 2 63 63 0 0
3941 7 63 1 63 63 0 1
3937 5 63 1 63 63 0 0
3963 6 63 2 63 63 0 0
3658 8 63 2 63 63 0 1
3888 8 63 2 63 63 0 1
3959 10 63 2 63 63 0 1
3910 11 63 2 63 63 0 1
3823 10 63 2 63 63 0 1
3877 10 63 2 63 63 0 1
3919 11 63 1 63 63 0 1
3839 10 63 1 63 63 0 1
3719 11 63 1 63 63 0 1
3616 14 63 2 63 63 0 1
3793 12 63 1 63 63 0 1
3910 15 63 2 63 63 0 1
3930 16 63 3 63 63 0 1
3798 17 63 3 63 63 0 1
3900 15 63 2 63 63 0 1
3899 15 63 2 63 63 0 1
3879 15 63 2 63 63 0 1
3876 13 63 2 63 63 0 1
3890 15 63 3 63 63 0 1
3837 18 63 3 63 63 0 1
3806 17 63 3 63 63 0 1
3932 18 63 3 63 63 0 1
3909 16 63 3 63 63 0 1
3919 15 63 3 63 63 0 1
3880 19 63 3 63 63 0 1
3847 18 63 3 63 63 0 1
3888 20 63 3 63 63 0 1
3815 23 63 3 63 63 0 1
3913 22 63 4 63 63 0 1
3793 24 63 4 63 63 0 1
3830 25 63 4 63 63 0 1
3995 30 63 4 63 63 0 2
3959 30 63 4 63 63 0 2
3934 30 63 4 63 63 0 2
3911 31 63 4 63 63 0 2
3783 27 63 2 63 63 0 2
3757 27 63 2 63 63 0 2
3931 26 63 2 63 63 0 1
3884 27 63 2 63 63 0 1
3851 26 63 2 63 63 0 1
3833 26 63 2 63 63 0 1
3829 32 63 3 63 63 0 2
3717 29 63 3 63 63 0 1
3941 27 63 3 63 63 0 1
3922 29 63 3 63 63 0 1
3944 32 63 3 63 63 0 2
3964 30 63 3 63 63 0 1
3919 30 63 3 63 63 0 1
3822 32 63 3 63 63 0 2
3904 31 63 3 63 63 0 2
3876 31 63 3 63 63 0 2
3706 32 63 3 63 63 0 2
3973 33 63 3 63 63 0 2
3880 30 63 3 63 63 0 1
3942 34 63 3 63 63 0 1
3753 32 63 3 63 63 0 1
3797 33 63 3 63 63 0 1
3999 33 63 3 63 63 0 2
3999 33 63 3 63 63 0 2
3898 33 63 3 63 63 0 2
3848 32 63 3 63 63 0 2
3691 34 63 3 63 63 0 2
3765 35 63 3 63 63 0 2
3823 41 63 5 63 63 0 2
3823 41 63 4 63 63 0 2
3875 37 63 3 63 63 0 2
3987 38 63 3 63 63 0 2
3886 38 63 3 63 63 0 2
3936 36 63 3 63 63 0 2
3922 39 63 3 63 63 0 2
3970 38 63 3 63 63 0 2
3866 35 63 4 63 63 0 1
3913 35 63 4 63 63 0 1
3908 35 63 3 63 63 0 1
3886 34 63 3 63 63 0 1
3891 35 63 3 63 63 0 2
3913 34 63 3 63 63 0 2
3911 32 63 3 63 63 0 2
3819 36 63 3 63 63 0 2
3896 38 63 4 63 63 0 2
3852 39 63 4 63 63 0 2
3859 38 63 4 63 63 0 2
3756 38 63 4 63 63 0 2
3939 38 63 4 63 63 0 2
3957 40 63 4 63 63 0 2
3892 38 63 4 63 63 0 2
3778 39 63 4 63 63 0 2
3989 39 63 4 63 63 0 2
3893 43 63 4 63 63 0 2
3857 46 63 4 63 63 0 2
3914 45 63 4 63 63 0 2
3900 44 63 4 63 63 0 2
3945 44 63 4 63 63 0 2
3892 43 63 4 63 63 0 2
3943 44 63 4 63 63 0 2
3892 46 63 4 63 63 0 2
3968 46 63 4 63 63 0 2
3943 44 63 4 63 63 0 2
3986 48 63 4 63 63 0 2
3941 48 63 4 63 63 0 2
3675 46 63 4 63 63 0 2
3905 42 63 4 63 63 0 2
3960 42 63 3 63 63 0 2
3906 42 63 3 63 63 0 2
3877 42 63 3 63 63 0 2
3949 42 63 3 63 63 0 2
3875 41 63 3 63 63 0 2
3891 41 63 3 63 63 0 2
3837 41 63 3 63 63 0 2
3912 43 63 3 63 63 0 2
3932 41 63 3 63 63 0 2
3968 43 63 3 63 63 0 2
3925 45 63 3 63 63 0 2
3889 47 63 3 63 63 0 2
3755 46 63 3 63 63 0 2
3987 46 63 3 63 63 0 2
3962 43 63 3 63 63 0 2
3897 44 63 3 63 63 0 2
3898 43 63 3 63 63 0 2
3949 42 63 3 63 63 0 2
3821 40 63 3 63 63 0 2
3865 40 63 3 63 63 0 2
3922 40 63 3 63 63 0 2
3918 41 63 3 63 63 0 2
3953 40 63 3 63 63 0 2
3931 45 63 4 63 63 0 2
3957 44 63 3 63 63 0 2
3747 48 63 3 63 63 1 2
3913 50 63 3 63 63 1 2
3757 47 63 3 63 63 1 2
3798 51 63 3 63 63 1 2
3997 52 63 3 63 63 1 2
3911 52 63 4 63 63 1 2
3902 50 63 4 63 63 1 2
3779 51 63 4 63 63 1 2
3951 52 63 4 63 63 1 2
3899 53 63 4 63 63 1 2
3901 54 63 4 63 63 1 2
3951 53 63 4 63 63 1 2
3905 53 63 4 63 63 1 2
3904 53 63 4 63 63 1 2
3955 52 63 4 63 63 1 2
3908 50 63 4 63 63 0 2
3823 50 63 4 63 63 0 2
3683 48 63 4 63 63 0 2
3883 49 63 4 63 63 0 2
3962 49 63 4 63 63 0 2
3958 49 63 4 63 63 0 2
3989 52 63 4 63 63 1 2
3863 49 63 4 63 63 0 2
3827 51 63 4 63 63 1 2
3750 49 63 5 63 63 1 2
3841 46 63 4 63 63 0 2
3852 47 63 4 63 63 0 2
3932 50 63 4 63 63 1 2
3887 51 63 4 63 63 1 2
3959 49 63 4 63 63 0 2
3939 50 63 4 63 63 0 2
3888 51 63 4 63 63 0 2
3958 49 63 4 63 63 0 2
3923 49 63 5 63 63 0 2
3736 49 63 5 63 63 0 2
3830 48 63 5 63 63 0 2
3915 49 63 5 63 63 0 2
3956 55 63 5 63 63 1 2
3964 54 63 5 63 63 1 2
3916 56 63 5 63 63 1 2
3828 54 63 5 63 63 1 2
3749 55 63 5 63 63 1 2
3715 55 63 6 63 63 1 2
3848 52 63 5 63 63 1 2
3861 51 63 5 63 63 1 2
