0 1.215412 2.411596 3.623972 4.835336 6.054796 7.269196 8.492704
12000000 1.215412 2.425764 3.646236 4.864684 6.082120 7.301580 8.523064
24000000 1.218448 2.428800 3.649272 4.861648 6.065928 7.285388 8.514968
36000000 1.201244 2.412608 3.624984 4.846468 6.064916 7.275268 8.505860
48000000 1.209340 2.426776 3.636116 4.847480 6.065928 7.281340 8.496752
60000000 1.215412 2.436896 3.646236 4.863672 6.077060 7.295508 8.503836
72000000 1.218448 2.433860 3.646236 4.864684 6.078072 7.290448 8.519016
84000000 1.219460 2.435884 3.653320 4.870756 6.083132 7.295508 8.529136
96000000 1.216424 2.431836 3.650284 4.869744 6.072000 7.278304 8.509908
108000000 1.219460 2.435884 3.654332 4.861648 6.081108 7.301580 8.531160
120000000 1.218448 2.436896 3.650284 4.852540 6.055808 7.273244 8.495740
132000000 1.218448 2.439932 3.656356 4.876828 6.068964 7.288424 8.495740
144000000 1.219460 2.425764 3.644212 4.861648 6.081108 7.301580 8.532172
156000000 1.211364 2.427788 3.647248 4.864684 6.084144 7.299556 8.530148
168000000 1.211364 2.432848 3.650284 4.846468 6.056820 7.274256 8.496752
180000000 1.214400 2.422728 3.641176 4.849504 6.069976 7.283364 8.489668
192000000 1.210352 2.428800 3.648260 4.865696 6.081108 7.276280 8.484608
204000000 1.216424 2.427788 3.647248 4.858612 6.057832 7.277292 8.506872
216000000 1.217436 2.432848 3.652308 4.855576 6.049736 7.248956 8.477524
228000000 1.219460 2.434872 3.653320 4.868732 6.078072 7.296520 8.524076
240000000 1.192136 2.398440 3.608792 4.805988 6.012292 7.227704 8.459308
252000000 1.217436 2.432848 3.642188 4.859624 6.079084 7.298544 8.527112
264000000 1.218448 2.435884 3.639152 4.842420 6.049736 7.269196 8.496752
276000000 1.217436 2.438920 3.659392 4.877840 6.088192 7.306640 8.538244
288000000 1.218448 2.433860 3.645224 4.861648 6.080096 7.298544 8.529136
300000000 1.210352 2.427788 3.634092 4.850516 6.064916 7.274256 8.499788
312000000 1.218448 2.439932 3.656356 4.877840 6.091228 7.305628 8.528124
324000000 1.214400 2.411596 3.614864 4.827240 6.039616 7.256040 8.486632
336000000 1.217436 2.435884 3.646236 4.868732 6.077060 7.295508 8.527112
348000000 1.218448 2.436896 3.638140 4.859624 6.069976 7.289436 8.511932
360000000 1.216424 2.405524 3.624984 4.845456 6.062892 7.267172 8.498776
372000000 1.208328 2.426776 3.645224 4.863672 6.076048 7.286400 8.516992
384000000 1.216424 2.435884 3.654332 4.869744 6.074024 7.293484 8.524076
396000000 1.214400 2.411596 3.629032 4.847480 6.064916 7.284376 8.513956
408000000 1.218448 2.428800 3.640164 4.851528 6.065928 7.280328 8.509908
420000000 1.218448 2.439932 3.658380 4.875816 6.089204 7.290448 8.512944
432000000 1.215412 2.431836 3.632068 4.850516 6.066940 7.269196 8.500800
444000000 1.208328 2.426776 3.642188 4.859624 6.075036 7.283364 8.510920
456000000 1.215412 2.436896 3.654332 4.856588 6.059856 7.279316 8.500800
468000000 1.204280 2.419692 3.628020 4.844444 6.051760 7.258064 8.480560
480000000 1.217436 2.435884 3.655344 4.867720 6.076048 7.286400 8.503836
492000000 1.218448 2.428800 3.639152 4.858612 6.068964 7.277292 8.507884
504000000 1.214400 2.426776 3.644212 4.858612 6.061880 7.279316 8.503836
516000000 1.214400 2.422728 3.643200 4.850516 6.062892 7.273244 8.503836
528000000 1.207316 2.428800 3.647248 4.862660 6.067952 7.288424 8.519016
540000000 1.209340 2.414632 3.630044 4.843432 6.060868 7.271220 8.499788
552000000 1.215412 2.429812 3.650284 4.859624 6.065928 7.277292 8.499788
564000000 1.216424 2.434872 3.653320 4.866708 6.080096 7.282352 8.512944
576000000 1.218448 2.422728 3.630044 4.846468 6.063904 7.276280 8.503836
588000000 1.218448 2.433860 3.654332 4.873792 6.074024 7.275268 8.498776
600000000 1.218448 2.431836 3.648260 4.848492 6.059856 7.263124 8.494728
612000000 1.210352 2.418680 3.637128 4.842420 6.052772 7.269196 8.498776
624000000 1.218448 2.425764 3.645224 4.861648 6.069976 7.282352 8.504848
636000000 1.216424 2.437908 3.656356 4.872780 6.085156 7.303604 8.534196
648000000 1.215412 2.431836 3.652308 4.867720 6.082120 7.293484 8.525088
660000000 1.214400 2.436896 3.655344 4.871768 6.078072 7.295508 8.519016
672000000 1.216424 2.438920 3.659392 4.877840 6.091228 7.300568 8.531160
684000000 1.218448 2.432848 3.652308 4.871768 6.075036 7.292472 8.523064
696000000 1.204280 2.422728 3.633080 4.833312 6.027472 7.237824 8.461332
708000000 1.219460 2.428800 3.640164 4.858612 6.062892 7.282352 8.509908
720000000 1.218448 2.433860 3.638140 4.846468 6.063904 7.282352 8.506872
732000000 1.217436 2.429812 3.649272 4.866708 6.083132 7.298544 8.519016
744000000 1.205292 2.420704 3.629032 4.846468 6.058844 7.262112 8.492704
756000000 1.192136 2.399452 3.617900 4.836348 6.055808 7.267172 8.480560
768000000 1.218448 2.428800 3.644212 4.860636 6.078072 7.296520 8.516992
780000000 1.217436 2.434872 3.653320 4.869744 6.074024 7.292472 8.496752
792000000 1.210352 2.425764 3.642188 4.853552 6.068964 7.289436 8.505860
804000000 1.218448 2.426776 3.646236 4.858612 6.062892 7.280328 8.510920
816000000 1.214400 2.417668 3.636116 4.851528 6.065928 7.282352 8.512944
828000000 1.218448 2.412608 3.632068 4.832300 6.041640 7.248956 8.479548
840000000 1.211364 2.430824 3.640164 4.831288 6.034556 7.254016 8.484608
852000000 1.204280 2.410584 3.631056 4.846468 6.043664 7.262112 8.485620
864000000 1.202256 2.411596 3.631056 4.832300 6.051760 7.271220 8.501812
876000000 1.210352 2.426776 3.646236 4.858612 6.075036 7.285388 8.516992
888000000 1.218448 2.436896 3.648260 4.865696 6.079084 7.290448 8.506872
900000000 1.208328 2.422728 3.630044 4.849504 6.069976 7.289436 8.516992
912000000 1.201244 2.419692 3.629032 4.850516 6.068964 7.280328 8.494728
924000000 1.216424 2.436896 3.631056 4.844444 6.056820 7.277292 8.505860
936000000 1.217436 2.432848 3.629032 4.841408 6.060868 7.246932 8.460320
948000000 1.193148 2.409572 3.616888 4.826228 6.040628 7.238836 8.469428
960000000 1.219460 2.436896 3.639152 4.843432 6.055808 7.259076 8.489668
972000000 1.218448 2.430824 3.642188 4.857600 6.076048 7.294496 8.525088
984000000 1.215412 2.425764 3.641176 4.852540 6.064916 7.282352 8.500800
996000000 1.213388 2.427788 3.638140 4.854564 6.058844 7.277292 8.500800
1008000000 1.217436 2.431836 3.641176 4.850516 6.069976 7.274256 8.502824
1020000000 1.218448 2.436896 3.656356 4.873792 6.088192 7.307652 8.538244
1032000000 1.217436 2.422728 3.642188 4.861648 6.068964 7.282352 8.510920
1044000000 1.202256 2.407548 3.617900 4.833312 6.040628 7.258064 8.481572
1056000000 1.211364 2.421716 3.633080 4.850516 6.068964 7.290448 8.502824
1068000000 1.204280 2.425764 3.637128 4.848492 6.056820 7.267172 8.497764
1080000000 1.200232 2.415644 3.614864 4.818132 6.023424 7.227704 8.457284
1092000000 1.216424 2.432848 3.651296 4.860636 6.075036 7.292472 8.513956
1104000000 1.218448 2.437908 3.657368 4.872780 6.087180 7.307652 8.529136
1116000000 1.217436 2.432848 3.651296 4.862660 6.075036 7.278304 8.496752
1128000000 1.212376 2.422728 3.640164 4.851528 6.061880 7.256040 8.488656
1140000000 1.211364 2.432848 3.651296 4.867720 6.055808 7.275268 8.505860
1152000000 1.213388 2.428800 3.647248 4.858612 6.058844 7.279316 8.490680
1164000000 1.218448 2.436896 3.655344 4.870756 6.069976 7.289436 8.521040
1176000000 1.213388 2.433860 3.652308 4.869744 6.083132 7.301580 8.529136
1188000000 1.209340 2.424752 3.644212 4.861648 6.077060 7.297532 8.525088
1200000000 1.215412 2.415644 3.635104 4.850516 6.065928 7.284376 8.513956
1212000000 1.218448 2.428800 3.647248 4.852540 6.059856 7.278304 8.508896
1224000000 1.205292 2.418680 3.636116 4.851528 6.067952 7.279316 8.509908
1236000000 1.205292 2.403500 3.622960 4.840396 6.054796 7.267172 8.494728
1248000000 1.217436 2.436896 3.641176 4.859624 6.069976 7.286400 8.500800
1260000000 1.219460 2.421716 3.641176 4.845456 6.051760 7.259076 8.457284
1272000000 1.216424 2.418680 3.637128 4.853552 6.061880 7.273244 8.493716
1284000000 1.215412 2.429812 3.645224 4.863672 6.078072 7.294496 8.509908
1296000000 1.214400 2.431836 3.650284 4.860636 6.078072 7.297532 8.515980
1308000000 1.216424 2.424752 3.644212 4.862660 6.045688 7.262112 8.489668
1320000000 1.218448 2.424752 3.637128 4.856588 6.057832 7.277292 8.507884
1332000000 1.216424 2.431836 3.636116 4.855576 6.050748 7.258064 8.488656
1344000000 1.217436 2.435884 3.652308 4.870756 6.086168 7.304616 8.526100
1356000000 1.218448 2.439932 3.659392 4.880876 6.095276 7.314736 8.547352
1368000000 1.218448 2.433860 3.654332 4.873792 6.093252 7.311700 8.525088
1380000000 1.210352 2.415644 3.625996 4.842420 6.048724 7.267172 8.491692
1392000000 1.209340 2.424752 3.625996 4.844444 6.058844 7.277292 8.502824
1404000000 1.211364 2.412608 3.632068 4.848492 6.062892 7.273244 8.492704
1416000000 1.218448 2.432848 3.652308 4.858612 6.073012 7.289436 8.500800
1428000000 1.216424 2.429812 3.623972 4.819144 6.029496 7.245920 8.462344
1440000000 1.210352 2.413620 3.624984 4.845456 6.053784 7.273244 8.491692
1452000000 1.206304 2.417668 3.619924 4.841408 6.056820 7.256040 8.473476
1464000000 1.200232 2.421716 3.642188 4.851528 6.043664 7.250980 8.477524
1476000000 1.219460 2.426776 3.635104 4.845456 6.063904 7.282352 8.512944
1488000000 1.218448 2.436896 3.646236 4.840396 6.053784 7.264136 8.492704
1500000000 1.209340 2.428800 3.639152 4.856588 6.066940 7.283364 8.513956
1512000000 1.218448 2.425764 3.645224 4.861648 6.077060 7.296520 8.513956
1524000000 1.209340 2.429812 3.651296 4.871768 6.084144 7.301580 8.467404
1536000000 1.208328 2.429812 3.647248 4.864684 6.070988 7.289436 8.487644
1548000000 1.218448 2.434872 3.653320 4.874804 6.083132 7.300568 8.470440
1560000000 1.199220 2.410584 3.631056 4.850516 6.056820 7.266160 8.411744
1572000000 1.218448 2.429812 3.630044 4.842420 6.055808 7.264136 8.439068
1584000000 1.218448 2.431836 3.647248 4.865696 6.083132 7.295508 8.457284
1596000000 1.216424 2.432848 3.651296 4.869744 6.086168 7.304616 8.490680
1608000000 1.211364 2.424752 3.631056 4.847480 6.060868 7.280328 8.499788
1620000000 1.216424 2.430824 3.642188 4.862660 6.067952 7.274256 8.446152
1632000000 1.210352 2.428800 3.647248 4.848492 6.061880 7.280328 8.508896
1644000000 1.211364 2.432848 3.649272 4.860636 6.072000 7.288424 8.520028
1656000000 1.218448 2.433860 3.653320 4.846468 6.054796 7.247944 8.471452
1668000000 1.218448 2.422728 3.642188 4.861648 6.068964 7.286400 8.519016
1680000000 1.218448 2.429812 3.647248 4.854564 6.066940 7.279316 8.503836
1692000000 1.210352 2.421716 3.640164 4.854564 6.070988 7.289436 8.512944
1704000000 1.209340 2.427788 3.638140 4.838372 6.053784 7.260088 8.485620
1716000000 1.215412 2.436896 3.640164 4.858612 6.068964 7.268184 8.495740
1728000000 1.216424 2.431836 3.648260 4.865696 6.084144 7.302592 8.524076
1740000000 1.219460 2.436896 3.650284 4.867720 6.067952 7.283364 8.515980
1752000000 1.216424 2.438920 3.658380 4.868732 6.083132 7.301580 8.518004
1764000000 1.216424 2.422728 3.643200 4.863672 6.083132 7.291460 8.522052
1776000000 1.209340 2.425764 3.645224 4.855576 6.072000 7.291460 8.522052
1788000000 1.209340 2.427788 3.636116 4.853552 6.064916 7.285388 8.515980
1800000000 1.218448 2.433860 3.651296 4.850516 6.070988 7.280328 8.494728
1812000000 1.218448 2.436896 3.653320 4.872780 6.087180 7.304616 8.528124
1824000000 1.218448 2.438920 3.658380 4.867720 6.080096 7.299556 8.525088
1836000000 1.218448 2.433860 3.644212 4.837360 6.043664 7.265148 8.493716
1848000000 1.219460 2.433860 3.645224 4.862660 6.072000 7.291460 8.506872
1860000000 1.214400 2.434872 3.635104 4.849504 6.060868 7.278304 8.507884
1872000000 1.218448 2.425764 3.644212 4.859624 6.077060 7.288424 8.508896
1884000000 1.218448 2.436896 3.653320 4.847480 6.065928 7.282352 8.498776
1896000000 1.215412 2.422728 3.642188 4.856588 6.068964 7.287412 8.508896
1908000000 1.210352 2.422728 3.489376 4.707824 5.926272 7.146744 8.357096
1920000000 1.218448 2.427788 3.629032 4.846468 6.062892 7.282352 8.504848
1932000000 1.217436 2.419692 3.631056 4.847480 6.059856 7.262112 8.491692
1944000000 1.216424 2.420704 3.641176 4.835336 6.054796 7.265148 8.487644
1956000000 1.210352 2.428800 3.644212 4.847480 6.061880 7.279316 8.506872
1968000000 1.218448 2.431836 3.650284 4.865696 6.078072 7.287412 8.508896
1980000000 1.217436 2.417668 3.637128 4.850516 6.070988 7.286400 8.509908
1992000000 1.216424 2.426776 3.629032 4.849504 6.055808 7.266160 8.480560
2004000000 1.219460 2.438920 3.657368 4.863672 6.077060 7.294496 8.526100
2016000000 1.211364 2.425764 3.636116 4.855576 6.075036 7.287412 8.509908
2028000000 1.218448 2.436896 3.645224 4.860636 6.060868 7.264136 8.491692
2040000000 1.212376 2.431836 3.642188 4.852540 6.063904 7.274256 8.498776
2052000000 1.217436 2.413620 3.621948 4.842420 6.058844 7.275268 8.504848
2064000000 1.214400 2.432848 3.651296 4.861648 6.078072 7.289436 8.520028
2076000000 1.215412 2.434872 3.653320 4.863672 6.074024 7.292472 8.515980
2088000000 1.217436 2.432848 3.652308 4.869744 6.088192 7.307652 8.535208
2100000000 1.216424 2.433860 3.654332 4.870756 6.079084 7.282352 8.512944
2112000000 1.218448 2.436896 3.655344 4.872780 6.087180 7.282352 8.510920
2124000000 1.217436 2.432848 3.644212 4.863672 6.084144 7.293484 8.515980
2136000000 1.218448 2.434872 3.656356 4.867720 6.076048 7.290448 8.521040
2148000000 1.208328 2.429812 3.642188 4.852540 6.048724 7.269196 8.497764
2160000000 1.217436 2.428800 3.645224 4.855576 6.072000 7.283364 8.506872
2172000000 1.218448 2.428800 3.646236 4.864684 6.079084 7.295508 8.527112
2184000000 1.218448 2.429812 3.648260 4.861648 6.074024 7.281340 8.516992
2196000000 1.200232 2.415644 3.634092 4.840396 6.044676 7.264136 8.497764
2208000000 1.218448 2.434872 3.653320 4.848492 6.039616 7.247944 8.470440
2220000000 1.218448 2.439932 3.658380 4.874804 6.079084 7.298544 8.518004
2232000000 1.201244 2.408560 3.618912 4.827240 6.044676 7.262112 8.488656
2244000000 1.202256 2.419692 3.636116 4.845456 6.053784 7.249968 8.451212
2256000000 1.200232 2.421716 3.632068 4.848492 6.060868 7.269196 8.492704
2268000000 1.211364 2.426776 3.643200 4.862660 6.079084 7.280328 8.510920
2280000000 1.217436 2.434872 3.643200 4.860636 6.065928 7.282352 8.504848
2292000000 1.205292 2.415644 3.624984 4.836348 6.038604 7.258064 8.488656
2304000000 1.200232 2.415644 3.633080 4.840396 6.050748 7.270208 8.491692
2316000000 1.211364 2.407548 3.615876 4.834324 6.038604 7.249968 8.480560
2328000000 1.219460 2.440944 3.651296 4.856588 6.054796 7.275268 8.497764
2340000000 1.216424 2.428800 3.647248 4.854564 6.054796 7.270208 8.490680
2352000000 1.216424 2.432848 3.651296 4.858612 6.049736 7.264136 8.485620
2364000000 1.218448 2.413620 3.628020 4.846468 6.054796 7.274256 8.504848
2376000000 1.218448 2.434872 3.637128 4.842420 6.057832 7.279316 8.509908
2388000000 1.207316 2.423740 3.642188 4.859624 6.074024 7.285388 8.514968
2400000000 1.209340 2.430824 3.648260 4.859624 6.063904 7.273244 8.503836
2412000000 1.218448 2.433860 3.653320 4.874804 6.095276 7.311700 8.543304
2424000000 1.213388 2.429812 3.648260 4.865696 6.073012 7.293484 8.515980
2436000000 1.218448 2.434872 3.654332 4.873792 6.086168 7.304616 8.520028
2448000000 1.218448 2.429812 3.648260 4.851528 6.069976 7.289436 8.512944
2460000000 1.201244 2.412608 3.632068 4.848492 6.060868 7.263124 8.484608
2472000000 1.216424 2.423740 3.625996 4.846468 6.057832 7.278304 8.509908
2484000000 1.218448 2.431836 3.649272 4.860636 6.080096 7.297532 8.518004
2496000000 1.215412 2.432848 3.643200 4.860636 6.077060 7.297532 8.527112
2508000000 1.217436 2.438920 3.651296 4.874804 6.087180 7.285388 8.507884
2520000000 1.215412 2.432848 3.651296 4.862660 6.072000 7.293484 8.522052
2532000000 1.209340 2.423740 3.643200 4.863672 6.081108 7.292472 8.523064
2544000000 1.201244 2.411596 3.630044 4.838372 6.045688 7.247944 8.468416
2556000000 1.217436 2.430824 3.648260 4.841408 6.046700 7.262112 8.484608
2568000000 1.206304 2.412608 3.631056 4.844444 6.058844 7.274256 8.498776
2580000000 1.218448 2.440944 3.657368 4.873792 6.085156 7.301580 8.524076
2592000000 1.217436 2.426776 3.633080 4.844444 6.064916 7.283364 8.514968
2604000000 1.200232 2.418680 3.636116 4.856588 6.066940 7.280328 8.510920
2616000000 1.216424 2.437908 3.649272 4.870756 6.083132 7.299556 8.532172
2628000000 1.218448 2.433860 3.640164 4.847480 6.064916 7.285388 8.515980
2640000000 1.218448 2.436896 3.645224 4.855576 6.070988 7.282352 8.512944
2652000000 1.198208 2.418680 3.631056 4.837360 6.049736 7.268184 8.490680
2664000000 1.218448 2.433860 3.649272 4.866708 6.081108 7.299556 8.530148
2676000000 1.210352 2.426776 3.628020 4.841408 6.043664 7.263124 8.493716
2688000000 1.210352 2.431836 3.640164 4.856588 6.068964 7.280328 8.510920
2700000000 1.219460 2.434872 3.649272 4.865696 6.075036 7.285388 8.508896
2712000000 1.219460 2.437908 3.656356 4.875816 6.085156 7.305628 8.533184
2724000000 1.207316 2.427788 3.638140 4.853552 6.039616 7.257052 8.475500
2736000000 1.217436 2.424752 3.643200 4.862660 6.068964 7.291460 8.522052
2748000000 1.210352 2.427788 3.631056 4.840396 6.035568 7.253004 8.482584
2760000000 1.202256 2.423740 3.628020 4.843432 6.054796 7.274256 8.497764
2772000000 1.218448 2.418680 3.637128 4.853552 6.069976 7.290448 8.520028
2784000000 1.219460 2.428800 3.646236 4.864684 6.070988 7.287412 8.508896
2796000000 1.204280 2.425764 3.644212 4.845456 6.029496 7.245920 8.446152
2808000000 1.217436 2.423740 3.630044 4.832300 6.049736 7.264136 8.479548
2820000000 1.218448 2.427788 3.638140 4.853552 6.072000 7.291460 8.501812
2832000000 1.209340 2.422728 3.627008 4.828252 6.044676 7.263124 8.481572
2844000000 1.210352 2.426776 3.639152 4.855576 6.076048 7.294496 8.525088
2856000000 1.216424 2.435884 3.650284 4.851528 6.067952 7.277292 8.504848
2868000000 1.215412 2.434872 3.650284 4.867720 6.081108 7.291460 8.510920
2880000000 1.215412 2.424752 3.629032 4.848492 6.068964 7.277292 8.490680
2892000000 1.218448 2.436896 3.652308 4.861648 6.079084 7.290448 8.522052
2904000000 1.218448 2.432848 3.633080 4.842420 6.056820 7.277292 8.496752
2916000000 1.217436 2.426776 3.637128 4.856588 6.079084 7.299556 8.515980
2928000000 1.211364 2.429812 3.639152 4.849504 6.066940 7.287412 8.509908
2940000000 1.218448 2.443980 3.663440 4.872780 6.086168 7.305628 8.519016
2952000000 1.215412 2.432848 3.651296 4.855576 6.066940 7.280328 8.510920
2964000000 1.218448 2.435884 3.654332 4.858612 6.065928 7.284376 8.511932
2976000000 1.212376 2.423740 3.642188 4.841408 6.041640 7.245920 8.466392
2988000000 1.216424 2.421716 3.624984 4.834324 6.054796 7.275268 8.494728
