nday dem circ circq pack
1 10.583 1.049 0.000 9.534
1 16.271 6.669 0.000 9.602
1 15.926 6.698 0.015 9.213
1 13.924 5.016 0.000 8.908
1 16.664 6.535 0.000 10.130
1 18.847 9.218 0.000 9.629
1 18.058 8.850 0.024 9.184
2 17.646 8.000 0.044 9.602
3 18.172 8.843 0.182 9.147
3 19.246 9.416 0.164 9.665
3 17.592 8.337 0.145 9.110
2 18.015 8.711 0.013 9.292
2 18.661 9.888 0.176 8.597
3 20.285 10.319 0.094 9.872
3 20.483 10.831 0.092 9.561
2 21.416 11.784 0.096 9.537
3 19.340 10.759 0.223 8.358
3 22.700 12.834 0.140 9.726
5 23.844 14.186 0.303 9.356
4 22.576 13.211 0.233 9.132
2 22.310 13.254 0.109 8.948
4 22.869 13.041 0.186 9.642
4 23.639 14.249 0.348 9.043
4 25.983 16.184 0.273 9.526
4 26.778 17.296 0.564 8.918
5 26.506 16.677 0.404 9.425
6 26.456 16.973 0.551 8.932
7 24.955 15.239 0.655 9.061
6 27.574 17.409 0.406 9.759
7 26.158 16.814 0.829 8.514
7 25.806 15.866 0.677 9.262
6 26.605 16.708 0.733 9.164
6 26.792 16.888 0.667 9.238
5 28.983 18.948 0.676 9.360
7 28.975 18.796 0.743 9.436
8 29.407 19.042 0.798 9.567
7 29.267 19.413 0.834 9.019
9 29.280 18.991 1.018 9.271
8 30.030 19.722 0.825 9.483
9 29.820 19.258 1.013 9.549
9 29.244 19.047 1.035 9.162
8 30.884 20.541 1.100 9.243
9 30.682 20.248 1.323 9.111
9 30.643 20.016 1.442 9.186
9 30.581 19.658 0.924 9.999
9 31.140 20.487 0.973 9.680
7 30.984 20.665 0.754 9.565
10 31.111 20.712 1.181 9.218
7 31.086 20.749 0.744 9.593
9 31.112 20.843 0.966 9.303
9 29.748 19.575 1.091 9.083
10 30.157 19.567 0.995 9.595
10 30.914 20.777 1.133 9.004
9 31.581 21.261 0.964 9.356
8 31.934 21.742 0.766 9.426
9 31.897 21.919 0.950 9.028
9 32.690 22.379 1.080 9.231
7 32.581 22.516 0.700 9.365
10 31.093 20.769 1.100 9.224
10 31.827 21.203 1.501 9.124
11 31.641 20.820 1.440 9.381
12 31.111 20.205 1.428 9.479
10 32.230 21.508 1.328 9.394
9 33.571 22.991 1.381 9.199
11 33.913 23.287 1.283 9.343
10 33.265 22.755 1.153 9.356
9 33.893 23.367 1.354 9.172
10 34.050 23.245 1.306 9.499
9 34.879 24.498 1.318 9.063
9 34.899 24.108 1.229 9.561
9 35.407 24.345 1.226 9.835
9 36.061 25.189 1.447 9.425
12 36.571 25.341 1.940 9.290
8 39.029 28.340 1.334 9.355
10 40.301 29.353 1.709 9.239
11 40.477 29.474 1.584 9.419
10 40.651 29.537 1.923 9.192
10 40.586 29.382 1.608 9.596
12 39.641 28.779 1.687 9.175
10 39.916 29.038 1.602 9.276
12 38.895 27.807 1.717 9.371
9 37.536 27.096 1.291 9.149
9 37.006 26.178 1.097 9.732
11 38.702 28.162 1.128 9.413
12 40.379 29.404 1.418 9.558
9 39.232 28.794 1.125 9.313
12 39.000 28.123 1.509 9.368
9 39.157 29.128 1.394 8.635
11 39.726 29.395 1.510 8.820
10 40.305 29.998 1.306 9.001
9 40.323 29.627 1.169 9.528
11 40.478 29.635 1.617 9.227
10 41.276 30.710 1.379 9.187
11 40.777 29.667 1.475 9.634
11 41.315 30.619 1.374 9.322
11 41.238 30.588 1.625 9.024
12 42.422 30.970 1.824 9.628
11 41.126 30.470 1.666 8.990
11 40.470 29.336 1.639 9.495
10 41.172 30.446 1.565 9.162
10 41.387 30.749 1.687 8.951
11 41.111 30.284 1.584 9.244
12 40.220 29.590 1.992 8.638
12 41.504 30.408 2.225 8.870
10 41.733 30.413 1.619 9.701
8 40.859 29.995 1.582 9.282
11 41.541 30.915 1.422 9.203
11 41.137 30.231 1.666 9.239
10 40.381 29.558 1.552 9.272
11 40.506 29.926 1.800 8.779
12 40.508 29.169 2.133 9.206
13 40.716 28.914 2.386 9.416
14 41.369 29.303 2.724 9.342
11 40.489 28.858 2.222 9.410
12 40.630 28.447 2.574 9.609
11 41.466 30.012 2.241 9.213
13 42.313 30.845 2.594 8.875
13 42.387 30.833 2.710 8.844
13 42.365 30.635 2.550 9.180
12 42.390 30.816 2.379 9.195
13 42.624 31.072 2.454 9.098
12 45.008 33.630 2.317 9.061
14 45.143 33.151 2.222 9.770
