nday dem circ circq pack
1 2.423 0.000 0.000 2.423
1 2.431 0.000 0.000 2.431
1 2.463 0.000 0.000 2.463
1 2.359 0.000 0.000 2.359
1 2.447 0.000 0.000 2.447
1 2.448 0.000 0.000 2.448
1 2.411 0.000 0.000 2.411
1 2.385 0.000 0.000 2.385
1 2.312 0.000 0.000 2.312
1 2.418 0.000 0.000 2.418
1 2.403 0.000 0.000 2.403
1 2.376 0.000 0.000 2.376
1 2.375 0.000 0.000 2.375
1 2.383 0.000 0.000 2.383
1 2.390 0.000 0.000 2.390
1 2.318 0.000 0.000 2.318
1 2.403 0.000 0.000 2.403
1 2.313 0.000 0.000 2.313
1 2.398 0.000 0.000 2.398
1 2.390 0.000 0.000 2.390
1 2.432 0.000 0.000 2.432
1 2.420 0.000 0.000 2.420
1 2.381 0.000 0.000 2.381
1 2.419 0.000 0.000 2.419
1 2.368 0.000 0.000 2.368
1 2.400 0.000 0.000 2.400
1 2.380 0.000 0.000 2.380
1 2.328 0.000 0.000 2.328
1 2.352 0.000 0.000 2.352
1 2.362 0.000 0.000 2.362
1 2.424 0.000 0.000 2.424
1 2.395 0.000 0.000 2.395
1 2.451 0.000 0.000 2.451
1 2.384 0.000 0.000 2.384
1 2.436 0.000 0.000 2.436
1 2.411 0.000 0.000 2.411
1 2.404 0.000 0.000 2.404
1 2.355 0.000 0.000 2.355
1 2.399 0.000 0.000 2.399
1 2.427 0.000 0.000 2.427
1 2.378 0.000 0.000 2.378
1 2.371 0.000 0.000 2.371
1 2.271 0.000 0.000 2.271
1 2.357 0.000 0.000 2.357
1 2.441 0.000 0.000 2.441
1 2.381 0.000 0.000 2.381
1 2.401 0.000 0.000 2.401
1 2.384 0.000 0.000 2.384
1 2.412 0.000 0.000 2.412
1 2.421 0.000 0.000 2.421
1 2.436 0.000 0.000 2.436
1 2.403 0.000 0.000 2.403
1 2.396 0.000 0.000 2.396
1 2.371 0.000 0.000 2.371
1 2.403 0.000 0.000 2.403
1 2.406 0.000 0.000 2.406
1 2.398 0.000 0.000 2.398
1 2.363 0.000 0.000 2.363
1 2.419 0.000 0.000 2.419
1 2.395 0.000 0.000 2.395
1 2.351 0.000 0.000 2.351
1 2.409 0.000 0.000 2.409
1 2.340 0.000 0.000 2.340
1 2.404 0.000 0.000 2.404
1 2.380 0.000 0.000 2.380
1 2.431 0.000 0.000 2.431
1 2.351 0.000 0.000 2.351
1 2.367 0.000 0.000 2.367
1 2.463 0.000 0.000 2.463
1 2.360 0.000 0.000 2.360
1 2.456 0.000 0.000 2.456
1 2.391 0.000 0.000 2.391
1 2.329 0.000 0.000 2.329
1 2.351 0.000 0.000 2.351
1 2.343 0.000 0.000 2.343
1 2.382 0.000 0.000 2.382
1 2.405 0.000 0.000 2.405
1 2.420 0.000 0.000 2.420
1 2.437 0.000 0.000 2.437
1 2.480 0.000 0.000 2.480
1 2.446 0.000 0.000 2.446
1 2.402 0.000 0.000 2.402
1 2.387 0.000 0.000 2.387
1 2.414 0.000 0.000 2.414
1 2.284 0.000 0.000 2.284
1 2.373 0.000 0.000 2.373
1 2.356 0.000 0.000 2.356
1 2.456 0.000 0.000 2.456
1 2.417 0.000 0.000 2.417
1 2.331 0.000 0.000 2.331
1 2.412 0.000 0.000 2.412
1 2.420 0.000 0.000 2.420
1 2.373 0.000 0.000 2.373
1 2.453 0.000 0.000 2.453
1 2.436 0.000 0.000 2.436
1 2.425 0.000 0.000 2.425
1 2.290 0.000 0.000 2.290
1 2.387 0.000 0.000 2.387
1 2.411 0.000 0.000 2.411
1 2.370 0.000 0.000 2.370
1 2.424 0.000 0.000 2.424
1 2.380 0.000 0.000 2.380
1 2.412 0.000 0.000 2.412
1 2.339 0.000 0.000 2.339
1 2.445 0.000 0.000 2.445
1 2.331 0.000 0.000 2.331
1 2.439 0.000 0.000 2.439
1 2.355 0.000 0.000 2.355
1 2.437 0.000 0.000 2.437
1 2.372 0.000 0.000 2.372
1 2.407 0.000 0.000 2.407
1 2.410 0.000 0.000 2.410
1 2.403 0.000 0.000 2.403
1 2.384 0.000 0.000 2.384
1 2.364 0.000 0.000 2.364
1 2.402 0.000 0.000 2.402
1 2.377 0.000 0.000 2.377
1 2.400 0.000 0.000 2.400
1 2.399 0.000 0.000 2.399
1 2.437 0.000 0.000 2.437
1 2.438 0.000 0.000 2.438
1 2.440 0.000 0.000 2.440
1 2.379 0.000 0.000 2.379
1 2.391 0.000 0.000 2.391
1 2.313 0.000 0.000 2.313
1 2.353 0.000 0.000 2.353
1 2.375 0.000 0.000 2.375
1 2.361 0.000 0.000 2.361
1 2.367 0.000 0.000 2.367
1 2.427 0.000 0.000 2.427
1 2.400 0.000 0.000 2.400
1 2.440 0.000 0.000 2.440
1 2.365 0.000 0.000 2.365
1 2.446 0.000 0.000 2.446
1 2.420 0.000 0.000 2.420
1 2.440 0.000 0.000 2.440
1 2.371 0.000 0.000 2.371
1 2.497 0.000 0.000 2.497
1 2.438 0.000 0.000 2.438
1 2.318 0.000 0.000 2.318
1 2.374 0.000 0.000 2.374
1 2.397 0.000 0.000 2.397
1 2.463 0.000 0.000 2.463
1 2.429 0.000 0.000 2.429
1 2.374 0.000 0.000 2.374
1 2.461 0.000 0.000 2.461
1 2.428 0.000 0.000 2.428
1 2.398 0.000 0.000 2.398
1 2.319 0.000 0.000 2.319
1 2.404 0.000 0.000 2.404
1 2.349 0.000 0.000 2.349
1 2.369 0.000 0.000 2.369
1 2.407 0.000 0.000 2.407
1 2.366 0.000 0.000 2.366
1 2.317 0.000 0.000 2.317
1 2.360 0.000 0.000 2.360
1 2.358 0.000 0.000 2.358
1 2.375 0.000 0.000 2.375
1 2.315 0.000 0.000 2.315
1 2.378 0.000 0.000 2.378
1 2.337 0.000 0.000 2.337
1 2.473 0.000 0.000 2.473
1 2.392 0.000 0.000 2.392
1 2.398 0.000 0.000 2.398
1 2.471 0.000 0.000 2.471
1 2.449 0.000 0.000 2.449
