nday dem circ circq pack
1 4.638 0.000 0.000 4.638
1 5.448 0.285 0.000 5.163
1 5.921 1.358 0.000 4.562
1 6.579 2.108 0.000 4.471
1 9.279 4.600 0.000 4.679
1 11.227 6.427 0.000 4.801
2 13.806 8.993 0.000 4.813
1 12.895 8.402 0.000 4.493
1 12.708 7.733 0.000 4.975
1 11.434 6.954 0.000 4.479
1 12.691 7.995 0.000 4.696
1 13.005 8.015 0.000 4.990
1 14.056 9.303 0.000 4.752
2 13.975 9.338 0.000 4.637
2 13.985 9.388 0.000 4.598
2 15.190 10.747 0.003 4.440
2 15.708 11.095 0.031 4.582
2 15.029 10.550 0.000 4.478
2 13.900 9.519 0.023 4.357
2 14.625 10.010 0.026 4.589
2 14.153 9.405 0.016 4.731
2 14.164 9.744 0.000 4.420
2 14.199 9.553 0.032 4.614
2 15.433 10.722 0.000 4.711
2 15.184 10.541 0.021 4.621
2 16.178 11.642 0.016 4.519
2 16.642 11.821 0.020 4.802
2 16.985 12.446 0.025 4.514
2 17.068 12.577 0.024 4.468
2 16.987 12.173 0.000 4.814
2 15.296 10.618 0.000 4.678
2 13.734 9.611 0.004 4.119
2 14.652 10.101 0.000 4.551
3 14.200 9.995 0.000 4.205
3 13.852 9.154 0.055 4.643
3 14.551 9.841 0.027 4.683
3 14.476 10.162 0.012 4.303
2 13.958 9.274 0.001 4.683
2 12.970 8.074 0.010 4.886
2 14.747 10.231 0.021 4.495
2 16.438 11.755 0.010 4.673
2 17.902 13.423 0.009 4.471
2 18.008 13.240 0.000 4.768
2 19.859 15.368 0.016 4.475
2 19.111 14.558 0.035 4.518
2 19.159 14.812 0.000 4.347
3 21.269 16.407 0.009 4.853
4 21.503 16.680 0.046 4.777
2 20.497 16.110 0.023 4.364
3 20.303 15.830 0.026 4.447
3 19.858 15.198 0.023 4.637
2 18.838 14.351 0.000 4.486
3 18.461 13.986 0.014 4.461
3 21.743 17.281 0.029 4.433
2 21.829 17.059 0.000 4.770
2 20.369 15.941 0.003 4.424
3 20.589 15.656 0.025 4.908
2 21.328 16.989 0.038 4.301
2 20.428 15.857 0.000 4.571
2 18.971 14.540 0.000 4.431
1 18.648 14.536 0.000 4.112
1 19.104 14.500 0.000 4.604
1 19.166 14.474 0.000 4.692
1 19.408 14.598 0.000 4.810
1 19.328 14.654 0.000 4.674
1 20.019 15.218 0.000 4.801
2 18.288 13.523 0.000 4.764
2 17.282 12.877 0.000 4.405
1 16.507 11.782 0.000 4.724
2 16.341 11.432 0.000 4.910
2 16.774 11.848 0.000 4.926
2 17.002 12.164 0.000 4.838
2 16.758 12.119 0.028 4.612
2 16.638 11.998 0.005 4.636
2 17.295 12.189 0.000 5.106
1 17.018 12.137 0.000 4.880
2 17.467 12.730 0.000 4.737
1 16.725 12.117 0.000 4.608
1 17.759 13.048 0.000 4.711
1 17.669 13.049 0.000 4.620
1 17.621 12.700 0.000 4.921
1 16.457 11.958 0.000 4.499
3 16.894 12.188 0.002 4.704
3 19.579 14.835 0.029 4.714
3 20.535 15.877 0.054 4.603
3 19.369 14.735 0.080 4.554
3 19.799 14.977 0.036 4.786
5 19.605 14.672 0.142 4.791
3 19.658 15.068 0.124 4.467
4 19.158 14.382 0.130 4.646
4 18.544 13.566 0.094 4.883
2 16.854 12.322 0.046 4.486
3 16.680 12.126 0.100 4.454
3 16.827 12.075 0.094 4.657
4 17.814 13.151 0.167 4.497
3 18.112 13.896 0.089 4.127
2 17.687 12.950 0.079 4.657
5 17.389 12.671 0.187 4.531
3 18.048 13.324 0.081 4.643
4 17.833 13.176 0.096 4.561
4 17.335 12.425 0.107 4.802
3 16.373 11.927 0.057 4.389
3 16.384 11.845 0.021 4.517
4 16.637 11.758 0.116 4.763
5 16.969 12.311 0.099 4.559
3 18.798 13.989 0.048 4.761
2 18.890 14.107 0.000 4.783
2 16.760 12.089 0.000 4.671
2 16.712 11.619 0.009 5.084
2 16.109 11.846 0.023 4.239
2 16.604 11.843 0.009 4.753
2 16.529 11.762 0.013 4.754
3 18.384 13.703 0.033 4.648
4 19.360 14.459 0.084 4.816
2 19.166 14.363 0.055 4.749
4 19.357 14.444 0.099 4.814
5 19.404 14.623 0.128 4.653
4 19.244 14.692 0.101 4.450
6 20.173 15.504 0.140 4.529
5 20.629 15.972 0.136 4.520
5 20.402 15.684 0.112 4.606
5 21.033 16.211 0.142 4.680
5 19.833 14.821 0.072 4.940
5 18.947 14.064 0.103 4.780
5 20.156 15.010 0.102 5.044
5 19.568 14.973 0.128 4.468
5 20.370 15.491 0.038 4.840
4 20.600 16.020 0.188 4.392
4 20.681 15.919 0.160 4.602
5 20.210 15.638 0.122 4.450
4 21.737 17.106 0.109 4.522
4 21.675 17.193 0.143 4.339
4 20.050 15.549 0.117 4.384
5 19.967 15.447 0.225 4.295
4 22.345 17.509 0.096 4.740
3 22.733 18.126 0.106 4.501
4 22.718 17.862 0.013 4.843
4 21.092 16.649 0.026 4.417
5 20.731 15.703 0.011 5.017
5 20.399 15.632 0.000 4.767
3 19.118 14.450 0.005 4.664
5 19.635 14.966 0.000 4.670
2 18.790 14.420 0.000 4.370
3 17.796 13.199 0.000 4.597
4 18.323 13.679 0.017 4.627
5 19.198 14.324 0.006 4.868
5 19.095 14.483 0.049 4.563
5 19.157 14.354 0.000 4.803
4 19.076 14.540 0.015 4.521
4 20.307 15.956 0.022 4.329
5 19.056 14.211 0.002 4.843
4 18.573 13.671 0.000 4.902
5 18.651 13.909 0.090 4.652
4 17.677 13.151 0.003 4.523
5 18.442 13.850 0.029 4.563
4 18.883 14.100 0.000 4.783
4 18.651 13.740 0.000 4.911
4 18.488 13.814 0.000 4.674
4 17.753 12.876 0.000 4.877
4 16.678 11.967 0.001 4.710
4 17.072 12.171 0.010 4.890
3 17.529 13.045 0.000 4.484
3 16.604 11.886 0.000 4.718
3 17.252 12.634 0.000 4.618
3 17.831 13.554 0.000 4.277
3 18.162 13.686 0.000 4.476
