nze be neph bph nzph50 nzph90 bph50 bph90
4032 0 63 0 63 63 0 0
4032 1 63 1 63 63 0 0
4032 1 63 1 63 63 0 0
4032 2 63 1 63 63 0 0
4032 6 63 1 63 63 0 0
4032 6 63 1 63 63 0 0
4032 9 63 2 63 63 0 1
4032 7 63 1 63 63 0 1
4032 6 63 1 63 63 0 0
4032 6 63 1 63 63 0 0
4032 6 63 1 63 63 0 0
4032 7 63 1 63 63 0 1
4032 7 63 1 63 63 0 1
4032 8 63 2 63 63 0 1
4032 8 63 2 63 63 0 1
4032 9 63 2 63 63 0 1
4032 10 63 2 63 63 0 1
4032 9 63 2 63 63 0 1
4032 8 63 2 63 63 0 1
4032 10 63 2 63 63 0 1
4032 8 63 2 63 63 0 1
4032 9 63 2 63 63 0 1
4032 9 63 2 63 63 0 1
4032 9 63 2 63 63 0 1
4032 9 63 2 63 63 0 1
4032 10 63 2 63 63 0 1
4032 10 63 2 63 63 0 1
4032 12 63 2 63 63 0 1
4032 11 63 2 63 63 0 1
4032 11 63 2 63 63 0 1
4032 10 63 2 63 63 0 1
4032 9 63 2 63 63 0 1
4032 10 63 2 63 63 0 1
4032 11 63 2 63 63 0 1
4032 9 63 2 63 63 0 1
4032 10 63 2 63 63 0 1
4032 11 63 2 63 63 0 1
4032 10 63 2 63 63 0 1
4032 9 63 2 63 63 0 1
4032 9 63 2 63 63 0 1
4032 11 63 2 63 63 0 1
4032 12 63 2 63 63 0 1
4032 13 63 2 63 63 0 1
4032 14 63 2 63 63 0 1
4032 12 63 2 63 63 0 1
4032 13 63 2 63 63 0 1
4032 15 63 2 63 63 0 1
4032 16 63 2 63 63 0 1
4032 14 63 2 63 63 0 1
4032 14 63 2 63 63 0 1
4032 14 63 2 63 63 0 1
4032 12 63 2 63 63 0 1
4032 14 63 2 63 63 0 1
4032 14 63 2 63 63 0 1
4032 14 63 2 63 63 0 1
4032 15 63 2 63 63 0 1
4032 15 63 2 63 63 0 1
4032 15 63 2 63 63 0 1
4032 15 63 2 63 63 0 1
4032 12 63 2 63 63 0 1
4032 11 63 1 63 63 0 1
4032 11 63 1 63 63 0 1
4032 11 63 1 63 63 0 1
4032 11 63 1 63 63 0 1
4032 11 63 1 63 63 0 1
4032 13 63 1 63 63 0 1
4032 13 63 2 63 63 0 1
4032 11 63 2 63 63 0 1
4032 9 63 1 63 63 0 1
4032 10 63 2 63 63 0 1
4032 10 63 2 63 63 0 1
4032 11 63 2 63 63 0 1
4032 10 63 2 63 63 0 1
4032 10 63 2 63 63 0 1
4032 11 63 2 63 63 0 1
4032 10 63 1 63 63 0 1
4032 12 63 2 63 63 0 1
4032 10 63 1 63 63 0 1
4032 10 63 1 63 63 0 1
4032 10 63 1 63 63 0 1
4032 12 63 1 63 63 0 1
4032 10 63 1 63 63 0 1
4032 13 63 2 63 63 0 1
4032 14 63 2 63 63 0 1
4032 14 63 2 63 63 0 1
4032 13 63 2 63 63 0 1
4032 14 63 2 63 63 0 1
4032 15 63 2 63 63 0 1
4032 16 63 2 63 63 0 1
4032 17 63 2 63 63 0 1
4032 14 63 2 63 63 0 1
4032 13 63 2 63 63 0 1
4032 12 63 2 63 63 0 1
4032 13 63 2 63 63 0 1
4032 14 63 2 63 63 0 1
4032 14 63 2 63 63 0 1
4032 14 63 2 63 63 0 1
4032 15 63 2 63 63 0 1
4032 13 63 2 63 63 0 1
4032 13 63 2 63 63 0 1
4032 13 63 2 63 63 0 1
4032 12 63 2 63 63 0 1
4032 12 63 2 63 63 0 1
4032 12 63 2 63 63 0 1
4032 14 63 2 63 63 0 1
4032 14 63 2 63 63 0 1
4032 12 63 2 63 63 0 1
4032 11 63 2 63 63 0 1
4032 11 63 2 63 63 0 1
4032 10 63 2 63 63 0 1
4032 10 63 2 63 63 0 1
4032 10 63 2 63 63 0 1
4032 13 63 2 63 63 0 1
4032 14 63 2 63 63 0 1
4032 13 63 2 63 63 0 1
4032 14 63 2 63 63 0 1
4032 15 63 3 63 63 0 1
4032 15 63 3 63 63 0 1
4032 18 63 3 63 63 0 1
4032 18 63 3 63 63 0 1
4032 16 63 2 63 63 0 1
4032 17 63 3 63 63 0 1
4032 18 63 3 63 63 0 1
4032 16 63 2 63 63 0 1
4032 16 63 2 63 63 0 1
4032 16 63 2 63 63 0 1
4032 18 63 2 63 63 0 1
4032 19 63 2 63 63 0 1
4032 19 63 2 63 63 0 1
4032 19 63 2 63 63 0 1
4032 21 63 2 63 63 0 1
4032 19 63 2 63 63 0 1
4032 19 63 2 63 63 0 1
4032 21 63 2 63 63 0 1
4032 21 63 2 63 63 0 1
4032 20 63 2 63 63 0 1
4032 21 63 2 63 63 0 1
4032 20 63 2 63 63 0 1
4032 18 63 2 63 63 0 1
4032 18 63 2 63 63 0 1
4032 17 63 2 63 63 0 1
4032 18 63 2 63 63 0 1
4032 17 63 2 63 63 0 1
4032 16 63 2 63 63 0 1
4032 17 63 3 63 63 0 1
4032 17 63 3 63 63 0 1
4032 17 63 3 63 63 0 1
4032 17 63 3 63 63 0 1
4032 16 63 3 63 63 0 1
4032 18 63 3 63 63 0 1
4032 16 63 3 63 63 0 1
4032 15 63 3 63 63 0 1
4032 15 63 3 63 63 0 1
4032 16 63 3 63 63 0 1
4032 15 63 3 63 63 0 1
4032 15 63 3 63 63 0 1
4032 14 63 3 63 63 0 1
4032 14 63 3 63 63 0 1
4032 15 63 3 63 63 0 1
4032 13 63 3 63 63 0 1
4032 13 63 2 63 63 0 1
4032 13 63 2 63 63 0 1
4032 12 63 2 63 63 0 1
4032 13 63 2 63 63 0 1
4032 13 63 2 63 63 0 1
4032 13 63 2 63 63 0 1
