0.038400 8 4 60
6.841600 6 0 1404
7.987200 6 0 1404
9.126400 6 0 1404
10.272000 6 0 1404
11.411200 6 0 1404
12.556800 6 0 1404
13.696000 6 0 1404
14.841600 6 0 1404
15.980800 6 0 1404
17.126400 6 0 1404
18.265600 6 0 1404
19.411200 6 0 1404
20.550400 6 0 1404
21.696000 6 0 1404
22.835200 6 0 1404
23.980800 6 0 1404
25.120000 6 0 1404
26.265600 6 0 1404
27.404800 6 0 1404
28.550400 6 0 1404
29.689600 6 0 1404
30.835200 6 0 1404
31.974400 6 0 1404
33.120000 6 0 1404
34.259200 6 0 1404
35.404800 6 0 1404
36.544000 6 0 1404
37.689600 6 0 1404
38.828800 6 0 1404
39.974400 6 0 1404
41.113600 6 0 1404
42.259200 6 0 1404
43.398400 6 0 1404
44.544000 6 0 1404
45.683200 6 0 1404
46.828800 6 0 1404
47.968000 6 0 1404
49.113600 6 0 1404
50.252800 6 0 1404
51.398400 6 0 1404
52.537600 6 0 1404
53.683200 6 0 1404
54.822400 6 0 1404
55.968000 6 0 1404
57.107200 6 0 1404
58.252800 6 0 1404
59.392000 6 0 1404
60.537600 6 0 1404
61.676800 6 0 1404
62.822400 6 0 1404
63.961600 6 0 1404
65.107200 6 0 1404
66.246400 6 0 1404
67.392000 6 0 1404
68.531200 6 0 1404
69.676800 6 0 1404
70.816000 6 0 1404
71.961600 6 0 1404
73.100800 6 0 1404
74.246400 6 0 1404
75.385600 6 0 1404
76.531200 6 0 1404
77.670400 6 0 1404
78.816000 6 0 1404
79.955200 6 0 1404
81.100800 6 0 1404
82.240000 6 0 1404
83.385600 6 0 1404
84.524800 6 0 1404
85.670400 6 0 1404
86.809600 6 0 1404
87.955200 6 0 1404
89.094400 6 0 1404
90.240000 6 0 1404
91.379200 6 0 1404
92.524800 6 0 1404
93.664000 6 0 1404
94.809600 6 0 1404
95.948800 6 0 1404
97.094400 6 0 1404
98.233600 6 0 1404
99.379200 6 0 1404
100.518400 6 0 1404
101.664000 6 0 1404
102.803200 6 0 1404
103.948800 6 0 1404
105.088000 6 0 1404
106.233600 6 0 1404
107.372800 6 0 1404
108.518400 6 0 1404
109.657600 6 0 1404
110.803200 6 0 1404
111.942400 6 0 1404
113.088000 6 0 1404
114.227200 6 0 1404
115.372800 6 0 1404
116.512000 6 0 1404
117.657600 6 0 1404
118.796800 6 0 1404
119.942400 6 0 1404
121.081600 6 0 1404
122.227200 6 0 1404
123.366400 6 0 1404
124.576000 6 0 1404
125.721600 6 0 1404
126.937600 6 0 1404
128.326400 6 0 1404
129.465600 6 0 1404
130.611200 6 0 1404
131.891200 6 0 1404
133.113600 6 0 1404
134.374400 6 0 1404
135.795200 6 0 1404
136.934400 6 0 1404
138.201600 6 0 1404
139.347200 6 0 1404
140.723200 6 0 1404
142.060800 6 0 1404
143.200000 6 0 1404
144.556800 6 0 1404
145.702400 6 0 1404
146.848000 6 0 1404
148.108800 6 0 1404
149.555200 6 0 1404
150.912000 6 0 1404
152.057600 6 0 1404
153.292800 6 0 1404
154.432000 6 0 1404
155.667200 6 0 1404
157.107200 6 0 1404
158.297600 6 0 1404
159.564800 6 0 1404
160.761600 6 0 1404
161.913600 6 0 1404
163.059200 6 0 1404
164.563200 6 0 1404
165.868800 6 0 1404
167.008000 6 0 1404
168.326400 6 0 1404
169.766400 6 0 1404
170.912000 6 0 1404
172.166400 6 0 1404
173.363200 6 0 1404
174.502400 6 0 1404
175.731200 6 0 1404
176.928000 6 0 1404
178.348800 6 0 1404
179.494400 6 0 1404
180.960000 6 0 1404
182.099200 6 0 1404
183.244800 6 0 1404
184.678400 6 0 1404
185.824000 6 0 1404
186.963200 6 0 1404
188.307200 6 0 1404
189.452800 6 0 1404
190.848000 6 0 1404
192.172800 6 0 1404
193.356800 6 0 1404
194.694400 6 0 1404
196.012800 6 0 1404
197.152000 6 0 1404
198.374400 6 0 1404
199.705600 6 0 1404
200.851200 6 0 1404
202.252800 6 0 1404
203.392000 6 0 1404
204.595200 6 0 1404
205.766400 6 0 1404
207.155200 6 0 1404
208.300800 6 0 1404
209.651200 6 0 1404
211.020800 6 0 1404
212.160000 6 0 1404
213.369600 6 0 1404
214.694400 6 0 1404
215.955200 6 0 1404
217.100800 6 0 1404
218.521600 6 0 1404
219.660800 6 0 1404
220.806400 6 0 1404
221.996800 6 0 1404
223.315200 6 0 1404
224.761600 6 0 1404
225.952000 6 0 1404
227.091200 6 0 1404
228.236800 6 0 1404
229.504000 6 0 1404
230.803200 6 0 1404
232.006400 6 0 1404
233.536000 6 0 1404
234.675200 6 0 1404
235.910400 6 0 1404
237.196800 6 0 1404
238.342400 6 0 1404
239.539200 6 0 1404
240.864000 6 0 1404
242.003200 6 0 1404
243.424000 6 0 1404
244.620800 6 0 1404
245.766400 6 0 1404
247.180800 6 0 1404
248.480000 6 0 1404
249.664000 6 0 1404
250.803200 6 0 1404
252.179200 6 0 1404
253.324800 6 0 1404
254.636800 6 0 1404
255.968000 6 0 1404
257.107200 6 0 1404
258.419200 6 0 1404
259.769600 6 0 1404
260.915200 6 0 1404
262.105600 6 0 1404
263.436800 6 0 1404
264.576000 6 0 1404
265.939200 6 0 1404
267.302400 6 0 1404
268.448000 6 0 1404
269.587200 6 0 1404
271.065600 6 0 1404
272.211200 6 0 1404
273.350400 6 0 1404
274.828800 6 0 1404
275.974400 6 0 1404
277.113600 6 0 1404
278.272000 6 0 1404
279.667200 6 0 1404
280.876800 6 0 1404
282.316800 6 0 1404
283.462400 6 0 1404
284.601600 6 0 1404
285.747200 6 0 1404
287.328000 6 0 1404
288.467200 6 0 1404
289.657600 6 0 1404
290.803200 6 0 1404
292.224000 6 0 1404
293.363200 6 0 1404
294.604800 6 0 1404
295.916800 6 0 1404
297.222400 6 0 1404
298.419200 6 0 1404
299.564800 6 0 1404
301.036800 6 0 1404
302.176000 6 0 1404
303.379200 6 0 1404
304.793600 6 0 1404
305.939200 6 0 1404
307.225600 6 0 1404
308.608000 6 0 1404
309.747200 6 0 1404
311.014400 6 0 1404
312.230400 6 0 1404
313.478400 6 0 1404
314.688000 6 0 1404
316.057600 6 0 1404
317.203200 6 0 1404
318.342400 6 0 1404
319.564800 6 0 1404
320.902400 6 0 1404
322.265600 6 0 1404
323.616000 6 0 1404
324.761600 6 0 1404
325.945600 6 0 1404
327.097600 6 0 1404
328.294400 6 0 1404
329.568000 6 0 1404
331.008000 6 0 1404
332.230400 6 0 1404
333.440000 6 0 1404
334.604800 6 0 1404
335.795200 6 0 1404
337.152000 6 0 1404
338.630400 6 0 1404
339.769600 6 0 1404
341.036800 6 0 1404
342.182400 6 0 1404
343.481600 6 0 1404
344.640000 6 0 1404
346.009600 6 0 1404
347.200000 6 0 1404
348.428800 6 0 1404
349.811200 6 0 1404
350.950400 6 0 1404
352.256000 6 0 1404
353.420800 6 0 1404
354.668800 6 0 1404
355.827200 6 0 1404
357.331200 6 0 1404
358.476800 6 0 1404
359.840000 6 0 1404
361.184000 6 0 1404
362.323200 6 0 1404
363.468800 6 0 1404
364.678400 6 0 1404
366.028800 6 0 1404
367.168000 6 0 1404
368.569600 6 0 1404
369.715200 6 0 1404
370.969600 6 0 1404
372.185600 6 0 1404
373.324800 6 0 1404
374.681600 6 0 1404
376.083200 6 0 1404
377.478400 6 0 1404
378.624000 6 0 1404
379.763200 6 0 1404
380.908800 6 0 1404
382.432000 6 0 1404
383.571200 6 0 1404
384.716800 6 0 1404
385.977600 6 0 1404
387.308800 6 0 1404
388.448000 6 0 1404
389.715200 6 0 1404
391.155200 6 0 1404
392.300800 6 0 1404
393.574400 6 0 1404
394.713600 6 0 1404
395.859200 6 0 1404
397.190400 6 0 1404
398.560000 6 0 1404
399.699200 6 0 1404
401.004800 6 0 1404
402.406400 6 0 1404
403.552000 6 0 1404
404.940800 6 0 1404
406.080000 6 0 1404
407.225600 6 0 1404
408.473600 6 0 1404
409.952000 6 0 1404
411.091200 6 0 1404
412.236800 6 0 1404
413.676800 6 0 1404
414.835200 6 0 1404
415.974400 6 0 1404
417.350400 6 0 1404
418.496000 6 0 1404
419.776000 6 0 1404
421.209600 6 0 1404
422.348800 6 0 1404
423.494400 6 0 1404
424.979200 6 0 1404
426.118400 6 0 1404
427.264000 6 0 1404
428.665600 6 0 1404
429.913600 6 0 1404
431.052800 6 0 1404
432.403200 6 0 1404
433.600000 6 0 1404
434.745600 6 0 1404
436.102400 6 0 1404
437.299200 6 0 1404
438.438400 6 0 1404
439.929600 6 0 1404
441.273600 6 0 1404
442.419200 6 0 1404
443.705600 6 0 1404
444.844800 6 0 1404
445.990400 6 0 1404
447.212800 6 0 1404
448.460800 6 0 1404
449.664000 6 0 1404
450.950400 6 0 1404
452.102400 6 0 1404
453.427200 6 0 1404
454.713600 6 0 1404
456.025600 6 0 1404
457.184000 6 0 1404
458.566400 6 0 1404
459.827200 6 0 1404
460.966400 6 0 1404
462.208000 6 0 1404
463.404800 6 0 1404
464.620800 6 0 1404
465.971200 6 0 1404
467.340800 6 0 1404
468.486400 6 0 1404
469.721600 6 0 1404
470.854400 8 4 60
470.956800 6 0 1404
472.134400 6 0 1404
473.497600 6 0 1404
474.713600 6 0 1404
475.878400 6 0 1404
477.280000 6 0 1404
500.038400 8 4 60
506.841600 5 0 1404
507.987200 5 0 1404
509.126400 5 0 1404
510.272000 5 0 1404
511.411200 5 0 1404
512.556800 5 0 1404
513.696000 5 0 1404
514.841600 5 0 1404
515.980800 5 0 1404
517.126400 5 0 1404
518.265600 5 0 1404
519.411200 5 0 1404
520.550400 5 0 1404
521.696000 5 0 1404
522.835200 5 0 1404
523.980800 5 0 1404
525.120000 5 0 1404
526.265600 5 0 1404
527.404800 5 0 1404
528.550400 5 0 1404
529.689600 5 0 1404
530.835200 5 0 1404
531.974400 5 0 1404
533.120000 5 0 1404
534.259200 5 0 1404
535.404800 5 0 1404
536.544000 5 0 1404
537.689600 5 0 1404
538.828800 5 0 1404
539.974400 5 0 1404
541.113600 5 0 1404
542.259200 5 0 1404
543.398400 5 0 1404
544.544000 5 0 1404
545.683200 5 0 1404
546.828800 5 0 1404
547.968000 5 0 1404
549.113600 5 0 1404
550.252800 5 0 1404
551.398400 5 0 1404
552.537600 5 0 1404
553.683200 5 0 1404
554.822400 5 0 1404
555.968000 5 0 1404
557.107200 5 0 1404
558.252800 5 0 1404
559.392000 5 0 1404
560.537600 5 0 1404
561.676800 5 0 1404
562.822400 5 0 1404
563.961600 5 0 1404
565.107200 5 0 1404
566.246400 5 0 1404
567.392000 5 0 1404
568.531200 5 0 1404
569.676800 5 0 1404
570.816000 5 0 1404
571.961600 5 0 1404
573.100800 5 0 1404
574.246400 5 0 1404
575.385600 5 0 1404
576.531200 5 0 1404
577.670400 5 0 1404
578.816000 5 0 1404
579.955200 5 0 1404
581.100800 5 0 1404
582.240000 5 0 1404
583.385600 5 0 1404
584.524800 5 0 1404
585.670400 5 0 1404
586.809600 5 0 1404
587.955200 5 0 1404
589.094400 5 0 1404
590.240000 5 0 1404
591.379200 5 0 1404
592.524800 5 0 1404
593.664000 5 0 1404
594.809600 5 0 1404
595.948800 5 0 1404
597.094400 5 0 1404
598.233600 5 0 1404
599.379200 5 0 1404
600.518400 5 0 1404
601.664000 5 0 1404
602.803200 5 0 1404
603.948800 5 0 1404
605.088000 5 0 1404
606.233600 5 0 1404
607.372800 5 0 1404
608.518400 5 0 1404
609.657600 5 0 1404
610.803200 5 0 1404
611.942400 5 0 1404
613.088000 5 0 1404
614.227200 5 0 1404
615.372800 5 0 1404
616.512000 5 0 1404
617.657600 5 0 1404
618.796800 5 0 1404
619.942400 5 0 1404
621.081600 5 0 1404
622.227200 5 0 1404
623.411200 5 0 1404
624.550400 5 0 1404
625.734400 5 0 1404
626.912000 5 0 1404
628.352000 5 0 1404
629.497600 5 0 1404
630.720000 5 0 1404
632.128000 5 0 1404
633.267200 5 0 1404
634.592000 5 0 1404
635.980800 5 0 1404
637.126400 5 0 1404
638.265600 5 0 1404
639.564800 5 0 1404
640.710400 5 0 1404
641.958400 5 0 1404
643.097600 5 0 1404
644.505600 5 0 1404
645.683200 5 0 1404
646.918400 5 0 1404
648.473600 5 0 1404
649.619200 5 0 1404
650.771200 5 0 1404
651.916800 5 0 1404
653.318400 5 0 1404
654.464000 5 0 1404
655.955200 5 0 1404
657.196800 5 0 1404
658.342400 5 0 1404
659.686400 5 0 1404
660.832000 5 0 1404
662.048000 5 0 1404
663.193600 5 0 1404
664.550400 5 0 1404
665.696000 5 0 1404
667.193600 5 0 1404
668.339200 5 0 1404
669.568000 5 0 1404
671.014400 5 0 1404
672.160000 5 0 1404
673.350400 5 0 1404
674.809600 5 0 1404
675.955200 5 0 1404
677.100800 5 0 1404
678.240000 5 0 1404
679.705600 5 0 1404
680.851200 5 0 1404
681.996800 5 0 1404
683.200000 5 0 1404
684.595200 5 0 1404
685.945600 5 0 1404
687.084800 5 0 1404
688.281600 5 0 1404
689.964800 5 0 1404
691.110400 5 0 1404
692.256000 5 0 1404
693.395200 5 0 1404
694.668800 5 0 1404
695.814400 5 0 1404
696.979200 5 0 1404
698.438400 5 0 1404
699.635200 5 0 1404
701.056000 5 0 1404
702.201600 5 0 1404
703.347200 5 0 1404
704.819200 5 0 1404
705.958400 5 0 1404
707.104000 5 0 1404
708.256000 5 0 1404
709.619200 5 0 1404
710.771200 5 0 1404
712.275200 5 0 1404
713.414400 5 0 1404
714.611200 5 0 1404
715.846400 5 0 1404
717.132800 5 0 1404
718.329600 5 0 1404
719.731200 5 0 1404
720.876800 5 0 1404
722.214400 5 0 1404
723.360000 5 0 1404
724.556800 5 0 1404
725.702400 5 0 1404
727.104000 5 0 1404
728.441600 5 0 1404
729.689600 5 0 1404
731.116800 5 0 1404
732.262400 5 0 1404
733.408000 5 0 1404
734.822400 5 0 1404
735.961600 5 0 1404
737.113600 5 0 1404
738.265600 5 0 1404
739.686400 5 0 1404
740.832000 5 0 1404
742.278400 5 0 1404
743.424000 5 0 1404
744.787200 5 0 1404
745.932800 5 0 1404
747.200000 5 0 1404
748.441600 5 0 1404
749.798400 5 0 1404
750.944000 5 0 1404
752.089600 5 0 1404
753.382400 5 0 1404
754.688000 5 0 1404
755.827200 5 0 1404
757.312000 5 0 1404
758.457600 5 0 1404
759.788800 5 0 1404
761.132800 5 0 1404
762.278400 5 0 1404
763.424000 5 0 1404
764.563200 5 0 1404
765.811200 5 0 1404
766.969600 5 0 1404
768.601600 5 0 1404
769.747200 5 0 1404
770.892800 5 0 1404
772.032000 5 0 1404
773.382400 5 0 1404
774.553600 5 0 1404
775.763200 5 0 1404
777.145600 5 0 1404
778.291200 5 0 1404
779.513600 5 0 1404
780.800000 5 0 1404
782.214400 5 0 1404
783.360000 5 0 1404
784.691200 5 0 1404
785.945600 5 0 1404
787.321600 5 0 1404
788.467200 5 0 1404
789.612800 5 0 1404
790.771200 5 0 1404
792.160000 5 0 1404
793.427200 5 0 1404
794.662400 5 0 1404
795.801600 5 0 1404
797.062400 5 0 1404
798.297600 5 0 1404
799.686400 5 0 1404
800.832000 5 0 1404
802.361600 5 0 1404
803.507200 5 0 1404
804.652800 5 0 1404
805.792000 5 0 1404
807.212800 5 0 1404
808.358400 5 0 1404
809.772800 5 0 1404
810.918400 5 0 1404
812.236800 5 0 1404
813.580800 5 0 1404
814.732800 5 0 1404
815.878400 5 0 1404
817.043200 5 0 1404
818.617600 5 0 1404
819.769600 5 0 1404
821.164800 5 0 1404
822.310400 5 0 1404
823.456000 5 0 1404
824.595200 5 0 1404
825.766400 5 0 1404
827.200000 5 0 1404
828.556800 5 0 1404
829.702400 5 0 1404
831.014400 5 0 1404
832.160000 5 0 1404
833.408000 5 0 1404
834.553600 5 0 1404
835.929600 5 0 1404
837.222400 5 0 1404
838.380800 5 0 1404
839.596800 5 0 1404
840.972800 5 0 1404
842.118400 5 0 1404
843.558400 5 0 1404
844.748800 5 0 1404
845.964800 5 0 1404
847.398400 5 0 1404
848.544000 5 0 1404
849.689600 5 0 1404
850.848000 5 0 1404
852.179200 5 0 1404
853.510400 5 0 1404
854.649600 5 0 1404
855.910400 5 0 1404
857.056000 5 0 1404
858.336000 5 0 1404
859.788800 5 0 1404
860.934400 5 0 1404
862.246400 5 0 1404
863.392000 5 0 1404
864.819200 5 0 1404
865.964800 5 0 1404
867.270400 5 0 1404
868.416000 5 0 1404
869.817600 5 0 1404
870.963200 5 0 1404
872.281600 5 0 1404
873.427200 5 0 1404
874.758400 5 0 1404
875.968000 5 0 1404
877.318400 5 0 1404
878.624000 5 0 1404
879.788800 5 0 1404
881.139200 5 0 1404
882.284800 5 0 1404
883.430400 5 0 1404
884.627200 5 0 1404
886.086400 5 0 1404
887.225600 5 0 1404
888.652800 5 0 1404
889.798400 5 0 1404
890.963200 5 0 1404
892.140800 5 0 1404
893.888000 5 0 1404
895.033600 5 0 1404
896.179200 5 0 1404
897.318400 5 0 1404
898.464000 5 0 1404
899.846400 5 0 1404
901.177600 5 0 1404
902.355200 5 0 1404
903.827200 5 0 1404
904.966400 5 0 1404
906.112000 5 0 1404
907.507200 5 0 1404
908.646400 5 0 1404
909.792000 5 0 1404
911.084800 5 0 1404
912.288000 5 0 1404
913.427200 5 0 1404
914.822400 5 0 1404
915.968000 5 0 1404
917.126400 5 0 1404
918.547200 5 0 1404
919.878400 5 0 1404
921.062400 5 0 1404
922.208000 5 0 1404
923.686400 5 0 1404
924.883200 5 0 1404
926.028800 5 0 1404
927.251200 5 0 1404
928.595200 5 0 1404
929.817600 5 0 1404
931.168000 5 0 1404
932.352000 5 0 1404
933.728000 5 0 1404
936.243200 5 0 1404
940.288000 5 0 1404
946.598400 5 0 1404
949.510400 5 0 1404
953.088000 5 0 1404
957.011200 5 0 1404
961.049600 5 0 1404
966.764800 5 0 1404
970.054400 8 4 60
971.027200 5 0 1404
975.078400 5 0 1404
1000.038400 8 4 60
1006.867200 4 0 1404
1008.012800 4 0 1404
1009.152000 4 0 1404
1010.297600 4 0 1404
1011.436800 4 0 1404
1012.582400 4 0 1404
1013.721600 4 0 1404
1014.867200 4 0 1404
1016.006400 4 0 1404
1017.152000 4 0 1404
1018.291200 4 0 1404
1019.436800 4 0 1404
1020.576000 4 0 1404
1021.721600 4 0 1404
1022.860800 4 0 1404
1024.006400 4 0 1404
1025.145600 4 0 1404
1026.291200 4 0 1404
1027.430400 4 0 1404
1028.576000 4 0 1404
1029.715200 4 0 1404
1030.860800 4 0 1404
1032.000000 4 0 1404
1033.145600 4 0 1404
1034.284800 4 0 1404
1035.430400 4 0 1404
1036.569600 4 0 1404
1037.715200 4 0 1404
1038.854400 4 0 1404
1040.000000 4 0 1404
1041.139200 4 0 1404
1042.284800 4 0 1404
1043.424000 4 0 1404
1044.556800 8 5 70
1044.620800 4 0 1404
1045.753600 4 0 1404
1046.886400 4 0 1404
1048.019200 4 0 1404
1049.152000 4 0 1404
1050.284800 4 0 1404
1051.424000 4 0 1404
1052.563200 4 0 1404
1053.708800 4 0 1404
1054.848000 4 0 1404
1055.993600 4 0 1404
1057.132800 4 0 1404
1058.278400 4 0 1404
1059.417600 4 0 1404
1060.563200 4 0 1404
1061.702400 4 0 1404
1062.848000 4 0 1404
1063.987200 4 0 1404
1065.132800 4 0 1404
1066.272000 4 0 1404
1067.417600 4 0 1404
1068.556800 4 0 1404
1069.702400 4 0 1404
1070.841600 4 0 1404
1071.987200 4 0 1404
1073.126400 4 0 1404
1074.272000 4 0 1404
1075.411200 4 0 1404
1076.556800 4 0 1404
1077.696000 4 0 1404
1078.841600 4 0 1404
1079.980800 4 0 1404
1081.126400 4 0 1404
1082.265600 4 0 1404
1083.411200 4 0 1404
1084.550400 4 0 1404
1085.696000 4 0 1404
1086.835200 4 0 1404
1087.980800 4 0 1404
1089.120000 4 0 1404
1090.265600 4 0 1404
1091.404800 4 0 1404
1092.550400 4 0 1404
1093.689600 4 0 1404
1094.835200 4 0 1404
1095.974400 4 0 1404
1097.120000 4 0 1404
1098.259200 4 0 1404
1099.404800 4 0 1404
1100.544000 4 0 1404
1101.689600 4 0 1404
1102.828800 4 0 1404
1103.974400 4 0 1404
1105.113600 4 0 1404
1106.259200 4 0 1404
1107.398400 4 0 1404
1108.544000 4 0 1404
1109.683200 4 0 1404
1110.828800 4 0 1404
1111.968000 4 0 1404
1113.113600 4 0 1404
1114.252800 4 0 1404
1115.398400 4 0 1404
1116.537600 4 0 1404
1117.683200 4 0 1404
1118.822400 4 0 1404
1119.968000 4 0 1404
1121.107200 4 0 1404
1122.252800 4 0 1404
1123.392000 4 0 1404
1124.537600 4 0 1404
1125.804800 4 0 1404
1126.995200 4 0 1404
1128.134400 4 0 1404
1129.542400 4 0 1404
1130.688000 4 0 1404
1132.000000 4 0 1404
1133.184000 4 0 1404
1134.323200 4 0 1404
1135.808000 4 0 1404
1136.953600 4 0 1404
1138.374400 4 0 1404
1139.513600 4 0 1404
1140.755200 4 0 1404
1142.220800 4 0 1404
1143.366400 4 0 1404
1144.614400 4 0 1404
1146.009600 4 0 1404
1147.148800 4 0 1404
1148.294400 4 0 1404
1149.433600 4 0 1404
1150.662400 4 0 1404
1152.204800 4 0 1404
1153.350400 4 0 1404
1154.579200 4 0 1404
1155.929600 4 0 1404
1157.068800 4 0 1404
1158.464000 4 0 1404
1159.609600 4 0 1404
1160.857600 4 0 1404
1161.996800 4 0 1404
1163.276800 4 0 1404
1164.422400 4 0 1404
1165.817600 4 0 1404
1167.168000 4 0 1404
1168.345600 4 0 1404
1169.484800 4 0 1404
1170.969600 4 0 1404
1172.281600 4 0 1404
1173.427200 4 0 1404
1174.707200 4 0 1404
1175.846400 4 0 1404
1177.100800 4 0 1404
1178.508800 4 0 1404
1179.654400 4 0 1404
1180.793600 4 0 1404
1182.041600 4 0 1404
1183.238400 4 0 1404
1184.627200 4 0 1404
1185.804800 4 0 1404
1187.251200 4 0 1404
1188.396800 4 0 1404
1189.664000 4 0 1404
1190.886400 4 0 1404
1192.076800 4 0 1404
1193.331200 4 0 1404
1194.470400 4 0 1404
1195.673600 4 0 1404
1197.056000 4 0 1404
1198.368000 4 0 1404
1199.584000 4 0 1404
1201.004800 4 0 1404
1202.150400 4 0 1404
1203.289600 4 0 1404
1204.614400 4 0 1404
1205.760000 4 0 1404
1207.072000 4 0 1404
1208.416000 4 0 1404
1209.555200 4 0 1404
1210.886400 4 0 1404
1212.192000 4 0 1404
1213.510400 4 0 1404
1214.656000 4 0 1404
1215.987200 4 0 1404
1217.158400 4 0 1404
1218.476800 4 0 1404
1219.680000 4 0 1404
1220.819200 4 0 1404
1222.009600 4 0 1404
1223.398400 4 0 1404
1224.588800 4 0 1404
1225.868800 4 0 1404
1227.027200 4 0 1404
1228.236800 4 0 1404
1229.721600 4 0 1404
1230.867200 4 0 1404
1232.153600 4 0 1404
1233.292800 4 0 1404
1234.617600 4 0 1404
1235.929600 4 0 1404
1237.107200 4 0 1404
1238.464000 4 0 1404
1239.609600 4 0 1404
1240.870400 4 0 1404
1242.329600 4 0 1404
1243.468800 4 0 1404
1244.780800 4 0 1404
1245.990400 4 0 1404
1247.308800 4 0 1404
1248.454400 4 0 1404
1249.702400 4 0 1404
1250.944000 4 0 1404
1252.083200 4 0 1404
1253.568000 4 0 1404
1254.713600 4 0 1404
1255.897600 4 0 1404
1257.126400 4 0 1404
1258.297600 4 0 1404
1259.641600 4 0 1404
1260.793600 4 0 1404
1261.945600 4 0 1404
1263.558400 4 0 1404
1264.787200 4 0 1404
1265.926400 4 0 1404
1267.225600 4 0 1404
1268.620800 4 0 1404
1269.766400 4 0 1404
1270.905600 4 0 1404
1272.051200 4 0 1404
1273.292800 4 0 1404
1274.675200 4 0 1404
1276.012800 4 0 1404
1277.158400 4 0 1404
1278.464000 4 0 1404
1279.840000 4 0 1404
1280.979200 4 0 1404
1282.304000 4 0 1404
1283.488000 4 0 1404
1284.633600 4 0 1404
1285.920000 4 0 1404
1287.059200 4 0 1404
1288.416000 4 0 1404
1289.561600 4 0 1404
1291.148800 4 0 1404
1292.288000 4 0 1404
1293.491200 4 0 1404
1294.854400 4 0 1404
1296.000000 4 0 1404
1297.139200 4 0 1404
1298.336000 4 0 1404
1299.667200 4 0 1404
1301.004800 4 0 1404
1302.169600 4 0 1404
1303.315200 4 0 1404
1304.646400 4 0 1404
1306.067200 4 0 1404
1307.238400 4 0 1404
1308.377600 4 0 1404
1309.753600 4 0 1404
1310.899200 4 0 1404
1312.236800 4 0 1404
1313.612800 4 0 1404
1314.752000 4 0 1404
1316.006400 4 0 1404
1317.152000 4 0 1404
1318.534400 4 0 1404
1319.673600 4 0 1404
1321.056000 4 0 1404
1322.201600 4 0 1404
1323.417600 4 0 1404
1324.896000 4 0 1404
1326.035200 4 0 1404
1327.187200 4 0 1404
1328.396800 4 0 1404
1329.542400 4 0 1404
1331.027200 4 0 1404
1332.224000 4 0 1404
1333.363200 4 0 1404
1334.668800 4 0 1404
1335.814400 4 0 1404
1337.254400 4 0 1404
1338.393600 4 0 1404
1339.916800 4 0 1404
1341.062400 4 0 1404
1342.201600 4 0 1404
1343.635200 4 0 1404
1344.780800 4 0 1404
1345.939200 4 0 1404
1347.136000 4 0 1404
1348.326400 4 0 1404
1349.881600 4 0 1404
1351.078400 4 0 1404
1352.217600 4 0 1404
1353.529600 4 0 1404
1354.822400 4 0 1404
1355.968000 4 0 1404
1357.273600 4 0 1404
1358.425600 4 0 1404
1359.564800 4 0 1404
1361.017600 4 0 1404
1362.348800 4 0 1404
1363.494400 4 0 1404
1364.691200 4 0 1404
1366.246400 4 0 1404
1367.385600 4 0 1404
1368.531200 4 0 1404
1369.708800 4 0 1404
1370.937600 4 0 1404
1372.512000 4 0 1404
1373.664000 4 0 1404
1374.803200 4 0 1404
1376.166400 4 0 1404
1377.312000 4 0 1404
1378.451200 4 0 1404
1379.654400 4 0 1404
1380.998400 4 0 1404
1382.355200 4 0 1404
1383.552000 4 0 1404
1384.697600 4 0 1404
1385.868800 4 0 1404
1387.462400 4 0 1404
1388.601600 4 0 1404
1389.747200 4 0 1404
1390.912000 4 0 1404
1392.288000 4 0 1404
1393.542400 4 0 1404
1394.681600 4 0 1404
1396.044800 4 0 1404
1397.369600 4 0 1404
1398.688000 4 0 1404
1399.833600 4 0 1404
1401.030400 4 0 1404
1402.182400 4 0 1404
1403.353600 4 0 1404
1404.768000 4 0 1404
1406.022400 4 0 1404
1407.283200 4 0 1404
1408.576000 4 0 1404
1409.932800 4 0 1404
1411.072000 4 0 1404
1412.435200 4 0 1404
1413.715200 4 0 1404
1414.860800 4 0 1404
1416.076800 4 0 1404
1417.216000 4 0 1404
1418.566400 4 0 1404
1419.712000 4 0 1404
1421.094400 4 0 1404
1422.233600 4 0 1404
1423.571200 4 0 1404
1424.729600 4 0 1404
1426.067200 4 0 1404
1427.219200 4 0 1404
1428.595200 4 0 1404
1429.964800 4 0 1404
1431.110400 4 0 1404
1432.249600 4 0 1404
1433.459200 4 0 1404
1435.507200 4 0 1404
1439.398400 4 0 1404
1443.340800 4 0 1404
1447.680000 4 0 1404
1451.244800 4 0 1404
1456.160000 4 0 1404
1460.140800 4 0 1404
1464.576000 4 0 1404
1468.320000 4 0 1404
1470.054400 -1 2 64
1470.112000 8 4 60
1472.396800 4 0 1404
1476.435200 4 0 1404
1500.038400 8 4 60
1506.854400 6 0 1404
1508.000000 6 0 1404
1509.139200 6 0 1404
1510.284800 6 0 1404
1511.424000 6 0 1404
1512.569600 6 0 1404
1513.708800 6 0 1404
1514.854400 6 0 1404
1515.993600 6 0 1404
1517.139200 6 0 1404
1518.278400 6 0 1404
1519.424000 6 0 1404
1520.563200 6 0 1404
1521.708800 6 0 1404
1522.848000 6 0 1404
1523.993600 6 0 1404
1525.132800 6 0 1404
1526.278400 6 0 1404
1527.417600 6 0 1404
1528.563200 6 0 1404
1529.702400 6 0 1404
1530.848000 6 0 1404
1531.987200 6 0 1404
1533.132800 6 0 1404
1534.272000 6 0 1404
1535.417600 6 0 1404
1536.556800 6 0 1404
1537.702400 6 0 1404
1538.841600 6 0 1404
1539.987200 6 0 1404
1541.126400 6 0 1404
1542.272000 6 0 1404
1543.411200 6 0 1404
1544.556800 6 0 1404
1545.696000 6 0 1404
1546.841600 6 0 1404
1547.980800 6 0 1404
1549.126400 6 0 1404
1550.265600 6 0 1404
1551.411200 6 0 1404
1552.550400 6 0 1404
1553.696000 6 0 1404
1554.835200 6 0 1404
1555.980800 6 0 1404
1557.120000 6 0 1404
1558.265600 6 0 1404
1559.404800 6 0 1404
1560.550400 6 0 1404
1561.689600 6 0 1404
1562.835200 6 0 1404
1563.974400 6 0 1404
1565.120000 6 0 1404
1566.259200 6 0 1404
1567.404800 6 0 1404
1568.544000 6 0 1404
1569.689600 6 0 1404
1570.828800 6 0 1404
1571.974400 6 0 1404
1573.113600 6 0 1404
1574.259200 6 0 1404
1575.398400 6 0 1404
1576.544000 6 0 1404
1577.683200 6 0 1404
1578.828800 6 0 1404
1579.968000 6 0 1404
1581.113600 6 0 1404
1582.252800 6 0 1404
1583.398400 6 0 1404
1584.537600 6 0 1404
1585.683200 6 0 1404
1586.822400 6 0 1404
1587.968000 6 0 1404
1589.107200 6 0 1404
1590.252800 6 0 1404
1591.392000 6 0 1404
1592.537600 6 0 1404
1593.676800 6 0 1404
1594.822400 6 0 1404
1595.961600 6 0 1404
1597.107200 6 0 1404
1598.246400 6 0 1404
1599.392000 6 0 1404
1600.531200 6 0 1404
1601.676800 6 0 1404
1602.816000 6 0 1404
1603.961600 6 0 1404
1605.100800 6 0 1404
1606.246400 6 0 1404
1607.385600 6 0 1404
1608.531200 6 0 1404
1609.670400 6 0 1404
1610.816000 6 0 1404
1611.955200 6 0 1404
1613.100800 6 0 1404
1614.240000 6 0 1404
1615.385600 6 0 1404
1616.524800 6 0 1404
1617.670400 6 0 1404
1618.809600 6 0 1404
1619.955200 6 0 1404
1621.094400 6 0 1404
1622.240000 6 0 1404
1623.379200 6 0 1404
1624.563200 6 0 1404
1625.708800 6 0 1404
1626.995200 6 0 1404
1628.160000 6 0 1404
1629.619200 6 0 1404
1630.758400 6 0 1404
1631.904000 6 0 1404
1633.273600 6 0 1404
1634.425600 6 0 1404
1635.814400 6 0 1404
1636.953600 6 0 1404
1638.323200 6 0 1404
1639.494400 6 0 1404
1640.972800 6 0 1404
1642.118400 6 0 1404
1643.353600 6 0 1404
1644.620800 6 0 1404
1645.760000 6 0 1404
1646.944000 6 0 1404
1648.441600 6 0 1404
1649.587200 6 0 1404
1650.848000 6 0 1404
1652.217600 6 0 1404
1653.356800 6 0 1404
1654.553600 6 0 1404
1655.929600 6 0 1404
1657.075200 6 0 1404
1658.297600 6 0 1404
1659.660800 6 0 1404
1660.800000 6 0 1404
1661.945600 6 0 1404
1663.315200 6 0 1404
1664.620800 6 0 1404
1665.798400 6 0 1404
1667.104000 6 0 1404
1668.262400 6 0 1404
1669.587200 6 0 1404
1670.726400 6 0 1404
1671.974400 6 0 1404
1673.292800 6 0 1404
1674.681600 6 0 1404
1675.929600 6 0 1404
1677.075200 6 0 1404
1678.483200 6 0 1404
1679.622400 6 0 1404
1680.851200 6 0 1404
1682.252800 6 0 1404
1683.398400 6 0 1404
1684.537600 6 0 1404
1685.689600 6 0 1404
1687.027200 6 0 1404
1688.172800 6 0 1404
1689.478400 6 0 1404
1690.796800 6 0 1404
1692.000000 6 0 1404
1693.196800 6 0 1404
1694.419200 6 0 1404
1695.737600 6 0 1404
1697.280000 6 0 1404
1698.419200 6 0 1404
1699.564800 6 0 1404
1700.864000 6 0 1404
1702.182400 6 0 1404
1703.353600 6 0 1404
1704.716800 6 0 1404
1705.856000 6 0 1404
1707.001600 6 0 1404
1708.320000 6 0 1404
1709.459200 6 0 1404
1710.784000 6 0 1404
1711.929600 6 0 1404
1713.472000 6 0 1404
1714.636800 6 0 1404
1715.936000 6 0 1404
1717.132800 6 0 1404
1718.284800 6 0 1404
1719.769600 6 0 1404
1720.908800 6 0 1404
1722.080000 6 0 1404
1723.232000 6 0 1404
1724.582400 6 0 1404
1726.028800 6 0 1404
1727.193600 6 0 1404
1728.428800 6 0 1404
1729.600000 6 0 1404
1730.976000 6 0 1404
1732.121600 6 0 1404
1733.260800 6 0 1404
1734.643200 6 0 1404
1735.788800 6 0 1404
1737.004800 6 0 1404
1738.470400 6 0 1404
1739.609600 6 0 1404
1740.780800 6 0 1404
1742.233600 6 0 1404
1743.379200 6 0 1404
1744.563200 6 0 1404
1746.022400 6 0 1404
1747.161600 6 0 1404
1748.416000 6 0 1404
1749.766400 6 0 1404
1750.912000 6 0 1404
1752.096000 6 0 1404
1753.452800 6 0 1404
1754.592000 6 0 1404
1755.923200 6 0 1404
1757.068800 6 0 1404
1758.233600 6 0 1404
1759.564800 6 0 1404
1760.736000 6 0 1404
1762.201600 6 0 1404
1763.539200 6 0 1404
1764.678400 6 0 1404
1765.849600 6 0 1404
1767.078400 6 0 1404
1768.454400 6 0 1404
1769.600000 6 0 1404
1770.963200 6 0 1404
1772.332800 6 0 1404
1773.472000 6 0 1404
1774.656000 6 0 1404
1775.801600 6 0 1404
1777.056000 6 0 1404
1778.240000 6 0 1404
1779.872000 6 0 1404
1781.011200 6 0 1404
1782.220800 6 0 1404
1783.584000 6 0 1404
1784.729600 6 0 1404
1785.868800 6 0 1404
1787.251200 6 0 1404
1788.396800 6 0 1404
1789.638400 6 0 1404
1790.790400 6 0 1404
1792.249600 6 0 1404
1793.388800 6 0 1404
1794.854400 6 0 1404
1796.000000 6 0 1404
1797.164800 6 0 1404
1798.585600 6 0 1404
1799.724800 6 0 1404
1800.870400 6 0 1404
1802.009600 6 0 1404
1803.526400 6 0 1404
1804.678400 6 0 1404
1805.824000 6 0 1404
1807.283200 6 0 1404
1808.518400 6 0 1404
1809.785600 6 0 1404
1810.924800 6 0 1404
1812.224000 6 0 1404
1813.510400 6 0 1404
1814.796800 6 0 1404
1815.942400 6 0 1404
1817.395200 6 0 1404
1818.534400 6 0 1404
1819.724800 6 0 1404
1821.107200 6 0 1404
1822.252800 6 0 1404
1823.392000 6 0 1404
1824.582400 6 0 1404
1825.862400 6 0 1404
1827.206400 6 0 1404
1828.352000 6 0 1404
1829.689600 6 0 1404
1830.912000 6 0 1404
1832.192000 6 0 1404
1833.632000 6 0 1404
1834.771200 6 0 1404
1836.160000 6 0 1404
1837.305600 6 0 1404
1838.444800 6 0 1404
1839.590400 6 0 1404
1840.896000 6 0 1404
1842.041600 6 0 1404
1843.590400 6 0 1404
1844.928000 6 0 1404
1846.067200 6 0 1404
1847.436800 6 0 1404
1848.582400 6 0 1404
1849.721600 6 0 1404
1850.937600 6 0 1404
1852.230400 6 0 1404
1853.452800 6 0 1404
1854.771200 6 0 1404
1855.916800 6 0 1404
1857.299200 6 0 1404
1858.438400 6 0 1404
1859.865600 6 0 1404
1861.011200 6 0 1404
1862.329600 6 0 1404
1863.520000 6 0 1404
1864.748800 6 0 1404
1866.112000 6 0 1404
1867.251200 6 0 1404
1868.473600 6 0 1404
1869.875200 6 0 1404
1871.065600 6 0 1404
1872.288000 6 0 1404
1873.516800 6 0 1404
1874.662400 6 0 1404
1875.993600 6 0 1404
1877.164800 6 0 1404
1878.406400 6 0 1404
1879.795200 6 0 1404
1880.934400 6 0 1404
1882.208000 6 0 1404
1883.353600 6 0 1404
1884.646400 6 0 1404
1885.984000 6 0 1404
1887.123200 6 0 1404
1888.640000 6 0 1404
1889.785600 6 0 1404
1891.020800 6 0 1404
1892.160000 6 0 1404
1893.523200 6 0 1404
1894.745600 6 0 1404
1896.147200 6 0 1404
1897.318400 6 0 1404
1898.656000 6 0 1404
1899.801600 6 0 1404
1901.049600 6 0 1404
1902.188800 6 0 1404
1903.648000 6 0 1404
1904.793600 6 0 1404
1906.054400 6 0 1404
1907.392000 6 0 1404
1908.563200 6 0 1404
1909.740800 6 0 1404
1910.880000 6 0 1404
1912.236800 6 0 1404
1913.747200 6 0 1404
1914.892800 6 0 1404
1916.032000 6 0 1404
1917.177600 6 0 1404
1918.649600 6 0 1404
1919.788800 6 0 1404
1921.075200 6 0 1404
1922.246400 6 0 1404
1923.577600 6 0 1404
1924.723200 6 0 1404
1926.252800 6 0 1404
1927.392000 6 0 1404
1928.614400 6 0 1404
1929.779200 6 0 1404
1930.924800 6 0 1404
1932.096000 6 0 1404
1933.574400 6 0 1404
1934.713600 6 0 1404
1935.872000 6 0 1404
1937.292800 6 0 1404
1938.438400 6 0 1404
1939.910400 6 0 1404
1941.132800 6 0 1404
1942.297600 6 0 1404
1943.699200 6 0 1404
1944.838400 6 0 1404
1945.984000 6 0 1404
1947.283200 6 0 1404
1948.422400 6 0 1404
1949.683200 6 0 1404
1951.091200 6 0 1404
1952.236800 6 0 1404
1953.452800 6 0 1404
1954.681600 6 0 1404
1956.044800 6 0 1404
1957.203200 6 0 1404
1958.451200 6 0 1404
1959.724800 6 0 1404
1962.323200 6 0 1404
1967.699200 6 0 1404
1970.054400 8 4 60
1971.334400 6 0 1404
1975.468800 6 0 1404
2000.038400 8 4 60
2006.841600 5 0 1404
2007.987200 5 0 1404
2009.132800 5 0 1404
2010.272000 5 0 1404
2011.417600 5 0 1404
2012.556800 5 0 1404
2013.702400 5 0 1404
2014.841600 5 0 1404
2015.987200 5 0 1404
2017.126400 5 0 1404
2018.272000 5 0 1404
2019.411200 5 0 1404
2020.556800 5 0 1404
2021.696000 5 0 1404
2022.841600 5 0 1404
2023.980800 5 0 1404
2025.126400 5 0 1404
2026.272000 5 0 1404
2027.417600 5 0 1404
2028.556800 5 0 1404
2029.702400 5 0 1404
2030.841600 5 0 1404
2031.987200 5 0 1404
2033.126400 5 0 1404
2034.272000 5 0 1404
2035.411200 5 0 1404
2036.556800 5 0 1404
2037.696000 5 0 1404
2038.841600 5 0 1404
2039.980800 5 0 1404
2041.126400 5 0 1404
2042.265600 5 0 1404
2043.411200 5 0 1404
2044.550400 5 0 1404
2045.696000 5 0 1404
2046.835200 5 0 1404
2047.980800 5 0 1404
2049.120000 5 0 1404
2050.265600 5 0 1404
2051.404800 5 0 1404
2052.550400 5 0 1404
2053.689600 5 0 1404
2054.835200 5 0 1404
2055.974400 5 0 1404
2057.120000 5 0 1404
2058.259200 5 0 1404
2059.404800 5 0 1404
2060.544000 5 0 1404
2061.689600 5 0 1404
2062.828800 5 0 1404
2063.974400 5 0 1404
2065.113600 5 0 1404
2066.259200 5 0 1404
2067.398400 5 0 1404
2068.544000 5 0 1404
2069.683200 5 0 1404
2070.828800 5 0 1404
2071.968000 5 0 1404
2073.113600 5 0 1404
2074.252800 5 0 1404
2075.398400 5 0 1404
2076.537600 5 0 1404
2077.683200 5 0 1404
2078.822400 5 0 1404
2079.968000 5 0 1404
2081.107200 5 0 1404
2082.252800 5 0 1404
2083.392000 5 0 1404
2084.537600 5 0 1404
2085.676800 5 0 1404
2086.822400 5 0 1404
2087.961600 5 0 1404
2089.107200 5 0 1404
2090.246400 5 0 1404
2091.392000 5 0 1404
2092.531200 5 0 1404
2093.676800 5 0 1404
2094.816000 5 0 1404
2095.961600 5 0 1404
2097.100800 5 0 1404
2098.246400 5 0 1404
2099.385600 5 0 1404
2100.531200 5 0 1404
2101.670400 5 0 1404
2102.816000 5 0 1404
2103.955200 5 0 1404
2105.100800 5 0 1404
2106.240000 5 0 1404
2107.385600 5 0 1404
2108.524800 5 0 1404
2109.670400 5 0 1404
2110.809600 5 0 1404
2111.955200 5 0 1404
2113.094400 5 0 1404
2114.240000 5 0 1404
2115.379200 5 0 1404
2116.524800 5 0 1404
2117.664000 5 0 1404
2118.809600 5 0 1404
2119.948800 5 0 1404
2121.094400 5 0 1404
2122.233600 5 0 1404
2123.379200 5 0 1404
2124.563200 5 0 1404
2125.702400 5 0 1404
2127.014400 5 0 1404
2128.300800 5 0 1404
2129.446400 5 0 1404
2130.912000 5 0 1404
2132.057600 5 0 1404
2133.203200 5 0 1404
2134.553600 5 0 1404
2135.955200 5 0 1404
2137.094400 5 0 1404
2138.240000 5 0 1404
2139.507200 5 0 1404
2140.646400 5 0 1404
2142.169600 5 0 1404
2143.315200 5 0 1404
2144.460800 5 0 1404
2145.689600 5 0 1404
2147.104000 5 0 1404
2148.243200 5 0 1404
2149.657600 5 0 1404
2150.803200 5 0 1404
2152.409600 5 0 1404
2153.555200 5 0 1404
2154.700800 5 0 1404
2155.974400 5 0 1404
2157.113600 5 0 1404
2158.355200 5 0 1404
2159.539200 5 0 1404
2160.704000 5 0 1404
2161.984000 5 0 1404
2163.443200 5 0 1404
2164.588800 5 0 1404
2166.009600 5 0 1404
2167.155200 5 0 1404
2168.352000 5 0 1404
2169.625600 5 0 1404
2171.014400 5 0 1404
2172.160000 5 0 1404
2173.305600 5 0 1404
2174.444800 5 0 1404
2175.782400 5 0 1404
2177.228800 5 0 1404
2178.374400 5 0 1404
2179.571200 5 0 1404
2180.755200 5 0 1404
2182.188800 5 0 1404
2183.334400 5 0 1404
2184.620800 5 0 1404
2185.843200 5 0 1404
2186.988800 5 0 1404
2188.294400 5 0 1404
2189.830400 5 0 1404
2190.976000 5 0 1404
2192.121600 5 0 1404
2193.299200 5 0 1404
2194.630400 5 0 1404
2195.782400 5 0 1404
2197.280000 5 0 1404
2198.419200 5 0 1404
2199.692800 5 0 1404
2200.992000 5 0 1404
2202.137600 5 0 1404
2203.283200 5 0 1404
2204.672000 5 0 1404
2205.811200 5 0 1404
2207.033600 5 0 1404
2208.352000 5 0 1404
2209.497600 5 0 1404
2210.867200 5 0 1404
2212.396800 5 0 1404
2213.542400 5 0 1404
2214.688000 5 0 1404
2216.000000 5 0 1404
2217.139200 5 0 1404
2218.400000 5 0 1404
2219.731200 5 0 1404
2220.876800 5 0 1404
2222.054400 5 0 1404
2223.430400 5 0 1404
2224.697600 5 0 1404
2225.932800 5 0 1404
2227.193600 5 0 1404
2228.531200 5 0 1404
2229.676800 5 0 1404
2230.950400 5 0 1404
2232.096000 5 0 1404
2233.388800 5 0 1404
2234.534400 5 0 1404
2235.910400 5 0 1404
2237.088000 5 0 1404
2238.374400 5 0 1404
2239.520000 5 0 1404
2240.806400 5 0 1404
2242.016000 5 0 1404
2243.296000 5 0 1404
2244.556800 5 0 1404
2246.003200 5 0 1404
2247.148800 5 0 1404
2248.416000 5 0 1404
2249.587200 5 0 1404
2250.892800 5 0 1404
2252.038400 5 0 1404
2253.440000 5 0 1404
2254.854400 5 0 1404
2256.000000 5 0 1404
2257.235200 5 0 1404
2258.380800 5 0 1404
2259.552000 5 0 1404
2261.068800 5 0 1404
2262.214400 5 0 1404
2263.379200 5 0 1404
2264.556800 5 0 1404
2265.715200 5 0 1404
2267.148800 5 0 1404
2268.473600 5 0 1404
2269.619200 5 0 1404
2270.969600 5 0 1404
2272.288000 5 0 1404
2273.433600 5 0 1404
2274.579200 5 0 1404
2275.948800 5 0 1404
2277.190400 5 0 1404
2278.521600 5 0 1404
2279.718400 5 0 1404
2280.857600 5 0 1404
2282.060800 5 0 1404
2283.603200 5 0 1404
2284.748800 5 0 1404
2285.894400 5 0 1404
2287.052800 5 0 1404
2288.243200 5 0 1404
2289.536000 5 0 1404
2290.976000 5 0 1404
2292.121600 5 0 1404
2293.465600 5 0 1404
2294.700800 5 0 1404
2295.846400 5 0 1404
2299.270400 5 0 1404
2300.441600 2 0 1400
2301.568000 5 0 1404
2302.700800 1 0 1400
2303.827200 3 0 1400
2304.953600 5 0 1404
2306.086400 5 0 1404
2307.219200 5 0 1404
2308.352000 5 0 1404
2309.484800 5 0 1404
2310.617600 5 0 1404
2311.750400 5 0 1404
2312.883200 5 0 1404
2314.016000 5 0 1404
2315.148800 5 0 1404
2316.281600 5 0 1404
2317.414400 5 0 1404
2318.547200 5 0 1404
2319.680000 5 0 1404
2320.812800 5 0 1404
2321.945600 5 0 1404
2323.078400 5 0 1404
2324.211200 5 0 1404
2325.344000 5 0 1404
2326.476800 5 0 1404
2327.609600 5 0 1404
2328.742400 5 0 1404
2329.875200 5 0 1404
2331.008000 5 0 1404
2332.140800 5 0 1404
2333.273600 5 0 1404
2334.406400 5 0 1404
2335.539200 5 0 1404
2336.672000 5 0 1404
2337.804800 5 0 1404
2338.937600 5 0 1404
2340.070400 5 0 1404
2341.203200 5 0 1404
2342.336000 5 0 1404
2343.468800 5 0 1404
2344.601600 5 0 1404
2345.734400 0 0 1400
2347.296000 2 0 1400
2348.422400 5 0 1404
2349.555200 5 0 1404
2350.688000 5 0 1404
2351.820800 3 0 1400
2352.947200 5 0 1404
2354.080000 5 0 1404
2355.212800 5 0 1404
2356.345600 5 0 1404
2357.478400 1 0 1400
2358.604800 5 0 1404
2359.737600 5 0 1404
2360.870400 5 0 1404
2362.003200 5 0 1404
2363.136000 5 0 1404
2364.268800 5 0 1404
2365.401600 5 0 1404
2366.534400 5 0 1404
2367.667200 5 0 1404
2368.800000 5 0 1404
2369.932800 5 0 1404
2371.065600 5 0 1404
2372.198400 5 0 1404
2373.331200 5 0 1404
2374.464000 5 0 1404
2375.596800 5 0 1404
2376.729600 5 0 1404
2377.862400 5 0 1404
2378.995200 5 0 1404
2380.128000 5 0 1404
2381.260800 5 0 1404
2382.393600 5 0 1404
2383.526400 5 0 1404
2384.659200 5 0 1404
2385.792000 0 0 1400
2390.675200 2 0 1400
2391.814400 3 0 1400
2392.953600 1 0 1400
2394.092800 0 0 1400
2437.433600 2 0 1400
2438.572800 3 0 1400
2439.712000 1 0 1400
2440.851200 0 0 1400
2470.054400 8 4 60
2484.454400 2 0 1400
2485.593600 3 0 1400
2486.732800 1 0 1400
2487.872000 0 0 1400
2500.038400 8 4 60
2506.873600 4 0 1404
2508.012800 4 0 1404
2509.158400 4 0 1404
2510.297600 4 0 1404
2511.443200 4 0 1404
2512.582400 4 0 1404
2513.728000 4 0 1404
2514.867200 4 0 1404
2516.012800 4 0 1404
2517.152000 4 0 1404
2518.297600 4 0 1404
2519.436800 4 0 1404
2520.582400 4 0 1404
2521.721600 4 0 1404
2522.867200 4 0 1404
2524.006400 4 0 1404
2525.152000 4 0 1404
2526.291200 4 0 1404
2527.436800 4 0 1404
2528.576000 4 0 1404
2529.721600 4 0 1404
2530.860800 4 0 1404
2534.342400 2 0 1400
2535.468800 4 0 1404
2536.601600 3 0 1400
2537.728000 4 0 1404
2538.860800 4 0 1404
2539.993600 1 0 1400
2541.120000 4 0 1404
2542.252800 4 0 1404
2543.385600 4 0 1404
2544.518400 8 5 70
2544.582400 4 0 1404
2545.715200 4 0 1404
2546.848000 4 0 1404
2547.980800 4 0 1404
2549.113600 4 0 1404
2550.246400 4 0 1404
2551.379200 4 0 1404
2552.512000 4 0 1404
2553.644800 4 0 1404
2554.777600 4 0 1404
2555.910400 4 0 1404
2557.043200 4 0 1404
2558.176000 4 0 1404
2559.308800 4 0 1404
2560.441600 4 0 1404
2561.574400 4 0 1404
2562.707200 4 0 1404
2563.840000 4 0 1404
2564.972800 4 0 1404
2566.105600 4 0 1404
2567.238400 4 0 1404
2568.371200 4 0 1404
2569.504000 4 0 1404
2570.636800 4 0 1404
2571.769600 4 0 1404
2572.902400 4 0 1404
2574.035200 4 0 1404
2575.168000 4 0 1404
2576.300800 4 0 1404
2577.433600 4 0 1404
2578.566400 0 0 1400
2580.038400 2 0 1400
2581.164800 4 0 1404
2582.297600 4 0 1404
2583.430400 1 0 1400
2584.556800 4 0 1404
2585.689600 0 0 1400
2586.816000 4 0 1404
2587.948800 4 0 1404
2589.081600 4 0 1404
2590.214400 4 0 1404
2591.347200 4 0 1404
2592.480000 4 0 1404
2593.612800 4 0 1404
2594.745600 4 0 1404
2595.878400 4 0 1404
2597.011200 4 0 1404
2598.144000 4 0 1404
2599.276800 4 0 1404
2600.409600 4 0 1404
2601.542400 4 0 1404
2602.675200 4 0 1404
2603.808000 4 0 1404
2604.940800 4 0 1404
2606.073600 4 0 1404
2607.206400 4 0 1404
2608.339200 4 0 1404
2609.472000 4 0 1404
2610.604800 4 0 1404
2611.737600 4 0 1404
2612.870400 4 0 1404
2614.003200 4 0 1404
2615.136000 4 0 1404
2616.268800 4 0 1404
2617.401600 4 0 1404
2618.534400 4 0 1404
2619.667200 4 0 1404
2620.800000 4 0 1404
2621.932800 4 0 1404
2623.065600 4 0 1404
2624.198400 4 0 1404
2625.331200 4 0 1404
2626.464000 3 0 1400
2627.590400 2 0 1400
2628.716800 3 0 1400
2629.843200 4 0 1404
2630.976000 1 0 1400
2632.102400 4 0 1404
2633.235200 4 0 1404
2634.368000 4 0 1404
2635.500800 4 0 1404
2636.633600 4 0 1404
2637.766400 4 0 1404
2638.899200 4 0 1404
2640.032000 4 0 1404
2641.164800 4 0 1404
2642.297600 4 0 1404
2643.430400 4 0 1404
2644.563200 4 0 1404
2645.696000 4 0 1404
2646.828800 4 0 1404
2647.961600 4 0 1404
2649.094400 4 0 1404
2650.227200 4 0 1404
2651.360000 4 0 1404
2652.492800 4 0 1404
2653.625600 4 0 1404
2654.758400 4 0 1404
2655.891200 4 0 1404
2657.024000 4 0 1404
2658.156800 4 0 1404
2659.289600 4 0 1404
2660.422400 4 0 1404
2661.555200 4 0 1404
2662.688000 4 0 1404
2663.820800 4 0 1404
2664.953600 4 0 1404
2666.086400 4 0 1404
2667.219200 4 0 1404
2668.352000 4 0 1404
2669.484800 4 0 1404
2670.617600 4 0 1404
2671.750400 0 0 1400
2672.876800 2 0 1400
2674.003200 3 0 1400
2675.129600 4 0 1404
2676.262400 4 0 1404
2677.395200 4 0 1404
2678.528000 4 0 1404
2679.660800 4 0 1404
2680.793600 4 0 1404
2681.926400 4 0 1404
2683.059200 4 0 1404
2684.192000 4 0 1404
2685.324800 4 0 1404
2686.457600 4 0 1404
2687.590400 4 0 1404
2688.723200 4 0 1404
2689.856000 4 0 1404
2690.988800 4 0 1404
2692.121600 4 0 1404
2693.254400 4 0 1404
2694.387200 4 0 1404
2695.520000 4 0 1404
2696.652800 0 0 1400
2697.779200 4 0 1404
2698.912000 4 0 1404
2700.044800 4 0 1404
2701.177600 4 0 1404
2702.310400 4 0 1404
2703.443200 4 0 1404
2704.576000 4 0 1404
2705.708800 4 0 1404
2706.841600 4 0 1404
2707.974400 4 0 1404
2709.107200 4 0 1404
2710.240000 4 0 1404
2711.372800 4 0 1404
2712.505600 4 0 1404
2713.638400 1 0 1400
2714.764800 4 0 1404
2715.897600 4 0 1404
2717.030400 4 0 1404
2718.163200 4 0 1404
2719.296000 4 0 1404
2720.428800 4 0 1404
2721.561600 1 0 1400
2722.688000 3 0 1400
2723.929600 4 0 1404
2725.075200 4 0 1404
2726.214400 4 0 1404
2727.347200 2 0 1400
2728.473600 4 0 1404
2729.644800 4 0 1404
2730.777600 0 0 1400
2731.904000 4 0 1404
2733.036800 4 0 1404
2734.169600 4 0 1404
2735.302400 4 0 1404
2736.435200 4 0 1404
2737.568000 4 0 1404
2738.700800 4 0 1404
2739.833600 4 0 1404
2740.966400 4 0 1404
2742.099200 4 0 1404
2743.232000 4 0 1404
2744.364800 4 0 1404
2745.497600 4 0 1404
2764.422400 2 0 1400
2765.561600 3 0 1400
2766.700800 1 0 1400
2767.840000 0 0 1400
2810.489600 2 0 1400
2811.628800 3 0 1400
2812.768000 1 0 1400
2813.907200 0 0 1400
2857.491200 2 0 1400
2858.630400 3 0 1400
2859.769600 1 0 1400
2860.908800 0 0 1400
2904.467200 2 0 1400
2905.606400 1 0 1400
2906.745600 3 0 1400
2907.884800 0 0 1400
2950.470400 2 0 1400
2951.609600 3 0 1400
2952.748800 1 0 1400
2953.888000 0 0 1400
2970.054400 -1 2 64
2970.112000 8 4 60
3000.038400 8 4 60
3006.323200 3 0 1404
3018.400000 3 0 1404
3023.865600 3 0 1404
3028.998400 3 0 1404
3035.014400 3 0 1404
3039.616000 3 0 1404
3046.022400 3 0 1404
3051.404800 3 0 1404
3056.409600 3 0 1404
3061.548800 3 0 1404
3067.884800 3 0 1404
3072.556800 3 0 1404
3078.675200 3 0 1404
3083.635200 3 0 1404
3089.785600 3 0 1404
3095.552000 3 0 1404
3101.043200 3 0 1404
3106.444800 3 0 1404
3111.756800 3 0 1404
3117.868800 3 0 1404
3122.662400 3 0 1404
3128.422400 3 0 1404
3133.721600 3 0 1404
3139.673600 3 0 1404
3145.414400 3 0 1404
3151.110400 3 0 1404
3155.974400 3 0 1404
3161.830400 3 0 1404
3167.136000 3 0 1404
3172.729600 3 0 1404
3179.219200 3 0 1404
3183.827200 3 0 1404
3189.625600 3 0 1404
3194.380800 3 0 1404
3201.132800 3 0 1404
3205.587200 3 0 1404
3212.070400 3 0 1404
3217.388800 3 0 1404
3222.950400 3 0 1404
3227.673600 3 0 1404
3234.195200 3 0 1404
3238.438400 3 0 1404
3244.614400 3 0 1404
3250.092800 3 0 1404
3255.929600 3 0 1404
3261.683200 3 0 1404
3267.584000 3 0 1404
3272.524800 3 0 1404
3278.060800 3 0 1404
3284.160000 3 0 1404
3288.716800 3 0 1404
3294.662400 3 0 1404
3300.313600 3 0 1404
3305.548800 3 0 1404
3310.854400 3 0 1404
3316.947200 3 0 1404
3321.785600 3 0 1404
3327.449600 3 0 1404
3333.120000 3 0 1404
3338.387200 3 0 1404
3344.934400 3 0 1404
3346.067200 8 4 60
3349.715200 3 0 1404
3376.038400 8 4 60
3382.284800 2 0 1404
3383.430400 2 0 1404
3384.569600 2 0 1404
3385.715200 2 0 1404
3386.854400 2 0 1404
3388.000000 2 0 1404
3389.139200 2 0 1404
3390.284800 2 0 1404
3391.424000 2 0 1404
3392.569600 2 0 1404
3393.708800 2 0 1404
3394.854400 2 0 1404
3395.993600 2 0 1404
3397.139200 2 0 1404
3398.278400 2 0 1404
3399.424000 2 0 1404
3400.563200 2 0 1404
3401.708800 2 0 1404
3402.848000 2 0 1404
3403.993600 2 0 1404
3405.132800 2 0 1404
3406.278400 2 0 1404
3407.417600 2 0 1404
3408.563200 2 0 1404
3409.702400 2 0 1404
3410.848000 2 0 1404
3411.987200 2 0 1404
3413.132800 2 0 1404
3414.272000 2 0 1404
3415.417600 2 0 1404
3416.556800 2 0 1404
3417.702400 2 0 1404
3418.841600 2 0 1404
3419.987200 2 0 1404
3421.126400 2 0 1404
3422.272000 2 0 1404
3423.411200 2 0 1404
3424.556800 2 0 1404
3425.696000 2 0 1404
3426.841600 2 0 1404
3427.980800 2 0 1404
3429.126400 2 0 1404
3430.265600 2 0 1404
3431.411200 2 0 1404
3432.550400 2 0 1404
3433.696000 2 0 1404
3434.835200 2 0 1404
3435.980800 2 0 1404
3437.120000 2 0 1404
3438.265600 2 0 1404
3439.404800 2 0 1404
3440.550400 2 0 1404
3441.689600 2 0 1404
3442.835200 2 0 1404
3443.974400 2 0 1404
3445.120000 2 0 1404
3446.259200 2 0 1404
3447.404800 2 0 1404
3448.544000 2 0 1404
3449.689600 2 0 1404
3450.828800 2 0 1404
3451.974400 2 0 1404
3453.113600 2 0 1404
3454.259200 2 0 1404
3455.398400 2 0 1404
3456.544000 2 0 1404
3457.683200 2 0 1404
3458.828800 2 0 1404
3459.968000 2 0 1404
3461.113600 2 0 1404
3462.252800 2 0 1404
3463.398400 2 0 1404
3464.537600 2 0 1404
3465.683200 2 0 1404
3466.822400 2 0 1404
3467.968000 2 0 1404
3469.107200 2 0 1404
3470.252800 2 0 1404
3471.392000 2 0 1404
3472.537600 2 0 1404
3473.676800 2 0 1404
3474.822400 2 0 1404
3475.961600 2 0 1404
3477.107200 2 0 1404
3478.246400 2 0 1404
3482.521600 2 0 1404
3487.328000 2 0 1404
3493.030400 2 0 1404
3498.060800 2 0 1404
3503.622400 2 0 1404
3510.419200 2 0 1404
3514.483200 2 0 1404
3520.870400 2 0 1404
3525.996800 2 0 1404
3531.948800 2 0 1404
3536.499200 2 0 1404
3543.398400 2 0 1404
3547.590400 2 0 1404
3553.753600 2 0 1404
3559.136000 2 0 1404
3564.979200 2 0 1404
3569.574400 2 0 1404
3576.300800 2 0 1404
3580.556800 2 0 1404
3587.116800 2 0 1404
3592.748800 2 0 1404
3597.830400 2 0 1404
3603.596800 2 0 1404
3609.574400 2 0 1404
3614.464000 2 0 1404
3619.955200 2 0 1404
3626.214400 2 0 1404
3631.148800 2 0 1404
3636.755200 2 0 1404
3642.464000 2 0 1404
3648.032000 2 0 1404
3653.011200 2 0 1404
3658.784000 2 0 1404
3663.801600 2 0 1404
3669.504000 2 0 1404
3676.435200 2 0 1404
3680.691200 2 0 1404
3687.116800 2 0 1404
3692.384000 2 0 1404
3699.379200 2 0 1404
3704.454400 2 0 1404
3710.425600 2 0 1404
3715.238400 2 0 1404
3721.011200 2 0 1404
3722.144000 8 4 60
3724.723200 2 0 1404
3752.038400 8 4 60
3758.316800 1 0 1404
3759.462400 1 0 1404
3760.601600 1 0 1404
3761.747200 1 0 1404
3762.886400 1 0 1404
3764.032000 1 0 1404
3765.171200 1 0 1404
3766.316800 1 0 1404
3767.456000 1 0 1404
3768.601600 1 0 1404
3769.740800 1 0 1404
3770.886400 1 0 1404
3772.025600 1 0 1404
3773.171200 1 0 1404
3774.310400 1 0 1404
3775.456000 1 0 1404
3776.595200 1 0 1404
3777.740800 1 0 1404
3778.880000 1 0 1404
3780.025600 1 0 1404
3781.171200 1 0 1404
3782.316800 1 0 1404
3783.462400 1 0 1404
3784.601600 1 0 1404
3785.747200 1 0 1404
3786.886400 1 0 1404
3788.032000 1 0 1404
3789.171200 1 0 1404
3790.316800 1 0 1404
3791.456000 1 0 1404
3792.601600 1 0 1404
3793.740800 1 0 1404
3794.886400 1 0 1404
3796.025600 1 0 1404
3797.171200 1 0 1404
3798.310400 1 0 1404
3799.456000 1 0 1404
3800.595200 1 0 1404
3801.740800 1 0 1404
3802.880000 1 0 1404
3804.025600 1 0 1404
3805.164800 1 0 1404
3806.310400 1 0 1404
3807.449600 1 0 1404
3808.595200 1 0 1404
3809.734400 1 0 1404
3810.880000 1 0 1404
3812.019200 1 0 1404
3813.164800 1 0 1404
3814.304000 1 0 1404
3815.449600 1 0 1404
3816.588800 1 0 1404
3817.734400 1 0 1404
3818.873600 1 0 1404
3820.019200 1 0 1404
3821.158400 1 0 1404
3822.304000 1 0 1404
3823.443200 1 0 1404
3824.588800 1 0 1404
3825.728000 1 0 1404
3826.873600 1 0 1404
3828.012800 1 0 1404
3829.158400 1 0 1404
3830.297600 1 0 1404
3831.443200 1 0 1404
3832.582400 1 0 1404
3833.728000 1 0 1404
3834.867200 1 0 1404
3836.012800 1 0 1404
3837.152000 1 0 1404
3838.297600 1 0 1404
3839.436800 1 0 1404
3840.582400 1 0 1404
3841.721600 1 0 1404
3842.867200 1 0 1404
3844.006400 1 0 1404
3845.152000 1 0 1404
3846.291200 1 0 1404
3847.436800 1 0 1404
3848.576000 1 0 1404
3849.721600 1 0 1404
3850.860800 1 0 1404
3852.006400 1 0 1404
3853.145600 1 0 1404
3854.291200 1 0 1404
3855.430400 1 0 1404
3856.576000 1 0 1404
3857.715200 1 0 1404
3858.860800 1 0 1404
3860.000000 1 0 1404
3861.145600 1 0 1404
3862.284800 1 0 1404
3863.430400 1 0 1404
3864.569600 1 0 1404
3865.715200 1 0 1404
3866.854400 1 0 1404
3868.000000 1 0 1404
3869.139200 1 0 1404
3870.284800 1 0 1404
3871.424000 1 0 1404
3872.569600 1 0 1404
3873.708800 1 0 1404
3874.854400 1 0 1404
3875.993600 1 0 1404
3877.312000 1 0 1404
3878.457600 1 0 1404
3879.603200 1 0 1404
3880.928000 1 0 1404
3882.163200 1 0 1404
3883.436800 1 0 1404
3884.768000 1 0 1404
3885.907200 1 0 1404
3887.251200 1 0 1404
3888.396800 1 0 1404
3889.683200 1 0 1404
3890.963200 1 0 1404
3892.108800 1 0 1404
3893.574400 1 0 1404
3894.720000 1 0 1404
3895.865600 1 0 1404
3897.184000 1 0 1404
3898.393600 1 0 1404
3899.750400 1 0 1404
3900.889600 1 0 1404
3902.201600 1 0 1404
3903.417600 1 0 1404
3906.208000 1 0 1404
3909.740800 1 0 1404
3912.992000 1 0 1404
3916.096000 1 0 1404
3920.518400 1 0 1404
3923.737600 1 0 1404
3926.873600 1 0 1404
3929.952000 1 0 1404
3933.408000 1 0 1404
3936.524800 1 0 1404
3940.230400 1 0 1404
3942.924800 1 0 1404
3946.329600 1 0 1404
3949.683200 1 0 1404
3953.056000 1 0 1404
3956.403200 1 0 1404
3960.076800 1 0 1404
3963.052800 1 0 1404
3966.758400 1 0 1404
3969.971200 1 0 1404
3973.292800 1 0 1404
3976.230400 1 0 1404
3979.987200 1 0 1404
3983.225600 1 0 1404
3986.816000 1 0 1404
3990.675200 1 0 1404
3994.150400 1 0 1404
3997.523200 1 0 1404
4003.283200 1 0 1404
4007.872000 1 0 1404
4012.678400 1 0 1404
4017.075200 1 0 1404
4021.849600 1 0 1404
4024.921600 1 0 1404
4028.377600 1 0 1404
4031.276800 1 0 1404
4036.128000 1 0 1404
4037.260800 8 5 70
4041.094400 1 0 1404
4046.105600 1 0 1404
4050.540800 1 0 1404
4055.238400 1 0 1404
4059.904000 1 0 1404
4064.774400 1 0 1404
4069.036800 1 0 1404
4073.593600 1 0 1404
4076.761600 1 0 1404
4080.160000 1 0 1404
4083.020800 1 0 1404
4088.857600 1 0 1404
4092.672000 1 0 1404
4096.531200 1 0 1404
4098.054400 8 4 60
4100.243200 1 0 1404
4104.467200 1 0 1404
4128.038400 8 4 60
4134.316800 0 0 1404
4135.456000 0 0 1404
4136.601600 0 0 1404
4137.740800 0 0 1404
4138.886400 0 0 1404
4140.025600 0 0 1404
4141.171200 0 0 1404
4142.310400 0 0 1404
4143.456000 0 0 1404
4144.595200 0 0 1404
4145.740800 0 0 1404
4146.880000 0 0 1404
4148.025600 0 0 1404
4149.164800 0 0 1404
4150.310400 0 0 1404
4151.449600 0 0 1404
4152.595200 0 0 1404
4153.734400 0 0 1404
4154.880000 0 0 1404
4156.019200 0 0 1404
4157.164800 0 0 1404
4158.304000 0 0 1404
4159.449600 0 0 1404
4160.588800 0 0 1404
4161.734400 0 0 1404
4162.873600 0 0 1404
4164.019200 0 0 1404
4165.158400 0 0 1404
4166.304000 0 0 1404
4167.443200 0 0 1404
4168.588800 0 0 1404
4169.728000 0 0 1404
4170.873600 0 0 1404
4172.012800 0 0 1404
4173.158400 0 0 1404
4174.297600 0 0 1404
4175.443200 0 0 1404
4176.582400 0 0 1404
4177.728000 0 0 1404
4178.867200 0 0 1404
4180.012800 0 0 1404
4181.152000 0 0 1404
4182.297600 0 0 1404
4183.436800 0 0 1404
4184.582400 0 0 1404
4185.721600 0 0 1404
4186.867200 0 0 1404
4188.006400 0 0 1404
4189.152000 0 0 1404
4190.291200 0 0 1404
4191.436800 0 0 1404
4192.576000 0 0 1404
4193.721600 0 0 1404
4194.860800 0 0 1404
4196.006400 0 0 1404
4197.145600 0 0 1404
4198.291200 0 0 1404
4199.430400 0 0 1404
4200.576000 0 0 1404
4201.715200 0 0 1404
4202.860800 0 0 1404
4204.000000 0 0 1404
4205.145600 0 0 1404
4206.284800 0 0 1404
4207.430400 0 0 1404
4208.569600 0 0 1404
4209.715200 0 0 1404
4210.854400 0 0 1404
4212.000000 0 0 1404
4213.139200 0 0 1404
4214.284800 0 0 1404
4215.424000 0 0 1404
4216.569600 0 0 1404
4217.708800 0 0 1404
4218.854400 0 0 1404
4219.993600 0 0 1404
4221.139200 0 0 1404
4222.278400 0 0 1404
4223.424000 0 0 1404
4224.563200 0 0 1404
4225.708800 0 0 1404
4226.848000 0 0 1404
4227.993600 0 0 1404
4229.132800 0 0 1404
4230.278400 0 0 1404
4231.417600 0 0 1404
4232.563200 0 0 1404
4233.702400 0 0 1404
4234.848000 0 0 1404
4235.987200 0 0 1404
4237.132800 0 0 1404
4238.272000 0 0 1404
4239.417600 0 0 1404
4240.556800 0 0 1404
4241.702400 0 0 1404
4242.841600 0 0 1404
4243.987200 0 0 1404
4245.126400 0 0 1404
4246.272000 0 0 1404
4247.411200 0 0 1404
4248.556800 0 0 1404
4249.696000 0 0 1404
4250.841600 0 0 1404
4251.993600 0 0 1404
4253.145600 0 0 1404
4254.483200 0 0 1404
4255.750400 0 0 1404
4257.094400 0 0 1404
4258.233600 0 0 1404
4259.379200 0 0 1404
4260.601600 0 0 1404
4261.926400 0 0 1404
4263.174400 0 0 1404
4264.345600 0 0 1404
4265.670400 0 0 1404
4266.931200 0 0 1404
4268.268800 0 0 1404
4269.408000 0 0 1404
4270.681600 0 0 1404
4271.827200 0 0 1404
4273.075200 0 0 1404
4274.284800 0 0 1404
4275.923200 0 0 1404
4277.062400 0 0 1404
4278.278400 0 0 1404
4279.424000 0 0 1404
4280.716800 0 0 1404
4281.952000 0 0 1404
4283.129600 0 0 1404
4284.563200 0 0 1404
4285.702400 0 0 1404
4287.072000 0 0 1404
4288.217600 0 0 1404
4289.452800 0 0 1404
4290.867200 0 0 1404
4292.012800 0 0 1404
4293.433600 0 0 1404
4294.604800 0 0 1404
4295.744000 0 0 1404
4296.889600 0 0 1404
4298.246400 0 0 1404
4299.545600 0 0 1404
4300.684800 0 0 1404
4302.035200 0 0 1404
4303.206400 0 0 1404
4304.352000 0 0 1404
4305.740800 0 0 1404
4307.212800 0 0 1404
4308.352000 0 0 1404
4309.689600 0 0 1404
4310.835200 0 0 1404
4312.025600 0 0 1404
4313.164800 0 0 1404
4314.489600 0 0 1404
4315.820800 0 0 1404
4317.088000 0 0 1404
4318.233600 0 0 1404
4319.372800 0 0 1404
4320.723200 0 0 1404
4322.009600 0 0 1404
4323.155200 0 0 1404
4324.601600 0 0 1404
4325.740800 0 0 1404
4326.995200 0 0 1404
4328.371200 0 0 1404
4329.516800 0 0 1404
4330.848000 0 0 1404
4332.019200 0 0 1404
4333.158400 0 0 1404
4334.432000 0 0 1404
4336.044800 0 0 1404
4337.190400 0 0 1404
4338.329600 0 0 1404
4339.475200 0 0 1404
4340.742400 0 0 1404
4342.041600 0 0 1404
4343.180800 0 0 1404
4344.390400 0 0 1404
4345.734400 0 0 1404
4346.880000 0 0 1404
4348.294400 0 0 1404
4349.504000 0 0 1404
4350.758400 0 0 1404
4352.089600 0 0 1404
4353.228800 0 0 1404
4354.732800 0 0 1404
4355.878400 0 0 1404
4357.017600 0 0 1404
4358.380800 0 0 1404
4359.526400 0 0 1404
4360.768000 0 0 1404
4362.112000 0 0 1404
4363.251200 0 0 1404
4364.422400 0 0 1404
4365.881600 0 0 1404
4367.027200 0 0 1404
4368.384000 0 0 1404
4369.798400 0 0 1404
4370.937600 0 0 1404
4372.128000 0 0 1404
4373.286400 0 0 1404
4374.700800 0 0 1404
4375.846400 0 0 1404
4376.992000 0 0 1404
4378.483200 0 0 1404
4379.622400 0 0 1404
4380.768000 0 0 1404
4382.060800 0 0 1404
4383.392000 0 0 1404
4384.531200 0 0 1404
4385.836800 0 0 1404
4387.270400 0 0 1404
4388.416000 0 0 1404
4389.657600 0 0 1404
4390.803200 0 0 1404
4392.083200 0 0 1404
4393.408000 0 0 1404
4394.553600 0 0 1404
4396.083200 0 0 1404
4397.228800 0 0 1404
4398.540800 0 0 1404
4399.686400 0 0 1404
4400.832000 0 0 1404
4402.329600 0 0 1404
4403.520000 0 0 1404
4404.857600 0 0 1404
4405.996800 0 0 1404
4407.187200 0 0 1404
4408.332800 0 0 1404
4409.478400 0 0 1404
4411.008000 0 0 1404
4412.147200 0 0 1404
4413.292800 0 0 1404
4414.643200 0 0 1404
4415.782400 0 0 1404
4417.036800 0 0 1404
4418.521600 0 0 1404
4419.667200 0 0 1404
4420.812800 0 0 1404
4422.144000 0 0 1404
4423.296000 0 0 1404
4424.531200 0 0 1404
4425.888000 0 0 1404
4427.027200 0 0 1404
4428.352000 0 0 1404
4429.625600 0 0 1404
4430.771200 0 0 1404
4432.076800 0 0 1404
4433.312000 0 0 1404
4434.636800 0 0 1404
4435.782400 0 0 1404
4436.940800 0 0 1404
4438.316800 0 0 1404
4439.513600 0 0 1404
4440.947200 0 0 1404
4442.092800 0 0 1404
4443.251200 0 0 1404
4444.614400 0 0 1404
4445.971200 0 0 1404
4447.507200 0 0 1404
4452.684800 0 0 1404
4458.092800 0 0 1404
4462.963200 0 0 1404
4468.864000 0 0 1404
4470.054400 -1 2 64
4470.112000 8 4 60
4473.907200 0 0 1404
4500.038400 8 4 60
4506.310400 3 0 1404
4507.456000 3 0 1404
4508.595200 3 0 1404
4509.740800 3 0 1404
4510.880000 3 0 1404
4512.025600 3 0 1404
4513.164800 3 0 1404
4514.310400 3 0 1404
4515.449600 3 0 1404
4516.595200 3 0 1404
4517.734400 3 0 1404
4518.880000 3 0 1404
4520.019200 3 0 1404
4521.164800 3 0 1404
4522.304000 3 0 1404
4523.449600 3 0 1404
4524.588800 3 0 1404
4525.734400 3 0 1404
4526.873600 3 0 1404
4528.019200 3 0 1404
4529.158400 3 0 1404
4530.304000 3 0 1404
4531.443200 3 0 1404
4532.588800 3 0 1404
4533.728000 3 0 1404
4534.873600 3 0 1404
4536.012800 3 0 1404
4537.158400 3 0 1404
4538.297600 3 0 1404
4539.443200 3 0 1404
4540.582400 3 0 1404
4541.728000 3 0 1404
4542.867200 3 0 1404
4544.012800 3 0 1404
4545.152000 3 0 1404
4546.297600 3 0 1404
4547.436800 3 0 1404
4548.582400 3 0 1404
4549.721600 3 0 1404
4550.867200 3 0 1404
4552.006400 3 0 1404
4553.152000 3 0 1404
4554.291200 3 0 1404
4555.436800 3 0 1404
4556.576000 3 0 1404
4557.721600 3 0 1404
4558.860800 3 0 1404
4560.006400 3 0 1404
4561.145600 3 0 1404
4562.291200 3 0 1404
4563.430400 3 0 1404
4564.576000 3 0 1404
4565.715200 3 0 1404
4566.860800 3 0 1404
4568.000000 3 0 1404
4569.145600 3 0 1404
4570.284800 3 0 1404
4571.430400 3 0 1404
4572.569600 3 0 1404
4573.715200 3 0 1404
4574.854400 3 0 1404
4576.000000 3 0 1404
4577.139200 3 0 1404
4578.284800 3 0 1404
4579.424000 3 0 1404
4580.569600 3 0 1404
4581.708800 3 0 1404
4582.854400 3 0 1404
4583.993600 3 0 1404
4585.139200 3 0 1404
4586.278400 3 0 1404
4587.424000 3 0 1404
4588.563200 3 0 1404
4589.708800 3 0 1404
4590.848000 3 0 1404
4591.993600 3 0 1404
4593.132800 3 0 1404
4594.278400 3 0 1404
4595.417600 3 0 1404
4596.563200 3 0 1404
4597.702400 3 0 1404
4598.848000 3 0 1404
4599.987200 3 0 1404
4601.132800 3 0 1404
4602.272000 3 0 1404
4603.417600 3 0 1404
4604.556800 3 0 1404
4605.702400 3 0 1404
4606.841600 3 0 1404
4607.987200 3 0 1404
4609.126400 3 0 1404
4610.272000 3 0 1404
4611.411200 3 0 1404
4612.556800 3 0 1404
4613.696000 3 0 1404
4614.841600 3 0 1404
4615.980800 3 0 1404
4617.126400 3 0 1404
4618.265600 3 0 1404
4619.411200 3 0 1404
4620.550400 3 0 1404
4621.696000 3 0 1404
4622.873600 3 0 1404
4624.012800 3 0 1404
4625.292800 3 0 1404
4626.438400 3 0 1404
4627.724800 3 0 1404
4628.889600 3 0 1404
4630.118400 3 0 1404
4631.366400 3 0 1404
4632.787200 3 0 1404
4633.926400 3 0 1404
4635.264000 3 0 1404
4636.563200 3 0 1404
4637.708800 3 0 1404
4639.001600 3 0 1404
4640.140800 3 0 1404
4641.305600 3 0 1404
4642.636800 3 0 1404
4643.795200 3 0 1404
4645.056000 3 0 1404
4646.444800 3 0 1404
4647.808000 3 0 1404
4648.953600 3 0 1404
4650.214400 3 0 1404
4651.680000 3 0 1404
4652.819200 3 0 1404
4654.156800 3 0 1404
4655.302400 3 0 1404
4656.441600 3 0 1404
4657.792000 3 0 1404
4658.937600 3 0 1404
4660.096000 3 0 1404
4661.369600 3 0 1404
4662.758400 3 0 1404
4663.897600 3 0 1404
4665.280000 3 0 1404
4666.476800 3 0 1404
4667.622400 3 0 1404
4668.934400 3 0 1404
4670.425600 3 0 1404
4671.564800 3 0 1404
4672.748800 3 0 1404
4673.894400 3 0 1404
4675.379200 3 0 1404
4676.518400 3 0 1404
4677.664000 3 0 1404
4678.963200 3 0 1404
4680.288000 3 0 1404
4681.747200 3 0 1404
4682.886400 3 0 1404
4684.057600 3 0 1404
4685.491200 3 0 1404
4686.636800 3 0 1404
4687.846400 3 0 1404
4688.985600 3 0 1404
4690.214400 3 0 1404
4691.443200 3 0 1404
4692.659200 3 0 1404
4693.977600 3 0 1404
4695.264000 3 0 1404
4696.409600 3 0 1404
4697.734400 3 0 1404
4698.988800 3 0 1404
4700.544000 3 0 1404
4701.683200 3 0 1404
4702.828800 3 0 1404
4703.968000 3 0 1404
4705.299200 3 0 1404
4706.457600 3 0 1404
4707.667200 3 0 1404
4709.107200 3 0 1404
4710.252800 3 0 1404
4711.436800 3 0 1404
4712.755200 3 0 1404
4714.099200 3 0 1404
4715.238400 3 0 1404
4716.512000 3 0 1404
4717.779200 3 0 1404
4718.924800 3 0 1404
4720.320000 3 0 1404
4721.459200 3 0 1404
4722.688000 3 0 1404
4724.025600 3 0 1404
4725.292800 3 0 1404
4726.444800 3 0 1404
4727.763200 3 0 1404
4728.940800 3 0 1404
4730.329600 3 0 1404
4731.475200 3 0 1404
4732.864000 3 0 1404
4734.246400 3 0 1404
4735.385600 3 0 1404
4736.531200 3 0 1404
4737.920000 3 0 1404
4739.059200 3 0 1404
4740.364800 3 0 1404
4741.510400 3 0 1404
4742.662400 3 0 1404
4744.000000 3 0 1404
4745.555200 3 0 1404
4746.700800 3 0 1404
4747.840000 3 0 1404
4748.985600 3 0 1404
4750.336000 3 0 1404
4751.475200 3 0 1404
4752.704000 3 0 1404
4754.028800 3 0 1404
4755.334400 3 0 1404
4756.697600 3 0 1404
4757.843200 3 0 1404
4758.982400 3 0 1404
4760.211200 3 0 1404
4761.548800 3 0 1404
4762.931200 3 0 1404
4764.230400 3 0 1404
4765.536000 3 0 1404
4766.681600 3 0 1404
4767.980800 3 0 1404
4769.120000 3 0 1404
4770.272000 3 0 1404
4771.756800 3 0 1404
4772.902400 3 0 1404
4774.041600 3 0 1404
4775.385600 3 0 1404
4776.531200 3 0 1404
4777.920000 3 0 1404
4779.219200 3 0 1404
4780.358400 3 0 1404
4781.504000 3 0 1404
4783.110400 3 0 1404
4784.249600 3 0 1404
4785.401600 3 0 1404
4786.675200 3 0 1404
4787.820800 3 0 1404
4789.081600 3 0 1404
4790.624000 3 0 1404
4791.763200 3 0 1404
4792.908800 3 0 1404
4794.048000 3 0 1404
4795.398400 3 0 1404
4796.544000 3 0 1404
4797.747200 3 0 1404
4799.078400 3 0 1404
4800.416000 3 0 1404
4801.868800 3 0 1404
4803.008000 3 0 1404
4804.153600 3 0 1404
4805.292800 3 0 1404
4806.828800 3 0 1404
4807.974400 3 0 1404
4809.113600 3 0 1404
4810.400000 3 0 1404
4811.545600 3 0 1404
4812.736000 3 0 1404
4814.144000 3 0 1404
4815.283200 3 0 1404
4816.499200 3 0 1404
4817.843200 3 0 1404
4819.046400 3 0 1404
4820.256000 3 0 1404
4821.593600 3 0 1404
4822.918400 3 0 1404
4824.064000 3 0 1404
4825.280000 3 0 1404
4826.579200 3 0 1404
4827.916800 3 0 1404
4832.742400 3 0 1404
4838.860800 3 0 1404
4843.436800 3 0 1404
4846.054400 8 4 60
4849.817600 3 0 1404
4876.038400 8 4 60
4882.278400 2 0 1404
4883.424000 2 0 1404
4884.569600 2 0 1404
4885.708800 2 0 1404
4886.854400 2 0 1404
4887.993600 2 0 1404
4889.139200 2 0 1404
4890.278400 2 0 1404
4891.424000 2 0 1404
4892.563200 2 0 1404
4893.708800 2 0 1404
4894.848000 2 0 1404
4895.993600 2 0 1404
4897.132800 2 0 1404
4898.278400 2 0 1404
4899.417600 2 0 1404
4900.563200 2 0 1404
4901.702400 2 0 1404
4902.848000 2 0 1404
4903.987200 2 0 1404
4905.132800 2 0 1404
4906.272000 2 0 1404
4907.417600 2 0 1404
4908.556800 2 0 1404
4909.702400 2 0 1404
4910.841600 2 0 1404
4911.987200 2 0 1404
4913.126400 2 0 1404
4914.272000 2 0 1404
4915.411200 2 0 1404
4916.556800 2 0 1404
4917.696000 2 0 1404
4918.841600 2 0 1404
4919.980800 2 0 1404
4921.126400 2 0 1404
4922.265600 2 0 1404
4923.411200 2 0 1404
4924.550400 2 0 1404
4925.696000 2 0 1404
4926.835200 2 0 1404
4927.980800 2 0 1404
4929.120000 2 0 1404
4930.265600 2 0 1404
4931.404800 2 0 1404
4932.550400 2 0 1404
4933.689600 2 0 1404
4934.835200 2 0 1404
4935.974400 2 0 1404
4937.120000 2 0 1404
4938.259200 2 0 1404
4939.404800 2 0 1404
4940.544000 2 0 1404
4941.689600 2 0 1404
4942.828800 2 0 1404
4943.974400 2 0 1404
4945.113600 2 0 1404
4946.259200 2 0 1404
4947.398400 2 0 1404
4948.544000 2 0 1404
4949.683200 2 0 1404
4950.828800 2 0 1404
4951.968000 2 0 1404
4953.113600 2 0 1404
4954.252800 2 0 1404
4955.398400 2 0 1404
4956.537600 2 0 1404
4957.683200 2 0 1404
4958.822400 2 0 1404
4959.968000 2 0 1404
4961.107200 2 0 1404
4962.252800 2 0 1404
4963.392000 2 0 1404
4964.537600 2 0 1404
4965.676800 2 0 1404
4966.822400 2 0 1404
4967.961600 2 0 1404
4969.107200 2 0 1404
4970.246400 2 0 1404
4971.392000 2 0 1404
4972.531200 2 0 1404
4973.676800 2 0 1404
4974.816000 2 0 1404
4975.961600 2 0 1404
4977.100800 2 0 1404
4978.246400 2 0 1404
4979.385600 2 0 1404
4980.531200 2 0 1404
4981.670400 2 0 1404
4982.816000 2 0 1404
4983.955200 2 0 1404
4985.100800 2 0 1404
4986.240000 2 0 1404
4987.385600 2 0 1404
4988.524800 2 0 1404
4989.670400 2 0 1404
4990.809600 2 0 1404
4991.955200 2 0 1404
4993.094400 2 0 1404
4994.240000 2 0 1404
4995.379200 2 0 1404
4996.524800 2 0 1404
4997.664000 2 0 1404
4998.809600 2 0 1404
5000.000000 2 0 1404
5001.299200 2 0 1404
5002.444800 2 0 1404
5003.635200 2 0 1404
5004.889600 2 0 1404
5006.169600 2 0 1404
5007.392000 2 0 1404
5008.569600 2 0 1404
5009.804800 2 0 1404
5011.174400 2 0 1404
5012.524800 2 0 1404
5013.664000 2 0 1404
5014.886400 2 0 1404
5016.204800 2 0 1404
5017.350400 2 0 1404
5018.489600 2 0 1404
5020.108800 2 0 1404
5021.254400 2 0 1404
5022.393600 2 0 1404
5023.731200 2 0 1404
5024.972800 2 0 1404
5026.188800 2 0 1404
5027.340800 2 0 1404
5028.563200 2 0 1404
5029.888000 2 0 1404
5031.430400 2 0 1404
5032.576000 2 0 1404
5033.715200 2 0 1404
5035.129600 2 0 1404
5036.275200 2 0 1404
5037.414400 2 0 1404
5038.598400 2 0 1404
5039.814400 2 0 1404
5041.152000 2 0 1404
5042.700800 2 0 1404
5043.846400 2 0 1404
5044.985600 2 0 1404
5046.131200 2 0 1404
5047.411200 2 0 1404
5048.550400 2 0 1404
5049.868800 2 0 1404
5051.180800 2 0 1404
5052.672000 2 0 1404
5053.862400 2 0 1404
5055.244800 2 0 1404
5056.390400 2 0 1404
5057.529600 2 0 1404
5058.969600 2 0 1404
5060.147200 2 0 1404
5061.292800 2 0 1404
5062.496000 2 0 1404
5063.846400 2 0 1404
5064.985600 2 0 1404
5066.201600 2 0 1404
5067.462400 2 0 1404
5068.800000 2 0 1404
5069.945600 2 0 1404
5071.148800 2 0 1404
5072.441600 2 0 1404
5073.740800 2 0 1404
5074.880000 2 0 1404
5076.198400 2 0 1404
5077.593600 2 0 1404
5078.771200 2 0 1404
5079.916800 2 0 1404
5081.203200 2 0 1404
5082.476800 2 0 1404
5083.616000 2 0 1404
5084.844800 2 0 1404
5086.240000 2 0 1404
5087.532800 2 0 1404
5088.678400 2 0 1404
5090.220800 2 0 1404
5091.360000 2 0 1404
5092.537600 2 0 1404
5093.683200 2 0 1404
5095.046400 2 0 1404
5096.185600 2 0 1404
5097.337600 2 0 1404
5098.713600 2 0 1404
5100.051200 2 0 1404
5101.196800 2 0 1404
5102.598400 2 0 1404
5103.993600 2 0 1404
5105.190400 2 0 1404
5106.521600 2 0 1404
5107.660800 2 0 1404
5108.806400 2 0 1404
5110.048000 2 0 1404
5111.187200 2 0 1404
5112.358400 2 0 1404
5113.734400 2 0 1404
5115.059200 2 0 1404
5116.204800 2 0 1404
5117.497600 2 0 1404
5118.790400 2 0 1404
5119.942400 2 0 1404
5121.132800 2 0 1404
5122.624000 2 0 1404
5124.019200 2 0 1404
5125.158400 2 0 1404
5126.342400 2 0 1404
5127.488000 2 0 1404
5128.883200 2 0 1404
5130.220800 2 0 1404
5131.417600 2 0 1404
5132.556800 2 0 1404
5133.702400 2 0 1404
5135.212800 2 0 1404
5136.505600 2 0 1404
5137.644800 2 0 1404
5138.931200 2 0 1404
5140.076800 2 0 1404
5141.248000 2 0 1404
5142.700800 2 0 1404
5143.910400 2 0 1404
5145.248000 2 0 1404
5146.387200 2 0 1404
5147.622400 2 0 1404
5148.768000 2 0 1404
5150.067200 2 0 1404
5151.353600 2 0 1404
5152.582400 2 0 1404
5153.939200 2 0 1404
5155.078400 2 0 1404
5156.294400 2 0 1404
5157.440000 2 0 1404
5158.764800 2 0 1404
5160.108800 2 0 1404
5161.465600 2 0 1404
5162.604800 2 0 1404
5163.827200 2 0 1404
5164.979200 2 0 1404
5166.195200 2 0 1404
5167.539200 2 0 1404
5168.684800 2 0 1404
5169.945600 2 0 1404
5171.328000 2 0 1404
5172.825600 2 0 1404
5173.971200 2 0 1404
5175.110400 2 0 1404
5176.256000 2 0 1404
5177.561600 2 0 1404
5178.918400 2 0 1404
5180.057600 2 0 1404
5181.478400 2 0 1404
5182.624000 2 0 1404
5183.859200 2 0 1404
5184.998400 2 0 1404
5186.214400 2 0 1404
5187.456000 2 0 1404
5188.716800 2 0 1404
5190.124800 2 0 1404
5191.270400 2 0 1404
5192.704000 2 0 1404
5194.060800 2 0 1404
5195.200000 2 0 1404
5196.345600 2 0 1404
5197.523200 2 0 1404
5198.886400 2 0 1404
5200.025600 2 0 1404
5201.344000 2 0 1404
5202.790400 2 0 1404
5203.936000 2 0 1404
5208.172800 2 0 1404
5214.304000 2 0 1404
5218.668800 2 0 1404
5222.054400 8 4 60
5225.081600 2 0 1404
5252.038400 8 4 60
5258.316800 1 0 1404
5259.456000 1 0 1404
5260.601600 1 0 1404
5261.740800 1 0 1404
5262.886400 1 0 1404
5264.025600 1 0 1404
5265.171200 1 0 1404
5266.310400 1 0 1404
5267.456000 1 0 1404
5268.595200 1 0 1404
5269.740800 1 0 1404
5270.880000 1 0 1404
5272.025600 1 0 1404
5273.164800 1 0 1404
5274.310400 1 0 1404
5275.449600 1 0 1404
5276.595200 1 0 1404
5277.734400 1 0 1404
5278.880000 1 0 1404
5280.019200 1 0 1404
5281.164800 1 0 1404
5282.304000 1 0 1404
5283.449600 1 0 1404
5284.588800 1 0 1404
5285.734400 1 0 1404
5286.873600 1 0 1404
5288.019200 1 0 1404
5289.158400 1 0 1404
5290.304000 1 0 1404
5291.443200 1 0 1404
5292.588800 1 0 1404
5293.728000 1 0 1404
5294.873600 1 0 1404
5296.012800 1 0 1404
5297.158400 1 0 1404
5298.297600 1 0 1404
5299.443200 1 0 1404
5300.582400 1 0 1404
5301.728000 1 0 1404
5302.867200 1 0 1404
5304.012800 1 0 1404
5305.152000 1 0 1404
5306.297600 1 0 1404
5307.436800 1 0 1404
5308.582400 1 0 1404
5309.721600 1 0 1404
5310.867200 1 0 1404
5312.006400 1 0 1404
5313.152000 1 0 1404
5314.291200 1 0 1404
5315.436800 1 0 1404
5316.576000 1 0 1404
5317.721600 1 0 1404
5318.860800 1 0 1404
5320.006400 1 0 1404
5321.145600 1 0 1404
5322.291200 1 0 1404
5323.430400 1 0 1404
5324.576000 1 0 1404
5325.715200 1 0 1404
5326.860800 1 0 1404
5328.000000 1 0 1404
5329.145600 1 0 1404
5330.284800 1 0 1404
5331.430400 1 0 1404
5332.569600 1 0 1404
5333.715200 1 0 1404
5334.854400 1 0 1404
5336.000000 1 0 1404
5337.139200 1 0 1404
5338.284800 1 0 1404
5339.424000 1 0 1404
5340.569600 1 0 1404
5341.708800 1 0 1404
5342.854400 1 0 1404
5343.993600 1 0 1404
5345.139200 1 0 1404
5346.278400 1 0 1404
5347.424000 1 0 1404
5348.563200 1 0 1404
5349.708800 1 0 1404
5350.848000 1 0 1404
5351.993600 1 0 1404
5353.132800 1 0 1404
5354.278400 1 0 1404
5355.424000 1 0 1404
5356.563200 1 0 1404
5357.708800 1 0 1404
5358.854400 1 0 1404
5359.993600 1 0 1404
5361.139200 1 0 1404
5362.278400 1 0 1404
5363.424000 1 0 1404
5364.563200 1 0 1404
5365.708800 1 0 1404
5366.848000 1 0 1404
5367.993600 1 0 1404
5369.132800 1 0 1404
5370.278400 1 0 1404
5371.417600 1 0 1404
5372.563200 1 0 1404
5373.702400 1 0 1404
5374.848000 1 0 1404
5375.987200 1 0 1404
5377.132800 1 0 1404
5378.444800 1 0 1404
5379.584000 1 0 1404
5380.934400 1 0 1404
5382.080000 1 0 1404
5383.411200 1 0 1404
5384.665600 1 0 1404
5385.824000 1 0 1404
5387.155200 1 0 1404
5388.742400 1 0 1404
5389.888000 1 0 1404
5391.033600 1 0 1404
5392.172800 1 0 1404
5393.344000 1 0 1404
5394.502400 1 0 1404
5396.134400 1 0 1404
5397.280000 1 0 1404
5398.425600 1 0 1404
5399.782400 1 0 1404
5400.921600 1 0 1404
5402.284800 1 0 1404
5403.481600 1 0 1404
5404.627200 1 0 1404
5405.932800 1 0 1404
5407.475200 1 0 1404
5408.620800 1 0 1404
5409.766400 1 0 1404
5410.905600 1 0 1404
5412.108800 1 0 1404
5413.408000 1 0 1404
5414.752000 1 0 1404
5415.897600 1 0 1404
5417.305600 1 0 1404
5418.515200 1 0 1404
5419.660800 1 0 1404
5420.947200 1 0 1404
5422.432000 1 0 1404
5423.577600 1 0 1404
5424.723200 1 0 1404
5425.900800 1 0 1404
5427.219200 1 0 1404
5428.441600 1 0 1404
5429.644800 1 0 1404
5430.848000 1 0 1404
5432.198400 1 0 1404
5433.766400 1 0 1404
5434.905600 1 0 1404
5436.051200 1 0 1404
5437.433600 1 0 1404
5438.572800 1 0 1404
5439.718400 1 0 1404
5440.921600 1 0 1404
5442.259200 1 0 1404
5443.545600 1 0 1404
5444.684800 1 0 1404
5445.971200 1 0 1404
5447.289600 1 0 1404
5448.556800 1 0 1404
5449.702400 1 0 1404
5450.892800 1 0 1404
5452.313600 1 0 1404
5453.491200 1 0 1404
5454.630400 1 0 1404
5456.256000 1 0 1404
5457.401600 1 0 1404
5458.540800 1 0 1404
5459.878400 1 0 1404
5461.024000 1 0 1404
5462.163200 1 0 1404
5463.526400 1 0 1404
5464.672000 1 0 1404
5465.913600 1 0 1404
5467.296000 1 0 1404
5468.556800 1 0 1404
5469.696000 1 0 1404
5470.937600 1 0 1404
5472.371200 1 0 1404
5473.516800 1 0 1404
5474.937600 1 0 1404
5476.076800 1 0 1404
5477.241600 1 0 1404
5478.739200 1 0 1404
5479.884800 1 0 1404
5481.267200 1 0 1404
5482.406400 1 0 1404
5483.622400 1 0 1404
5484.768000 1 0 1404
5485.964800 1 0 1404
5487.302400 1 0 1404
5488.588800 1 0 1404
5489.728000 1 0 1404
5491.142400 1 0 1404
5492.288000 1 0 1404
5493.472000 1 0 1404
5494.886400 1 0 1404
5496.025600 1 0 1404
5497.203200 1 0 1404
5498.534400 1 0 1404
5499.680000 1 0 1404
5500.979200 1 0 1404
5502.291200 1 0 1404
5503.667200 1 0 1404
5505.088000 1 0 1404
5506.227200 1 0 1404
5507.372800 1 0 1404
5508.870400 1 0 1404
5510.009600 1 0 1404
5511.155200 1 0 1404
5512.294400 1 0 1404
5513.676800 1 0 1404
5514.822400 1 0 1404
5516.153600 1 0 1404
5517.292800 1 0 1404
5518.438400 1 0 1404
5519.846400 1 0 1404
5521.081600 1 0 1404
5522.220800 1 0 1404
5523.820800 1 0 1404
5524.966400 1 0 1404
5526.105600 1 0 1404
5527.532800 1 0 1404
5528.678400 1 0 1404
5529.817600 1 0 1404
5531.123200 1 0 1404
5532.268800 1 0 1404
5533.625600 1 0 1404
5534.886400 1 0 1404
5536.025600 1 0 1404
5537.222400 1 0 1404
5538.355200 8 5 70
5538.848000 1 0 1404
5539.993600 1 0 1404
5541.203200 1 0 1404
5542.579200 1 0 1404
5543.718400 1 0 1404
5544.864000 1 0 1404
5546.035200 1 0 1404
5547.302400 1 0 1404
5548.633600 1 0 1404
5549.772800 1 0 1404
5551.091200 1 0 1404
5552.332800 1 0 1404
5553.894400 1 0 1404
5555.040000 1 0 1404
5556.204800 1 0 1404
5557.414400 1 0 1404
5558.553600 1 0 1404
5559.840000 1 0 1404
5561.344000 1 0 1404
5562.489600 1 0 1404
5563.776000 1 0 1404
5564.915200 1 0 1404
5566.092800 1 0 1404
5567.404800 1 0 1404
5568.550400 1 0 1404
5569.894400 1 0 1404
5571.040000 1 0 1404
5572.307200 1 0 1404
5573.638400 1 0 1404
5574.777600 1 0 1404
5576.211200 1 0 1404
5577.356800 1 0 1404
5578.496000 1 0 1404
5579.904000 1 0 1404
5581.222400 1 0 1404
5582.368000 1 0 1404
5583.603200 1 0 1404
5584.953600 1 0 1404
5586.092800 1 0 1404
5587.360000 1 0 1404
5588.576000 1 0 1404
5589.728000 1 0 1404
5591.040000 1 0 1404
5592.268800 1 0 1404
5593.484800 1 0 1404
5594.790400 1 0 1404
5596.038400 1 0 1404
5597.376000 1 0 1404
5598.508800 8 4 60
5598.566400 1 0 1404
5599.891200 1 0 1404
5601.068800 1 0 1404
5602.412800 1 0 1404
5603.558400 1 0 1404
5604.748800 1 0 1404
5628.038400 8 4 60
5634.323200 0 0 1404
5635.468800 0 0 1404
5636.608000 0 0 1404
5637.753600 0 0 1404
5638.892800 0 0 1404
5640.038400 0 0 1404
5641.177600 0 0 1404
5642.323200 0 0 1404
5643.462400 0 0 1404
5644.608000 0 0 1404
5645.747200 0 0 1404
5646.892800 0 0 1404
5648.032000 0 0 1404
5649.177600 0 0 1404
5650.316800 0 0 1404
5651.462400 0 0 1404
5652.601600 0 0 1404
5653.747200 0 0 1404
5654.886400 0 0 1404
5656.032000 0 0 1404
5657.171200 0 0 1404
5658.316800 0 0 1404
5659.456000 0 0 1404
5660.601600 0 0 1404
5661.740800 0 0 1404
5662.886400 0 0 1404
5664.025600 0 0 1404
5665.171200 0 0 1404
5666.310400 0 0 1404
5667.456000 0 0 1404
5668.595200 0 0 1404
5669.740800 0 0 1404
5670.880000 0 0 1404
5672.025600 0 0 1404
5673.164800 0 0 1404
5674.310400 0 0 1404
5675.449600 0 0 1404
5676.595200 0 0 1404
5677.734400 0 0 1404
5678.880000 0 0 1404
5680.019200 0 0 1404
5681.164800 0 0 1404
5682.304000 0 0 1404
5683.449600 0 0 1404
5684.588800 0 0 1404
5685.734400 0 0 1404
5686.873600 0 0 1404
5688.019200 0 0 1404
5689.158400 0 0 1404
5690.304000 0 0 1404
5691.443200 0 0 1404
5692.588800 0 0 1404
5693.728000 0 0 1404
5694.873600 0 0 1404
5696.012800 0 0 1404
5697.158400 0 0 1404
5698.297600 0 0 1404
5699.443200 0 0 1404
5700.582400 0 0 1404
5701.728000 0 0 1404
5702.867200 0 0 1404
5704.012800 0 0 1404
5705.152000 0 0 1404
5706.297600 0 0 1404
5707.436800 0 0 1404
5708.582400 0 0 1404
5709.721600 0 0 1404
5710.867200 0 0 1404
5712.006400 0 0 1404
5713.152000 0 0 1404
5714.291200 0 0 1404
5715.436800 0 0 1404
5716.576000 0 0 1404
5717.721600 0 0 1404
5718.860800 0 0 1404
5720.006400 0 0 1404
5721.145600 0 0 1404
5722.291200 0 0 1404
5723.430400 0 0 1404
5724.576000 0 0 1404
5725.715200 0 0 1404
5726.860800 0 0 1404
5728.000000 0 0 1404
5729.145600 0 0 1404
5730.284800 0 0 1404
5731.430400 0 0 1404
5732.569600 0 0 1404
5733.715200 0 0 1404
5734.854400 0 0 1404
5736.000000 0 0 1404
5737.139200 0 0 1404
5738.284800 0 0 1404
5739.424000 0 0 1404
5740.569600 0 0 1404
5741.708800 0 0 1404
5742.854400 0 0 1404
5743.993600 0 0 1404
5745.139200 0 0 1404
5746.278400 0 0 1404
5747.424000 0 0 1404
5748.563200 0 0 1404
5749.708800 0 0 1404
5750.892800 0 0 1404
5752.032000 0 0 1404
5753.382400 0 0 1404
5754.528000 0 0 1404
5755.910400 0 0 1404
5757.139200 0 0 1404
5758.368000 0 0 1404
5759.507200 0 0 1404
5760.902400 0 0 1404
5762.048000 0 0 1404
5763.353600 0 0 1404
5764.723200 0 0 1404
5765.862400 0 0 1404
5767.008000 0 0 1404
5768.307200 0 0 1404
5769.510400 0 0 1404
5770.649600 0 0 1404
5771.878400 0 0 1404
5773.222400 0 0 1404
5774.617600 0 0 1404
5775.763200 0 0 1404
5777.196800 0 0 1404
5778.336000 0 0 1404
5779.481600 0 0 1404
5780.742400 0 0 1404
5782.060800 0 0 1404
5783.200000 0 0 1404
5784.563200 0 0 1404
5785.708800 0 0 1404
5786.905600 0 0 1404
5788.320000 0 0 1404
5789.459200 0 0 1404
5790.688000 0 0 1404
5792.012800 0 0 1404
5793.158400 0 0 1404
5794.387200 0 0 1404
5795.814400 0 0 1404
5796.953600 0 0 1404
5798.150400 0 0 1404
5799.475200 0 0 1404
5800.620800 0 0 1404
5802.080000 0 0 1404
5803.219200 0 0 1404
5804.364800 0 0 1404
5805.971200 0 0 1404
5807.110400 0 0 1404
5808.313600 0 0 1404
5809.459200 0 0 1404
5810.828800 0 0 1404
5812.268800 0 0 1404
5813.408000 0 0 1404
5814.720000 0 0 1404
5815.865600 0 0 1404
5817.004800 0 0 1404
5818.150400 0 0 1404
5819.686400 0 0 1404
5820.825600 0 0 1404
5822.041600 0 0 1404
5823.187200 0 0 1404
5824.595200 0 0 1404
5826.054400 0 0 1404
5827.193600 0 0 1404
5828.339200 0 0 1404
5829.600000 0 0 1404
5830.739200 0 0 1404
5831.891200 0 0 1404
5833.337600 0 0 1404
5834.694400 0 0 1404
5835.840000 0 0 1404
5837.126400 0 0 1404
5838.342400 0 0 1404
5839.481600 0 0 1404
5840.748800 0 0 1404
5842.201600 0 0 1404
5843.532800 0 0 1404
5844.678400 0 0 1404
5845.875200 0 0 1404
5847.014400 0 0 1404
5848.371200 0 0 1404
5849.516800 0 0 1404
5850.700800 0 0 1404
5852.025600 0 0 1404
5853.395200 0 0 1404
5854.803200 0 0 1404
5855.948800 0 0 1404
5857.196800 0 0 1404
5858.336000 0 0 1404
5859.635200 0 0 1404
5860.780800 0 0 1404
5862.086400 0 0 1404
5863.225600 0 0 1404
5864.409600 0 0 1404
5865.798400 0 0 1404
5867.148800 0 0 1404
5868.409600 0 0 1404
5869.555200 0 0 1404
5870.694400 0 0 1404
5872.294400 0 0 1404
5873.440000 0 0 1404
5874.681600 0 0 1404
5875.820800 0 0 1404
5876.966400 0 0 1404
5878.284800 0 0 1404
5879.776000 0 0 1404
5880.915200 0 0 1404
5882.182400 0 0 1404
5883.360000 0 0 1404
5884.505600 0 0 1404
5885.696000 0 0 1404
5887.212800 0 0 1404
5888.352000 0 0 1404
5889.664000 0 0 1404
5890.809600 0 0 1404
5891.961600 0 0 1404
5893.312000 0 0 1404
5894.816000 0 0 1404
5895.980800 0 0 1404
5897.318400 0 0 1404
5898.457600 0 0 1404
5899.603200 0 0 1404
5900.742400 0 0 1404
5902.099200 0 0 1404
5903.347200 0 0 1404
5904.684800 0 0 1404
5905.830400 0 0 1404
5907.180800 0 0 1404
5908.396800 0 0 1404
5909.740800 0 0 1404
5910.892800 0 0 1404
5912.032000 0 0 1404
5913.408000 0 0 1404
5914.553600 0 0 1404
5915.731200 0 0 1404
5917.139200 0 0 1404
5918.425600 0 0 1404
5919.564800 0 0 1404
5920.979200 0 0 1404
5922.124800 0 0 1404
5923.264000 0 0 1404
5924.620800 0 0 1404
5925.766400 0 0 1404
5927.059200 0 0 1404
5928.422400 0 0 1404
5929.632000 0 0 1404
5930.771200 0 0 1404
5932.102400 0 0 1404
5933.382400 0 0 1404
5934.528000 0 0 1404
5935.872000 0 0 1404
5937.120000 0 0 1404
5938.265600 0 0 1404
5939.692800 0 0 1404
5940.934400 0 0 1404
5942.073600 0 0 1404
5943.347200 0 0 1404
5944.691200 0 0 1404
5945.836800 0 0 1404
5947.212800 0 0 1404
5948.352000 0 0 1404
5949.510400 0 0 1404
