x8.t x8.tday x8.nedge x8.nday x8.nbyte x8.ndem x8.ndem2 x8.ndem3 x16.t x16.tday x16.nedge x16.nday x16.nbyte x16.ndem x16.ndem2 x16.ndem3 x32.t x32.tday x32.nedge x32.nday x32.nbyte x32.ndem x32.ndem2 x32.ndem3 x64.t x64.tday x64.nedge x64.nday x64.nbyte x64.ndem x64.ndem2 x64.ndem3 x128.t x128.tday x128.nedge x128.nday x128.nbyte x128.ndem x128.ndem2 x128.ndem3 x256.t x256.tday x256.nedge x256.nday x256.nbyte x256.ndem x256.ndem2 x256.ndem3 x512.t x512.tday x512.nedge x512.nday x512.nbyte x512.ndem x512.ndem2 x512.ndem3 x1024.t x1024.tday x1024.nedge x1024.nday x1024.nbyte x1024.ndem x1024.ndem2 x1024.ndem3
2271605 227160 0.000000 10 0.003828 0.944498 0.991968 1.000000 10640305 886692 0.000000 12 0.007840 0.918708 0.992180 1.000000 23495576 1957964 0.000000 12 0.018995 0.905735 0.991323 1.000000 114602793 8815599 0.000000 13 0.034818 0.888778 0.987653 0.996416 348355490 29029624 0.000000 12 0.068292 0.867228 0.975252 0.986681 1142034418 87848801 0.000000 13 0.130153 0.859576 0.971653 0.984337 3297137305 299739755 0.000000 11 0.270173 0.855296 0.966111 0.977324 16960913731 1130727582 0.000000 15 0.537853 0.845788 0.955480 0.968314
989330 109925 0.000000 9 0.004779 0.965535 0.991976 1.000000 5352064 446005 0.000000 12 0.010337 0.939886 0.996892 1.000000 21335335 2133533 0.000000 10 0.016373 0.890293 0.992300 0.998460 93761812 7813484 0.000000 12 0.032793 0.865174 0.969749 0.983840 286143309 26013028 0.000000 11 0.070157 0.873230 0.980314 0.989959 1133150166 94429180 0.000000 12 0.136871 0.864421 0.974988 0.984125 4016184137 334682011 0.000000 12 0.268588 0.859265 0.970887 0.980752 11317922108 943160175 0.000000 12 0.523649 0.851885 0.964730 0.975770
912667 130381 0.000000 7 0.005326 0.960094 0.994425 1.000000 5855420 532310 0.000000 11 0.010250 0.925707 0.996266 1.000000 28957887 2227529 0.000000 13 0.017499 0.889943 0.987832 0.998237 120113601 10009466 0.000000 12 0.035259 0.879061 0.981687 0.991324 353672630 27205586 0.000000 13 0.066369 0.870426 0.982131 0.992335 1098667876 91555656 0.000000 12 0.130541 0.863637 0.977806 0.988110 3518838405 270679877 0.000000 13 0.267771 0.860616 0.970771 0.982585 11435112366 952926030 0.000000 12 0.535210 0.855789 0.966957 0.977842
776958 110994 0.000000 7 0.005043 0.968129 0.992688 1.000000 4820626 482062 0.000000 10 0.009335 0.931462 0.999188 1.000000 23983934 2180357 0.000000 11 0.017228 0.895226 0.991542 0.998393 112272562 8636350 0.000000 13 0.034613 0.880334 0.983944 0.990999 301228959 27384450 0.000000 11 0.069987 0.870840 0.976404 0.985247 895570764 81415524 0.000000 11 0.134042 0.864224 0.976710 0.985705 3558784116 296565343 0.000000 12 0.267301 0.859952 0.973497 0.982745 10855126236 986829657 0.000000 11 0.529889 0.845395 0.957489 0.969366
485002 69286 0.000000 7 0.005529 0.967202 0.992142 1.000000 6068409 505700 0.000000 12 0.008948 0.921149 0.993633 1.000000 23690257 1974188 0.000000 12 0.016733 0.899835 0.997777 1.000000 107202560 8933546 0.000000 12 0.035174 0.879684 0.981724 0.990449 311113032 25926086 0.000000 12 0.070765 0.879275 0.985627 0.991426 1098930539 91577544 0.000000 12 0.137021 0.868525 0.978409 0.986781 3563384378 323944034 0.000000 11 0.271976 0.861477 0.973036 0.982526 12652152700 973242515 0.000000 13 0.532750 0.855531 0.967013 0.977995
1243726 155465 0.000000 8 0.005175 0.948791 0.998747 1.000000 7048004 503428 0.000000 14 0.008817 0.934582 0.994721 1.000000 27602353 2300196 0.000000 12 0.017200 0.894936 0.989499 0.998560 113971086 9497590 0.000000 12 0.034650 0.882620 0.985054 0.993466 330690738 27557561 0.000000 12 0.065770 0.867294 0.978068 0.986929 945177603 78764800 0.000000 12 0.137273 0.872165 0.982115 0.990385 3458169126 288180760 0.000000 12 0.267012 0.860222 0.972134 0.982213 12744312731 980331748 0.000000 13 0.536625 0.861639 0.973245 0.982539
963101 96310 0.000000 10 0.005021 0.967325 0.994418 1.000000 4693720 426701 0.000000 11 0.009350 0.921495 0.997915 1.000000 24279997 1867692 0.000000 13 0.015747 0.893531 0.996688 0.999224 83102181 7554743 0.000000 11 0.036362 0.886764 0.987689 0.994740 311180685 28289153 0.000000 11 0.072168 0.870860 0.973467 0.984367 1137474815 94789567 0.000000 12 0.132522 0.860070 0.971175 0.980733 3515105399 292925449 0.000000 12 0.268819 0.860655 0.972568 0.982631 12862085922 918720423 0.000000 14 0.526368 0.852460 0.963779 0.975970
1189096 118909 0.000000 10 0.004822 0.947911 0.987842 1.000000 5184588 432049 0.000000 12 0.009255 0.927332 0.993770 1.000000 26451584 2204298 0.000000 12 0.016151 0.889433 0.988868 0.998691 83865864 8386586 0.000000 10 0.034549 0.866840 0.970401 0.985016 317158358 28832578 0.000000 11 0.069468 0.870952 0.979117 0.988270 961295515 80107959 0.000000 12 0.137054 0.870215 0.979492 0.988174 3492089056 291007421 0.000000 12 0.266954 0.850781 0.962816 0.974404 12439377932 1036614827 0.000000 12 0.536346 0.846601 0.958287 0.969218
1052614 116957 0.000000 9 0.004391 0.956463 0.998795 1.000000 8745139 728761 0.000000 12 0.009389 0.933644 0.995209 1.000000 25410913 2117576 0.000000 12 0.018542 0.903568 0.991561 0.999952 107142332 7653023 0.000000 14 0.038660 0.901271 0.994163 0.998428 292015731 26546884 0.000000 11 0.068379 0.874456 0.983894 0.991847 916013461 76334455 0.000000 12 0.137612 0.869032 0.977307 0.987661 3571045617 297587134 0.000000 12 0.265285 0.851591 0.963326 0.975180 11631291069 894714697 0.000000 13 0.532125 0.858324 0.970695 0.980867
735481 81720 0.000000 9 0.004183 0.972235 0.989484 1.000000 6551581 595598 0.000000 11 0.010056 0.932084 0.997797 1.000000 28089151 2006367 0.000000 14 0.018423 0.911733 0.990415 1.000000 88464458 7372038 0.000000 12 0.033878 0.885983 0.991457 0.996387 369463324 28420255 0.000000 13 0.065959 0.868770 0.979262 0.989490 852941394 85294139 0.000000 10 0.135703 0.862288 0.972970 0.982179 3143533888 261961157 0.000000 12 0.265857 0.859497 0.972916 0.983440 10773562392 828735568 0.000000 13 0.529780 0.858083 0.970991 0.982111
