nday dem circ circq pack
1 7.983 0.000 0.000 7.983
1 8.358 0.000 0.000 8.358
1 9.545 0.000 0.000 9.545
1 8.122 0.000 0.000 8.122
1 7.648 0.000 0.000 7.648
1 8.886 0.000 0.000 8.886
1 9.219 0.000 0.000 9.219
1 8.317 0.000 0.000 8.317
1 8.103 0.000 0.000 8.103
1 8.651 0.000 0.000 8.651
1 9.118 0.000 0.000 9.118
1 8.026 0.000 0.000 8.026
1 7.702 0.000 0.000 7.702
1 8.115 0.000 0.000 8.115
1 10.574 0.000 0.000 10.574
1 10.175 0.000 0.000 10.175
1 9.037 0.000 0.000 9.037
1 10.570 0.000 0.000 10.570
1 9.059 0.000 0.000 9.059
1 10.059 0.000 0.000 10.059
1 9.091 0.000 0.000 9.091
1 7.187 0.000 0.000 7.187
1 8.125 0.000 0.000 8.125
1 8.437 0.000 0.000 8.437
1 9.209 0.000 0.000 9.209
1 9.264 0.000 0.000 9.264
1 8.886 0.000 0.000 8.886
1 8.464 0.000 0.000 8.464
1 9.749 0.000 0.000 9.749
1 9.754 0.000 0.000 9.754
1 8.767 0.000 0.000 8.767
1 8.681 0.000 0.000 8.681
1 9.547 0.000 0.000 9.547
1 10.112 0.000 0.000 10.112
1 9.617 0.000 0.000 9.617
1 7.886 0.000 0.000 7.886
1 9.392 0.000 0.000 9.392
1 10.453 0.000 0.000 10.453
1 9.285 0.000 0.000 9.285
1 9.099 0.000 0.000 9.099
1 10.081 0.000 0.000 10.081
1 9.532 0.000 0.000 9.532
1 8.531 0.000 0.000 8.531
1 9.219 0.000 0.000 9.219
1 8.692 0.000 0.000 8.692
1 9.315 0.000 0.000 9.315
1 9.469 0.000 0.000 9.469
1 7.988 0.000 0.000 7.988
1 9.565 0.000 0.000 9.565
1 10.126 0.000 0.000 10.126
1 8.842 0.000 0.000 8.842
1 9.199 0.000 0.000 9.199
1 9.241 0.000 0.000 9.241
1 9.487 0.000 0.000 9.487
1 10.631 0.000 0.000 10.631
1 8.519 0.000 0.000 8.519
1 11.084 0.000 0.000 11.084
1 9.715 0.000 0.000 9.715
1 10.867 0.000 0.000 10.867
1 9.109 0.000 0.000 9.109
1 10.073 0.000 0.000 10.073
1 9.448 0.000 0.000 9.448
1 9.701 0.000 0.000 9.701
1 9.782 0.000 0.000 9.782
1 9.209 0.000 0.000 9.209
1 8.473 0.000 0.000 8.473
1 9.936 0.000 0.000 9.936
1 10.308 0.000 0.000 10.308
1 8.669 0.000 0.000 8.669
1 9.065 0.000 0.000 9.065
1 9.618 0.000 0.000 9.618
1 9.065 0.000 0.000 9.065
1 9.160 0.000 0.000 9.160
1 9.724 0.000 0.000 9.724
1 9.055 0.000 0.000 9.055
1 8.638 0.000 0.000 8.638
1 9.256 0.000 0.000 9.256
1 8.952 0.000 0.000 8.952
1 10.580 0.000 0.000 10.580
1 10.418 0.000 0.000 10.418
1 10.670 0.000 0.000 10.670
1 9.682 0.000 0.000 9.682
1 8.040 0.000 0.000 8.040
1 8.071 0.000 0.000 8.071
1 8.464 0.000 0.000 8.464
1 8.190 0.000 0.000 8.190
1 10.539 0.000 0.000 10.539
1 10.666 0.000 0.000 10.666
1 9.266 0.000 0.000 9.266
1 8.901 0.000 0.000 8.901
1 8.160 0.000 0.000 8.160
1 9.684 0.000 0.000 9.684
1 9.921 0.000 0.000 9.921
1 10.067 0.000 0.000 10.067
1 10.057 0.000 0.000 10.057
1 8.977 0.000 0.000 8.977
1 9.389 0.000 0.000 9.389
1 8.559 0.000 0.000 8.559
1 8.730 0.000 0.000 8.730
1 7.616 0.000 0.000 7.616
1 10.111 0.000 0.000 10.111
1 8.771 0.000 0.000 8.771
1 9.485 0.000 0.000 9.485
1 9.632 0.000 0.000 9.632
1 10.302 0.000 0.000 10.302
1 8.870 0.000 0.000 8.870
1 8.269 0.000 0.000 8.269
1 9.209 0.000 0.000 9.209
1 9.543 0.000 0.000 9.543
1 9.032 0.000 0.000 9.032
1 10.401 0.000 0.000 10.401
1 8.852 0.000 0.000 8.852
1 10.598 0.000 0.000 10.598
1 10.640 0.000 0.000 10.640
1 8.656 0.000 0.000 8.656
1 9.278 0.000 0.000 9.278
1 8.390 0.000 0.000 8.390
1 8.850 0.000 0.000 8.850
1 9.054 0.000 0.000 9.054
1 9.757 0.000 0.000 9.757
1 9.493 0.000 0.000 9.493
1 9.955 0.000 0.000 9.955
1 10.258 0.000 0.000 10.258
1 8.805 0.000 0.000 8.805
1 9.494 0.000 0.000 9.494
1 8.978 0.000 0.000 8.978
1 9.625 0.000 0.000 9.625
1 8.110 0.000 0.000 8.110
1 7.527 0.000 0.000 7.527
1 10.072 0.000 0.000 10.072
1 8.739 0.000 0.000 8.739
1 9.384 0.000 0.000 9.384
1 8.351 0.000 0.000 8.351
1 10.988 0.000 0.000 10.988
1 9.174 0.000 0.000 9.174
1 8.207 0.000 0.000 8.207
1 10.244 0.000 0.000 10.244
1 8.209 0.000 0.000 8.209
1 9.654 0.000 0.000 9.654
1 10.806 0.000 0.000 10.806
1 8.740 0.000 0.000 8.740
1 9.255 0.000 0.000 9.255
1 9.189 0.000 0.000 9.189
1 8.947 0.000 0.000 8.947
1 9.086 0.000 0.000 9.086
1 7.754 0.000 0.000 7.754
1 9.483 0.000 0.000 9.483
1 8.562 0.000 0.000 8.562
1 8.380 0.000 0.000 8.380
1 8.690 0.000 0.000 8.690
1 8.982 0.000 0.000 8.982
1 9.149 0.000 0.000 9.149
1 8.929 0.000 0.000 8.929
1 7.280 0.000 0.000 7.280
1 9.513 0.000 0.000 9.513
1 8.493 0.000 0.000 8.493
1 8.498 0.000 0.000 8.498
1 9.136 0.000 0.000 9.136
1 9.090 0.000 0.000 9.090
1 9.255 0.000 0.000 9.255
1 8.226 0.000 0.000 8.226
1 9.266 0.000 0.000 9.266
1 10.996 0.000 0.000 10.996
1 9.339 0.000 0.000 9.339
1 7.535 0.000 0.000 7.535
1 9.833 0.000 0.000 9.833
1 10.281 0.000 0.000 10.281
1 8.789 0.000 0.000 8.789
1 8.443 0.000 0.000 8.443
1 9.745 0.000 0.000 9.745
1 9.353 0.000 0.000 9.353
1 8.928 0.000 0.000 8.928
1 9.675 0.000 0.000 9.675
1 10.196 0.000 0.000 10.196
1 9.527 0.000 0.000 9.527
1 8.961 0.000 0.000 8.961
1 9.023 0.000 0.000 9.023
1 9.425 0.000 0.000 9.425
1 8.677 0.000 0.000 8.677
1 9.208 0.000 0.000 9.208
1 8.897 0.000 0.000 8.897
1 7.901 0.000 0.000 7.901
1 9.884 0.000 0.000 9.884
1 9.450 0.000 0.000 9.450
1 9.044 0.000 0.000 9.044
1 8.886 0.000 0.000 8.886
1 9.446 0.000 0.000 9.446
1 8.492 0.000 0.000 8.492
1 9.202 0.000 0.000 9.202
1 10.004 0.000 0.000 10.004
1 8.263 0.000 0.000 8.263
1 9.220 0.000 0.000 9.220
1 10.323 0.000 0.000 10.323
1 7.460 0.000 0.000 7.460
1 9.341 0.000 0.000 9.341
1 8.724 0.000 0.000 8.724
1 8.429 0.000 0.000 8.429
1 9.416 0.000 0.000 9.416
1 9.121 0.000 0.000 9.121
1 9.255 0.000 0.000 9.255
1 9.225 0.000 0.000 9.225
1 8.412 0.000 0.000 8.412
1 10.063 0.000 0.000 10.063
1 9.860 0.000 0.000 9.860
1 8.650 0.000 0.000 8.650
1 9.790 0.000 0.000 9.790
1 9.965 0.000 0.000 9.965
1 9.048 0.000 0.000 9.048
1 7.433 0.000 0.000 7.433
1 9.375 0.000 0.000 9.375
1 9.260 0.000 0.000 9.260
1 10.157 0.000 0.000 10.157
1 9.705 0.000 0.000 9.705
1 9.412 0.000 0.000 9.412
1 9.582 0.000 0.000 9.582
1 9.036 0.000 0.000 9.036
1 9.278 0.000 0.000 9.278
1 10.149 0.000 0.000 10.149
1 9.807 0.000 0.000 9.807
1 8.589 0.000 0.000 8.589
1 8.397 0.000 0.000 8.397
1 8.381 0.000 0.000 8.381
1 8.620 0.000 0.000 8.620
1 8.891 0.000 0.000 8.891
1 10.387 0.000 0.000 10.387
1 9.087 0.000 0.000 9.087
1 8.983 0.000 0.000 8.983
1 9.688 0.000 0.000 9.688
1 10.068 0.000 0.000 10.068
1 7.974 0.000 0.000 7.974
1 11.256 0.000 0.000 11.256
1 11.830 0.000 0.000 11.830
1 8.950 0.000 0.000 8.950
1 8.504 0.000 0.000 8.504
1 8.494 0.000 0.000 8.494
1 8.288 0.000 0.000 8.288
1 9.012 0.000 0.000 9.012
1 7.945 0.000 0.000 7.945
1 8.412 0.000 0.000 8.412
1 9.252 0.000 0.000 9.252
1 7.280 0.000 0.000 7.280
1 8.218 0.000 0.000 8.218
1 9.051 0.000 0.000 9.051
1 8.766 0.000 0.000 8.766
1 9.160 0.000 0.000 9.160
1 7.927 0.000 0.000 7.927
1 10.322 0.000 0.000 10.322
1 8.511 0.000 0.000 8.511
1 9.655 0.000 0.000 9.655
1 10.905 0.000 0.000 10.905
1 10.186 0.000 0.000 10.186
1 8.413 0.000 0.000 8.413
1 9.518 0.000 0.000 9.518
1 9.821 0.000 0.000 9.821
1 9.883 0.000 0.000 9.883
1 7.991 0.000 0.000 7.991
1 8.475 0.000 0.000 8.475
1 9.063 0.000 0.000 9.063
1 8.525 0.000 0.000 8.525
1 9.242 0.000 0.000 9.242
1 8.043 0.000 0.000 8.043
1 9.090 0.000 0.000 9.090
1 9.336 0.000 0.000 9.336
1 8.988 0.000 0.000 8.988
1 7.648 0.000 0.000 7.648
1 7.877 0.000 0.000 7.877
1 7.862 0.000 0.000 7.862
1 10.226 0.000 0.000 10.226
1 9.574 0.000 0.000 9.574
1 9.736 0.000 0.000 9.736
1 9.758 0.000 0.000 9.758
1 8.945 0.000 0.000 8.945
1 7.363 0.000 0.000 7.363
1 10.926 0.000 0.000 10.926
1 10.384 0.000 0.000 10.384
1 8.198 0.000 0.000 8.198
1 9.833 0.000 0.000 9.833
1 9.741 0.000 0.000 9.741
1 8.832 0.000 0.000 8.832
1 9.710 0.000 0.000 9.710
1 8.466 0.000 0.000 8.466
1 7.755 0.000 0.000 7.755
1 11.165 0.000 0.000 11.165
1 9.381 0.000 0.000 9.381
1 8.525 0.000 0.000 8.525
1 10.440 0.000 0.000 10.440
1 10.550 0.000 0.000 10.550
1 8.406 0.000 0.000 8.406
1 8.440 0.000 0.000 8.440
1 9.219 0.000 0.000 9.219
1 9.081 0.000 0.000 9.081
1 8.262 0.000 0.000 8.262
1 9.093 0.000 0.000 9.093
1 8.908 0.000 0.000 8.908
1 8.428 0.000 0.000 8.428
1 8.936 0.000 0.000 8.936
1 8.322 0.000 0.000 8.322
1 10.207 0.000 0.000 10.207
1 9.754 0.000 0.000 9.754
1 9.485 0.000 0.000 9.485
1 10.081 0.000 0.000 10.081
1 9.969 0.000 0.000 9.969
1 9.227 0.000 0.000 9.227
1 8.845 0.000 0.000 8.845
1 7.241 0.000 0.000 7.241
1 8.118 0.000 0.000 8.118
1 10.283 0.000 0.000 10.283
1 9.358 0.000 0.000 9.358
1 7.885 0.000 0.000 7.885
1 8.676 0.000 0.000 8.676
1 9.019 0.000 0.000 9.019
1 8.746 0.000 0.000 8.746
1 8.798 0.000 0.000 8.798
1 9.556 0.000 0.000 9.556
1 8.801 0.000 0.000 8.801
1 10.772 0.000 0.000 10.772
1 8.949 0.000 0.000 8.949
1 10.874 0.000 0.000 10.874
1 8.173 0.000 0.000 8.173
1 8.229 0.000 0.000 8.229
1 9.646 0.000 0.000 9.646
1 9.216 0.000 0.000 9.216
1 9.408 0.000 0.000 9.408
1 9.458 0.000 0.000 9.458
1 9.433 0.000 0.000 9.433
1 9.533 0.000 0.000 9.533
1 8.057 0.000 0.000 8.057
1 7.980 0.000 0.000 7.980
1 9.101 0.000 0.000 9.101
1 8.665 0.000 0.000 8.665
1 11.409 0.000 0.000 11.409
1 10.278 0.000 0.000 10.278
1 9.907 0.000 0.000 9.907
