nze be neph bph nzph50 nzph90 bph50 bph90
3864 0 63 0 63 63 0 0
3771 0 63 0 63 63 0 0
3901 0 63 0 63 63 0 0
3901 0 63 0 63 63 0 0
3874 0 63 0 63 63 0 0
3835 0 63 0 63 63 0 0
3867 0 63 0 63 63 0 0
3887 0 63 0 63 63 0 0
3891 0 63 0 63 63 0 0
3892 0 63 0 63 63 0 0
3885 0 63 0 63 63 0 0
3838 0 63 0 63 63 0 0
3886 0 63 0 63 63 0 0
3887 0 63 0 63 63 0 0
3958 0 63 0 63 63 0 0
3983 0 63 0 63 63 0 0
3881 0 63 0 63 63 0 0
3960 0 63 0 63 63 0 0
3928 0 63 0 63 63 0 0
3920 0 63 0 63 63 0 0
3886 0 63 0 63 63 0 0
3731 0 63 0 63 63 0 0
3835 0 63 0 63 63 0 0
3776 0 63 0 63 63 0 0
3864 0 63 0 63 63 0 0
3957 0 63 0 63 63 0 0
3882 0 63 0 63 63 0 0
3950 0 63 0 63 63 0 0
3995 0 63 0 63 63 0 0
3926 0 63 0 63 63 0 0
3840 0 63 0 63 63 0 0
3899 0 63 0 63 63 0 0
3959 0 63 0 63 63 0 0
3930 0 63 0 63 63 0 0
3863 0 63 0 63 63 0 0
3522 0 63 0 63 63 0 0
3932 0 63 0 63 63 0 0
3932 0 63 0 63 63 0 0
3915 0 63 0 63 63 0 0
3988 0 63 0 63 63 0 0
3991 0 63 0 63 63 0 0
4010 0 63 0 63 63 0 0
3795 0 63 0 63 63 0 0
3834 0 63 0 63 63 0 0
3752 0 63 0 63 63 0 0
3896 0 63 0 63 63 0 0
3967 0 63 0 63 63 0 0
3910 0 63 0 63 63 0 0
3912 0 63 0 63 63 0 0
3904 0 63 0 63 63 0 0
3940 0 63 0 63 63 0 0
3899 0 63 0 63 63 0 0
3982 0 63 0 63 63 0 0
3924 0 63 0 63 63 0 0
3975 0 63 0 63 63 0 0
3829 0 63 0 63 63 0 0
3950 0 63 0 63 63 0 0
3905 0 63 0 63 63 0 0
3996 0 63 0 63 63 0 0
3961 0 63 0 63 63 0 0
3941 0 63 0 63 63 0 0
3886 0 63 0 63 63 0 0
3952 0 63 0 63 63 0 0
3961 0 63 0 63 63 0 0
3885 0 63 0 63 63 0 0
3878 0 63 0 63 63 0 0
3952 0 63 0 63 63 0 0
3875 0 63 0 63 63 0 0
3920 0 63 0 63 63 0 0
3874 0 63 0 63 63 0 0
3895 0 63 0 63 63 0 0
3847 0 63 0 63 63 0 0
3912 0 63 0 63 63 0 0
3974 0 63 0 63 63 0 0
3888 0 63 0 63 63 0 0
3899 0 63 0 63 63 0 0
4001 0 63 0 63 63 0 0
3874 0 63 0 63 63 0 0
4008 0 63 0 63 63 0 0
3981 0 63 0 63 63 0 0
3967 0 63 0 63 63 0 0
3757 0 63 0 63 63 0 0
3848 0 63 0 63 63 0 0
3931 0 63 0 63 63 0 0
3874 0 63 0 63 63 0 0
3848 0 63 0 63 63 0 0
3950 0 63 0 63 63 0 0
4015 0 63 0 63 63 0 0
3971 0 63 0 63 63 0 0
3950 0 63 0 63 63 0 0
3728 0 63 0 63 63 0 0
3975 0 63 0 63 63 0 0
3878 0 63 0 63 63 0 0
3981 0 63 0 63 63 0 0
3972 0 63 0 63 63 0 0
3911 0 63 0 63 63 0 0
3958 0 63 0 63 63 0 0
3760 0 63 0 63 63 0 0
3835 0 63 0 63 63 0 0
3834 0 63 0 63 63 0 0
3898 0 63 0 63 63 0 0
3883 0 63 0 63 63 0 0
3923 0 63 0 63 63 0 0
3834 0 63 0 63 63 0 0
3875 0 63 0 63 63 0 0
3902 0 63 0 63 63 0 0
3836 0 63 0 63 63 0 0
3707 0 63 0 63 63 0 0
3821 0 63 0 63 63 0 0
3801 0 63 0 63 63 0 0
3917 0 63 0 63 63 0 0
3900 0 63 0 63 63 0 0
3897 0 63 0 63 63 0 0
3900 0 63 0 63 63 0 0
3910 0 63 0 63 63 0 0
3876 0 63 0 63 63 0 0
3922 0 63 0 63 63 0 0
3921 0 63 0 63 63 0 0
3974 0 63 0 63 63 0 0
3924 0 63 0 63 63 0 0
3931 0 63 0 63 63 0 0
3982 0 63 0 63 63 0 0
3890 0 63 0 63 63 0 0
3900 0 63 0 63 63 0 0
4005 0 63 0 63 63 0 0
3794 0 63 0 63 63 0 0
3931 0 63 0 63 63 0 0
3837 0 63 0 63 63 0 0
3836 0 63 0 63 63 0 0
3876 0 63 0 63 63 0 0
3910 0 63 0 63 63 0 0
3935 0 63 0 63 63 0 0
3764 0 63 0 63 63 0 0
3938 0 63 0 63 63 0 0
3859 0 63 0 63 63 0 0
3852 0 63 0 63 63 0 0
3936 0 63 0 63 63 0 0
3850 0 63 0 63 63 0 0
3981 0 63 0 63 63 0 0
3966 0 63 0 63 63 0 0
3876 0 63 0 63 63 0 0
3921 0 63 0 63 63 0 0
3898 0 63 0 63 63 0 0
3785 0 63 0 63 63 0 0
3915 0 63 0 63 63 0 0
3615 0 63 0 63 63 0 0
3872 0 63 0 63 63 0 0
3654 0 63 0 63 63 0 0
3807 0 63 0 63 63 0 0
3898 0 63 0 63 63 0 0
3899 0 63 0 63 63 0 0
3932 0 63 0 63 63 0 0
3943 0 63 0 63 63 0 0
3812 0 63 0 63 63 0 0
3958 0 63 0 63 63 0 0
3887 0 63 0 63 63 0 0
3876 0 63 0 63 63 0 0
3888 0 63 0 63 63 0 0
3880 0 63 0 63 63 0 0
3875 0 63 0 63 63 0 0
3897 0 63 0 63 63 0 0
3974 0 63 0 63 63 0 0
3975 0 63 0 63 63 0 0
3837 0 63 0 63 63 0 0
3756 0 63 0 63 63 0 0
3950 0 63 0 63 63 0 0
3850 0 63 0 63 63 0 0
3941 0 63 0 63 63 0 0
3911 0 63 0 63 63 0 0
3939 0 63 0 63 63 0 0
3799 0 63 0 63 63 0 0
3899 0 63 0 63 63 0 0
3899 0 63 0 63 63 0 0
3911 0 63 0 63 63 0 0
3967 0 63 0 63 63 0 0
3926 0 63 0 63 63 0 0
3951 0 63 0 63 63 0 0
3959 0 63 0 63 63 0 0
3774 0 63 0 63 63 0 0
3875 0 63 0 63 63 0 0
3912 0 63 0 63 63 0 0
3835 0 63 0 63 63 0 0
3912 0 63 0 63 63 0 0
3909 0 63 0 63 63 0 0
3894 0 63 0 63 63 0 0
3886 0 63 0 63 63 0 0
3967 0 63 0 63 63 0 0
3947 0 63 0 63 63 0 0
3851 0 63 0 63 63 0 0
3975 0 63 0 63 63 0 0
3860 0 63 0 63 63 0 0
3837 0 63 0 63 63 0 0
3920 0 63 0 63 63 0 0
3674 0 63 0 63 63 0 0
3931 0 63 0 63 63 0 0
3840 0 63 0 63 63 0 0
3763 0 63 0 63 63 0 0
3923 0 63 0 63 63 0 0
3911 0 63 0 63 63 0 0
3902 0 63 0 63 63 0 0
3805 0 63 0 63 63 0 0
3908 0 63 0 63 63 0 0
3911 0 63 0 63 63 0 0
3931 0 63 0 63 63 0 0
3894 0 63 0 63 63 0 0
4001 0 63 0 63 63 0 0
3966 0 63 0 63 63 0 0
3848 0 63 0 63 63 0 0
3901 0 63 0 63 63 0 0
3847 0 63 0 63 63 0 0
3932 0 63 0 63 63 0 0
3983 0 63 0 63 63 0 0
3941 0 63 0 63 63 0 0
3819 0 63 0 63 63 0 0
3912 0 63 0 63 63 0 0
3937 0 63 0 63 63 0 0
3860 0 63 0 63 63 0 0
3942 0 63 0 63 63 0 0
3878 0 63 0 63 63 0 0
3865 0 63 0 63 63 0 0
3921 0 63 0 63 63 0 0
3924 0 63 0 63 63 0 0
3989 0 63 0 63 63 0 0
3849 0 63 0 63 63 0 0
3887 0 63 0 63 63 0 0
3866 0 63 0 63 63 0 0
3822 0 63 0 63 63 0 0
3920 0 63 0 63 63 0 0
3928 0 63 0 63 63 0 0
3863 0 63 0 63 63 0 0
3977 0 63 0 63 63 0 0
3949 0 63 0 63 63 0 0
3869 0 63 0 63 63 0 0
3860 0 63 0 63 63 0 0
3795 0 63 0 63 63 0 0
3921 0 63 0 63 63 0 0
3863 0 63 0 63 63 0 0
3897 0 63 0 63 63 0 0
3930 0 63 0 63 63 0 0
3850 0 63 0 63 63 0 0
3826 0 63 0 63 63 0 0
3848 0 63 0 63 63 0 0
3889 0 63 0 63 63 0 0
3790 0 63 0 63 63 0 0
3867 0 63 0 63 63 0 0
3805 0 63 0 63 63 0 0
3834 0 63 0 63 63 0 0
3887 0 63 0 63 63 0 0
3934 0 63 0 63 63 0 0
4001 0 63 0 63 63 0 0
3969 0 63 0 63 63 0 0
3893 0 63 0 63 63 0 0
3958 0 63 0 63 63 0 0
3922 0 63 0 63 63 0 0
3877 0 63 0 63 63 0 0
3798 0 63 0 63 63 0 0
3896 0 63 0 63 63 0 0
3897 0 63 0 63 63 0 0
3780 0 63 0 63 63 0 0
3962 0 63 0 63 63 0 0
3886 0 63 0 63 63 0 0
3765 0 63 0 63 63 0 0
3887 0 63 0 63 63 0 0
3870 0 63 0 63 63 0 0
3759 0 63 0 63 63 0 0
3864 0 63 0 63 63 0 0
3728 0 63 0 63 63 0 0
4012 0 63 0 63 63 0 0
3861 0 63 0 63 63 0 0
3888 0 63 0 63 63 0 0
3873 0 63 0 63 63 0 0
3886 0 63 0 63 63 0 0
3760 0 63 0 63 63 0 0
4004 0 63 0 63 63 0 0
3895 0 63 0 63 63 0 0
3921 0 63 0 63 63 0 0
3976 0 63 0 63 63 0 0
3929 0 63 0 63 63 0 0
3898 0 63 0 63 63 0 0
3937 0 63 0 63 63 0 0
3775 0 63 0 63 63 0 0
3774 0 63 0 63 63 0 0
3967 0 63 0 63 63 0 0
3930 0 63 0 63 63 0 0
3889 0 63 0 63 63 0 0
3990 0 63 0 63 63 0 0
3996 0 63 0 63 63 0 0
3831 0 63 0 63 63 0 0
3863 0 63 0 63 63 0 0
3951 0 63 0 63 63 0 0
3920 0 63 0 63 63 0 0
3776 0 63 0 63 63 0 0
3830 0 63 0 63 63 0 0
3820 0 63 0 63 63 0 0
3864 0 63 0 63 63 0 0
3819 0 63 0 63 63 0 0
3859 0 63 0 63 63 0 0
3984 0 63 0 63 63 0 0
3959 0 63 0 63 63 0 0
3871 0 63 0 63 63 0 0
3890 0 63 0 63 63 0 0
3968 0 63 0 63 63 0 0
3949 0 63 0 63 63 0 0
3949 0 63 0 63 63 0 0
3670 0 63 0 63 63 0 0
3730 0 63 0 63 63 0 0
3850 0 63 0 63 63 0 0
3950 0 63 0 63 63 0 0
3672 0 63 0 63 63 0 0
3848 0 63 0 63 63 0 0
3877 0 63 0 63 63 0 0
3874 0 63 0 63 63 0 0
3947 0 63 0 63 63 0 0
3932 0 63 0 63 63 0 0
3773 0 63 0 63 63 0 0
3942 0 63 0 63 63 0 0
3728 0 63 0 63 63 0 0
3958 0 63 0 63 63 0 0
3758 0 63 0 63 63 0 0
3821 0 63 0 63 63 0 0
3924 0 63 0 63 63 0 0
3991 0 63 0 63 63 0 0
3939 0 63 0 63 63 0 0
3910 0 63 0 63 63 0 0
3875 0 63 0 63 63 0 0
3798 0 63 0 63 63 0 0
3891 0 63 0 63 63 0 0
3823 0 63 0 63 63 0 0
3896 0 63 0 63 63 0 0
3933 0 63 0 63 63 0 0
3990 0 63 0 63 63 0 0
3967 0 63 0 63 63 0 0
3948 0 63 0 63 63 0 0
