nday dem circ circq pack
1 432.273 0.000 0.000 432.273
27 550.985 13.635 82.663 454.687
28 767.468 16.258 166.426 584.784
30 504.160 12.889 69.219 422.051
27 639.644 14.417 96.580 528.647
28 882.221 21.830 193.733 666.658
27 1005.357 23.732 145.260 836.365
31 1167.843 28.878 206.249 932.717
27 946.892 29.293 181.270 736.329
28 1039.666 29.813 272.987 736.866
27 820.891 28.391 148.417 644.083
23 903.099 25.487 178.297 699.315
27 784.170 22.410 147.721 614.039
25 787.712 22.719 143.124 621.868
28 631.664 19.993 123.596 488.076
26 771.100 23.467 131.353 616.280
27 882.198 22.883 195.539 663.777
28 837.990 24.648 106.604 706.737
29 1144.686 29.217 223.488 891.981
28 796.787 22.062 139.437 635.288
29 1067.083 28.778 173.745 864.559
26 704.375 24.487 150.876 529.012
28 866.190 28.100 188.006 650.084
25 1245.794 30.320 227.766 987.708
25 919.955 30.889 216.316 672.751
28 991.000 32.757 216.279 741.964
28 983.648 32.208 231.921 719.520
21 699.965 26.607 91.175 582.184
26 1000.353 25.553 214.956 759.844
27 1038.435 27.403 185.696 825.337
29 902.310 28.027 246.638 627.645
26 886.090 27.028 162.605 696.457
29 1159.303 31.462 226.653 901.189
29 1059.199 30.038 251.894 777.266
32 760.898 23.164 212.920 524.814
27 566.807 18.786 81.217 466.804
25 990.538 25.998 152.605 811.935
26 513.306 20.378 125.355 367.573
28 676.850 21.281 90.521 565.049
26 849.390 19.342 117.651 712.397
26 618.013 20.072 119.513 478.428
27 667.992 17.848 114.239 535.905
28 565.487 15.537 90.836 459.113
25 862.134 21.915 156.027 684.192
26 613.920 17.290 126.980 469.650
28 777.144 20.422 98.163 658.558
28 876.728 23.793 172.486 680.449
27 779.240 20.854 137.761 620.625
27 827.924 21.108 182.205 624.612
29 825.685 22.308 179.888 623.489
27 796.833 20.053 134.151 642.629
26 776.290 20.573 104.645 651.072
30 823.407 22.214 151.455 649.739
24 981.311 28.321 193.957 759.033
28 965.336 26.127 173.732 765.477
31 1013.778 24.444 208.194 781.140
29 844.597 23.615 174.414 646.568
27 1122.016 28.239 211.717 882.059
33 785.580 24.984 195.850 564.745
21 879.470 28.543 138.600 712.327
28 755.510 22.804 171.387 561.319
27 914.099 26.572 169.138 718.389
23 1225.036 31.603 182.519 1010.914
30 1021.271 30.970 255.750 734.551
29 881.399 28.562 177.855 674.982
29 780.287 26.028 205.209 549.050
24 640.746 23.808 138.136 478.802
30 699.731 21.774 147.594 530.363
28 1115.802 26.756 137.985 951.061
27 1029.667 30.192 212.464 787.012
28 790.288 25.777 171.130 593.382
26 633.916 19.305 120.483 494.128
24 534.011 19.946 126.297 387.768
29 700.173 20.915 62.680 616.577
27 799.617 21.402 150.993 627.223
26 940.644 21.645 192.430 726.570
25 814.346 20.301 88.484 705.560
30 1050.772 26.526 221.565 802.681
30 924.241 24.694 189.249 710.299
26 1089.584 29.948 226.189 833.448
30 977.549 25.155 245.582 706.811
28 869.449 25.832 165.785 677.832
31 915.668 26.509 228.836 660.323
26 820.630 23.760 171.131 625.740
26 1042.464 30.472 159.665 852.328
29 997.197 28.785 204.366 764.046
26 855.327 29.773 217.406 608.148
25 623.919 21.329 112.332 490.258
26 589.365 18.590 93.329 477.445
25 770.554 19.976 103.677 646.901
28 842.240 20.011 173.509 648.720
28 913.709 22.739 188.403 702.567
27 721.080 20.456 130.782 569.842
26 805.783 20.910 98.977 685.896
28 734.592 23.429 144.384 566.779
29 822.125 24.851 163.677 633.597
27 835.687 24.091 164.365 647.231
28 1004.508 28.433 184.090 791.985
33 999.900 23.885 219.680 756.335
28 754.119 21.475 170.060 562.584
29 897.123 24.093 173.374 699.657
25 937.468 26.947 127.947 782.575
29 1005.485 28.972 228.474 748.039
26 760.710 24.000 158.502 578.208
27 966.338 26.854 180.982 758.501
27 715.432 23.471 132.606 559.356
30 871.858 19.629 171.982 680.248
30 756.623 20.496 168.035 568.092
26 795.146 24.335 157.889 612.922
25 1087.412 27.022 165.759 894.632
25 1016.262 28.397 186.034 801.831
27 1022.588 28.464 215.552 778.572
28 709.988 25.034 212.970 471.983
23 666.719 22.999 123.244 520.476
27 589.741 20.004 128.228 441.509
21 611.327 18.993 61.529 530.804
29 867.014 20.934 154.536 691.544
28 1156.256 28.835 161.938 965.483
25 828.313 25.416 164.899 637.999
27 841.579 28.420 167.913 645.245
27 757.371 22.400 219.148 515.823
30 676.107 18.079 143.872 514.156
25 586.172 19.015 87.774 479.383
28 666.196 20.178 122.789 523.229
28 812.838 23.359 176.163 613.316
4 650.358 20.316 16.125 613.917
29 825.219 20.728 149.596 654.895
29 880.997 24.679 139.627 716.692
26 753.659 24.441 121.628 607.591
27 738.168 19.131 149.706 569.332
29 747.330 25.114 155.170 567.046
27 918.968 22.147 146.799 750.022
27 940.993 25.009 175.189 740.795
26 976.708 27.084 179.440 770.184
28 832.272 22.811 144.159 665.303
27 633.199 19.662 127.111 486.425
27 701.733 19.856 76.467 605.411
30 722.897 20.794 120.473 581.630
30 997.694 25.722 204.843 767.130
31 969.772 25.745 189.414 754.614
32 953.590 26.851 248.296 678.443
23 1017.078 30.404 173.763 812.911
31 1050.110 28.827 215.741 805.542
25 978.530 29.166 136.950 812.414
28 1022.147 30.717 149.033 842.397
29 1199.214 31.244 300.341 867.629
29 930.580 28.880 174.464 727.236
25 1111.660 33.364 238.767 839.529
28 929.838 32.565 201.156 696.117
26 1196.834 32.278 250.835 913.721
29 1322.852 31.696 242.421 1048.736
23 1417.190 37.315 245.994 1133.882
31 1225.508 38.075 292.046 895.387
28 1199.956 39.089 295.024 865.843
27 972.535 34.176 270.009 668.350
26 768.958 25.861 223.661 519.436
29 680.902 22.226 142.732 515.944
28 755.738 21.713 132.193 601.832
29 887.412 24.774 234.181 628.457
28 862.134 20.545 90.631 750.958
24 1077.349 27.720 201.857 847.773
28 957.600 27.070 208.708 721.822
26 1001.408 27.486 151.823 822.099
28 861.495 25.759 169.158 666.578
28 1002.091 28.825 152.285 820.982
31 1043.023 28.999 190.539 823.485
28 784.921 27.911 210.090 546.920
27 867.325 26.680 134.682 705.962
25 812.371 24.632 128.088 659.651
28 772.227 24.190 176.098 571.939
24 756.385 23.200 116.733 616.452
30 1039.633 26.970 174.729 837.933
25 999.027 31.017 178.309 789.700
26 852.773 27.982 143.027 681.763
27 1304.676 32.595 263.788 1008.294
27 1379.397 37.160 265.612 1076.625
27 1273.563 34.654 245.329 993.580
29 1071.786 31.901 214.776 825.110
27 1040.688 30.730 226.867 783.091
27 919.546 29.506 138.836 751.203
28 1181.002 32.720 236.408 911.875
28 955.551 27.057 203.162 725.332
26 960.644 29.158 216.817 714.668
28 969.035 28.921 216.857 723.258
27 1000.352 30.874 231.032 738.446
28 690.510 21.514 129.529 539.467
28 833.620 24.684 168.930 640.006
29 821.617 26.294 198.022 597.301
26 852.674 28.030 177.420 647.224
27 728.727 23.149 153.835 551.743
27 775.663 22.590 120.394 632.679
27 922.741 27.024 170.126 725.591
29 1001.485 25.631 173.222 802.631
28 1209.172 29.279 186.731 993.163
29 1104.580 30.566 243.413 830.602
30 1105.391 30.658 228.359 846.375
29 1027.874 31.187 264.865 731.822
27 731.789 30.184 157.100 544.505
29 887.635 26.312 179.710 681.613
18 1177.833 29.124 128.010 1020.700
30 1287.145 32.957 270.908 983.279
30 1082.366 29.267 242.345 810.754
27 872.759 30.048 130.987 711.724
25 1217.790 31.355 220.763 965.673
28 988.297 32.518 230.868 724.911
29 977.186 32.650 257.913 686.623
32 831.232 26.886 169.989 634.358
29 613.355 24.463 138.981 449.911
33 618.087 22.600 102.963 492.523
26 738.658 22.866 124.341 591.451
28 773.811 20.984 143.492 609.335
25 600.244 21.992 94.050 484.202
28 749.593 20.731 149.875 578.988
29 607.373 20.266 91.421 495.686
30 772.499 20.842 139.341 612.315
26 869.815 20.648 134.471 714.696
26 592.740 17.726 136.419 438.594
27 794.048 18.648 124.196 651.204
26 746.669 22.002 117.592 607.076
30 758.049 19.680 184.896 553.472
27 762.287 22.035 172.263 567.989
30 684.381 20.827 113.213 550.342
29 639.032 18.040 123.247 497.745
30 871.704 20.668 201.488 649.547
21 404.092 13.149 55.943 335.001
27 713.159 20.304 154.769 538.086
28 702.307 18.988 108.168 575.150
27 1034.989 25.888 150.832 858.269
28 1025.175 29.390 163.311 832.475
28 994.177 28.294 202.812 763.071
29 1060.319 26.519 233.719 800.082
24 749.855 24.927 147.391 577.537
26 683.574 19.178 106.833 557.563
28 1036.880 26.331 191.724 818.825
31 966.906 25.082 210.022 731.802
26 859.801 25.897 185.200 648.704
28 702.178 23.373 144.032 534.773
27 856.639 25.343 181.345 649.951
28 746.406 23.196 165.906 557.304
27 855.424 21.677 130.385 703.361
26 1072.947 30.345 202.444 840.158
28 926.840 26.634 166.730 733.477
31 1041.196 29.399 217.343 794.454
27 988.883 27.215 204.884 756.784
24 677.306 25.212 130.356 521.737
28 871.624 24.539 163.228 683.857
29 726.708 25.431 149.496 551.782
32 1017.569 26.651 200.428 790.491
28 697.656 23.285 153.088 521.283
29 1142.608 27.559 214.198 900.851
26 998.262 25.283 222.280 750.699
28 1133.678 30.444 238.996 864.238
31 1094.970 31.996 210.457 852.517
28 1101.662 35.210 281.341 785.111
29 653.424 25.030 156.949 471.445
27 740.082 25.187 97.306 617.589
5 917.334 27.832 33.654 855.847
26 978.878 28.060 161.904 788.913
26 880.480 23.394 202.651 654.434
31 865.764 27.414 199.206 639.144
30 938.247 26.075 138.098 774.074
27 1100.319 30.326 203.829 866.164
27 1245.367 33.873 215.147 996.348
28 1014.080 30.901 244.910 738.269
28 879.591 25.945 181.364 672.282
25 896.042 26.683 183.708 685.651
30 520.538 19.754 112.914 387.871
28 691.850 22.032 99.315 570.502
32 834.138 21.758 156.671 655.709
27 686.021 22.561 113.743 549.716
24 754.674 19.858 143.197 591.619
28 739.984 22.991 138.504 578.489
29 1082.221 28.932 183.630 869.659
30 913.084 28.322 226.289 658.474
26 817.513 24.910 202.302 590.302
24 572.287 16.229 80.445 475.613
28 1004.295 23.011 182.224 799.060
25 926.856 25.792 122.507 778.556
28 961.115 25.527 205.070 730.519
28 830.008 21.602 194.799 613.607
30 599.273 20.409 139.163 439.701
26 465.878 17.452 85.413 363.013
26 737.610 21.402 95.625 620.584
29 995.440 24.035 144.109 827.296
33 1288.782 33.205 243.002 1012.575
25 1119.975 34.716 236.125 849.134
30 953.424 28.787 198.354 726.283
28 1160.921 29.677 221.151 910.092
31 1022.599 30.647 174.637 817.315
29 1073.135 27.255 219.025 826.855
29 1167.308 34.687 232.058 900.564
27 1132.328 34.620 212.575 885.132
26 1081.878 33.668 248.540 799.670
28 951.609 34.699 191.795 725.115
30 896.213 26.122 198.181 671.910
25 999.293 27.470 218.411 753.412
24 688.632 24.667 119.632 544.333
26 1056.431 28.206 198.671 829.554
24 828.474 29.684 148.287 650.504
29 1094.436 30.222 229.679 834.535
27 806.212 22.391 187.613 596.208
31 693.973 20.841 135.563 537.569
23 934.001 20.782 106.033 807.186
32 892.116 21.951 144.436 725.729
30 961.936 28.099 159.378 774.459
28 892.351 22.809 145.847 723.695
28 1031.618 29.117 235.620 766.882
25 758.401 23.687 135.282 599.432
2 872.857 21.133 8.824 842.901
24 1001.114 28.515 197.836 774.763
31 719.120 23.974 160.337 534.809
27 736.758 23.187 147.894 565.677
27 477.165 18.772 104.261 354.133
24 588.779 19.438 89.397 479.945
27 818.158 22.416 108.769 686.973
25 1067.836 28.177 181.461 858.198
24 986.426 27.007 147.834 811.585
27 1327.522 35.529 198.827 1093.166
27 1072.363 32.814 251.672 787.877
28 974.822 33.155 236.213 705.454
30 808.507 24.990 224.895 558.622
27 1180.198 32.300 206.378 941.519
27 1017.123 32.358 207.950 776.814
25 985.014 28.592 184.184 772.238
28 1019.857 28.031 206.186 785.640
25 832.256 24.988 124.737 682.531
27 1153.932 30.488 244.971 878.473
22 959.962 21.440 86.028 852.493
24 717.828 24.434 140.973 552.421
30 524.197 20.898 101.183 402.116
23 862.848 22.396 95.464 744.988
27 1470.554 32.957 267.643 1169.954
27 923.927 23.463 146.130 754.333
