nze be neph bph nzph50 nzph90 bph50 bph90
630 630 63 63 10 10 10 10
945 945 63 63 9 63 9 63
1213 1199 63 63 12 63 12 63
838 838 63 63 9 63 9 63
1006 1006 63 63 12 62 12 62
1360 1305 63 63 13 63 12 63
1528 1436 63 63 14 63 13 63
1664 1664 63 63 15 63 15 63
1608 1462 63 63 15 63 14 62
1525 1523 63 63 18 60 18 60
1347 1331 63 63 13 63 13 63
1387 1386 63 63 13 63 13 63
1186 1183 63 63 10 62 10 62
1146 1130 63 63 10 62 10 62
962 906 63 63 8 56 8 56
1143 1139 63 63 10 61 10 61
1193 1180 63 63 12 61 12 61
1220 1132 63 63 15 63 14 63
1548 1546 63 63 15 63 15 63
1274 1135 63 63 14 61 11 61
1615 1544 63 63 15 63 14 63
1279 1226 63 63 12 60 12 59
1340 1322 63 63 12 62 11 62
1701 1603 63 63 18 63 16 63
1517 1374 63 63 16 63 15 59
1453 1404 63 63 13 63 13 60
1509 1503 63 63 14 63 14 63
1307 1304 63 63 15 63 15 63
1435 1435 63 63 13 63 13 63
1564 1551 63 63 16 63 16 63
1362 1361 63 63 13 61 13 61
1360 1360 63 63 15 63 15 63
1585 1543 63 63 15 63 15 63
1453 1451 63 63 16 63 16 63
1167 1116 63 63 11 63 11 61
1034 1026 63 63 9 59 9 59
1317 1279 63 63 12 62 11 62
877 828 63 63 9 54 9 54
1115 1115 63 63 12 62 12 62
1257 1207 63 63 12 62 12 62
1251 1189 63 63 13 63 13 63
1194 1185 63 63 11 62 11 62
1007 950 63 63 10 62 9 62
1202 1202 63 63 11 63 11 63
978 978 63 63 10 58 10 58
1224 1110 63 63 14 63 12 63
1502 1406 63 63 16 63 15 63
1322 1279 63 63 12 63 12 63
1289 1289 63 63 12 62 12 62
1220 1220 63 63 13 63 13 63
1282 1235 63 63 11 63 11 63
1222 1217 63 63 11 61 11 61
1303 1250 63 63 12 63 12 63
1562 1551 63 63 15 63 15 63
1411 1411 63 63 15 63 15 63
1335 1319 63 63 12 62 12 62
1284 1177 63 63 12 62 10 62
1625 1616 63 63 17 63 17 63
1363 1168 63 63 16 59 15 58
1319 1308 63 63 13 63 13 63
1105 1026 63 63 11 59 11 59
1323 1253 63 63 13 63 12 60
1701 1565 63 63 18 63 16 63
1570 1544 63 63 16 62 15 62
1433 1407 63 63 14 63 13 61
1243 1130 63 63 16 58 15 58
1002 981 63 63 9 60 8 60
1181 1166 63 63 13 63 13 63
1659 1607 63 63 19 63 18 63
1609 1589 63 63 20 61 19 61
1278 1278 63 63 12 63 12 63
973 881 63 63 8 59 8 59
837 836 63 63 8 58 8 58
1126 1126 63 63 14 63 14 63
1374 1322 63 63 13 63 13 63
1368 1368 63 63 12 63 12 63
1289 1288 63 63 14 63 14 63
1733 1585 63 63 17 63 16 63
1569 1504 63 63 15 63 15 63
1447 1432 63 63 13 62 13 62
1302 1269 63 63 12 62 12 62
1348 1233 63 63 12 63 11 62
1408 1339 63 63 14 63 13 63
1293 1279 63 63 12 60 11 60
1634 1632 63 63 19 63 19 63
1610 1609 63 63 15 63 15 63
1473 1440 63 63 18 62 17 62
1118 1057 63 63 10 62 9 62
932 932 63 63 9 60 9 60
1169 1169 63 63 12 63 12 63
1304 1304 63 63 12 63 12 63
1143 1142 63 63 10 62 10 62
1038 1024 63 63 9 60 9 60
1248 1192 63 63 12 62 12 62
1275 1202 63 63 14 60 12 59
1316 1241 63 63 13 63 12 62
1498 1379 63 63 14 63 12 63
1512 1458 63 63 16 63 15 63
1411 1411 63 63 13 62 13 62
1134 1082 63 63 13 61 12 61
1363 1216 63 63 14 63 12 63
1464 1427 63 63 16 63 16 63
1658 1591 63 63 19 63 19 62
1232 1232 63 63 12 61 12 61
1316 1315 63 63 12 63 12 63
1280 1178 63 63 11 62 10 61
1170 1170 63 63 10 62 10 62
1023 1023 63 63 9 60 9 60
1241 1230 63 63 11 62 11 62
1570 1570 63 63 17 63 17 63
1640 1589 63 63 17 63 17 63
1538 1495 63 63 15 63 14 63
1210 1111 63 63 12 61 12 60
1013 943 63 63 9 58 9 57
1013 957 63 63 9 61 8 60
1115 1059 63 63 12 63 12 63
1398 1382 63 63 14 63 14 63
1695 1695 63 63 18 63 18 63
1456 1451 63 63 15 62 15 62
1438 1429 63 63 13 63 13 63
1111 1111 63 63 12 61 12 61
875 874 63 63 7 61 7 61
1038 969 63 63 11 61 10 60
1112 1112 63 63 10 60 10 60
1263 1208 63 63 11 63 11 62
1063 1063 63 63 12 63 12 63
1172 1151 63 63 10 62 10 62
1347 1276 63 63 12 63 11 63
1347 1347 63 63 12 63 12 63
1173 1076 63 63 13 60 12 59
1123 1122 63 63 10 63 10 62
1406 1406 63 63 16 63 16 63
1363 1361 63 63 12 62 12 62
1398 1347 63 63 13 63 12 61
1137 1137 63 63 11 60 11 60
934 918 63 63 9 60 9 60
1058 1013 63 63 12 61 12 61
1321 1224 63 63 12 61 11 60
1506 1456 63 63 14 63 13 62
1424 1319 63 63 15 63 13 63
1412 1362 63 63 14 60 14 60
1384 1382 63 63 12 61 12 61
1438 1438 63 63 15 62 15 62
1501 1441 63 63 16 63 16 63
1546 1480 63 63 15 63 14 63
1950 1850 63 63 20 63 20 63
1452 1451 63 63 14 63 14 63
1550 1501 63 63 17 61 17 60
1483 1432 63 63 16 63 15 63
1727 1727 63 63 16 63 16 63
1718 1668 63 63 16 63 16 63
1925 1875 63 63 19 63 18 63
1679 1662 63 63 20 60 20 60
1788 1675 63 63 17 63 16 63
1432 1393 63 63 14 62 13 60
1093 1047 63 63 12 59 11 59
1033 976 63 63 12 62 11 62
1110 1019 63 63 11 61 11 61
1396 1334 63 63 14 62 14 62
1224 1194 63 63 13 63 13 63
1510 1463 63 63 16 62 15 62
1372 1348 63 63 14 62 14 62
1482 1422 63 63 14 63 13 62
1426 1360 63 63 13 61 13 60
1432 1394 63 63 14 63 14 63
1663 1551 63 63 17 63 16 62
1345 1344 63 63 16 59 16 59
1247 1189 63 63 14 63 13 63
1269 1220 63 63 12 61 11 61
1251 1175 63 63 13 61 12 61
1098 1095 63 63 11 61 11 61
1547 1533 63 63 17 63 17 63
1539 1538 63 63 15 62 15 62
1545 1465 63 63 14 63 13 63
1739 1739 63 63 17 63 17 63
1825 1822 63 63 17 63 17 63
1803 1759 63 63 19 63 18 63
1563 1549 63 63 15 63 15 63
1579 1571 63 63 18 62 18 62
1488 1429 63 63 16 63 15 63
1588 1588 63 63 15 63 15 63
1617 1531 63 63 17 63 16 62
1452 1390 63 63 15 61 14 61
1370 1367 63 63 13 63 13 63
1503 1483 63 63 16 60 15 60
1201 1092 63 63 12 61 10 61
1406 1406 63 63 14 61 14 61
1270 1218 63 63 12 61 12 61
1282 1281 63 63 13 63 13 63
1266 1170 63 63 11 62 10 62
1217 1217 63 63 12 63 12 63
1362 1362 63 63 13 63 13 63
1515 1475 63 63 14 63 14 63
1818 1754 63 63 20 63 19 63
1818 1714 63 63 21 63 20 62
1552 1526 63 63 15 63 14 63
1333 1276 63 63 15 58 15 56
1171 995 63 63 11 58 8 53
1424 1312 63 63 13 63 12 61
1729 1693 63 63 19 63 19 63
1819 1794 63 63 18 63 18 63
1493 1434 63 63 15 62 15 60
1358 1285 63 63 15 63 14 63
1617 1617 63 63 16 63 16 63
1498 1483 63 63 15 62 14 62
1446 1445 63 63 14 61 14 61
1196 1190 63 63 12 59 12 58
971 970 63 63 10 56 10 56
1078 936 63 63 10 59 8 55
1245 1199 63 63 11 61 11 61
1309 1306 63 63 12 63 11 62
1084 1022 63 63 9 61 9 60
1050 1050 63 63 12 61 12 61
1110 1109 63 63 11 62 11 62
1260 1259 63 63 12 63 12 63
1252 1252 63 63 12 63 12 63
990 930 63 63 10 62 10 59
1131 1131 63 63 11 63 11 63
1207 1142 63 63 12 63 11 63
1245 1192 63 63 12 62 12 62
1037 1037 63 63 10 60 10 60
1109 1109 63 63 11 61 11 61
1147 1108 63 63 11 62 10 62
1166 1113 63 63 11 63 11 63
814 746 63 63 8 57 7 46
1192 1183 63 63 11 62 11 61
1087 1087 63 63 10 61 10 61
1559 1548 63 63 16 63 16 63
1690 1561 63 63 18 63 17 63
1767 1641 63 63 19 63 18 63
1483 1483 63 63 16 62 16 62
1152 1152 63 63 10 62 10 62
1073 1071 63 63 11 62 11 62
1467 1458 63 63 14 62 14 61
1376 1323 63 63 13 63 12 63
1342 1311 63 63 15 62 14 61
1219 1132 63 63 11 62 10 62
1200 1200 63 63 11 61 11 61
1266 1265 63 63 11 63 11 63
1307 1254 63 63 13 63 12 63
1540 1489 63 63 15 63 14 63
1522 1431 63 63 14 63 14 63
1484 1484 63 63 14 63 14 63
1380 1322 63 63 14 61 14 61
1142 1084 63 63 11 61 10 58
1283 1263 63 63 11 62 11 62
1192 1038 63 63 11 60 10 57
1455 1455 63 63 15 62 15 62
1279 1143 63 63 12 62 10 61
1534 1534 63 63 16 63 16 63
1505 1412 63 63 14 63 13 63
1664 1598 63 63 17 63 16 63
1464 1446 63 63 14 61 14 61
1537 1522 63 63 17 61 17 61
1080 1068 63 63 11 58 10 58
1350 1333 63 63 15 63 15 63
1143 1143 63 63 11 60 11 60
1478 1477 63 63 15 63 15 63
1327 1326 63 63 13 62 13 62
1361 1358 63 63 13 62 13 62
1541 1541 63 63 18 63 18 63
1737 1716 63 63 17 63 17 63
1736 1688 63 63 17 63 16 63
1479 1429 63 63 13 63 13 62
1266 1203 63 63 12 60 11 59
1279 1166 63 63 15 61 13 61
951 905 63 63 9 56 8 55
1119 1119 63 63 12 63 12 63
1191 1136 63 63 11 62 10 61
1107 1044 63 63 10 63 10 63
1216 1216 63 63 11 63 11 63
1231 1230 63 63 12 62 12 62
1593 1541 63 63 16 63 15 63
1489 1389 63 63 14 63 13 62
1241 1176 63 63 12 63 11 63
985 885 63 63 9 62 8 61
1460 1408 63 63 15 63 14 63
1512 1482 63 63 15 63 15 63
1413 1411 63 63 14 62 14 62
1137 1136 63 63 11 61 11 61
906 905 63 63 8 60 8 60
958 856 63 63 9 61 8 59
1211 1188 63 63 14 63 14 63
1582 1532 63 63 16 63 15 63
1848 1848 63 63 18 63 18 63
1745 1692 63 63 21 60 20 60
1484 1432 63 63 15 63 14 63
1643 1550 63 63 15 63 14 63
1675 1586 63 63 15 63 15 63
1511 1497 63 63 14 63 14 63
1677 1676 63 63 16 63 16 63
1664 1611 63 63 17 63 16 63
1577 1512 63 63 20 59 19 59
1658 1607 63 63 17 63 16 63
1451 1439 63 63 15 63 15 61
1529 1461 63 63 13 63 13 63
1029 988 63 63 9 58 9 58
1351 1350 63 63 13 61 13 61
1398 1286 63 63 14 63 13 63
1612 1511 63 63 15 63 13 63
1298 1249 63 63 13 62 13 62
960 960 63 63 8 62 8 62
1233 1216 63 63 12 62 12 62
1404 1399 63 63 13 63 13 63
1523 1491 63 63 15 62 14 62
1317 1317 63 63 12 61 12 61
1334 1317 63 63 14 61 14 61
1086 1068 63 63 10 61 10 61
1319 1276 63 63 14 63 14 63
1415 1413 63 63 16 61 16 60
1280 1278 63 63 14 61 14 61
1074 1074 63 63 10 61 10 61
894 878 63 63 8 56 8 56
1008 952 63 63 10 61 9 61
1281 1168 63 63 15 63 13 63
1533 1488 63 63 15 62 14 62
1508 1508 63 63 15 63 15 63
2022 2014 63 63 20 63 20 63
1631 1591 63 63 20 61 19 61
1369 1369 63 63 13 63 13 63
1225 1089 63 63 11 61 10 60
1647 1562 63 63 17 63 16 63
1667 1514 63 63 16 63 14 63
1479 1396 63 63 15 63 14 62
1469 1350 63 63 14 63 12 63
1328 1289 63 63 15 63 15 63
1671 1622 63 63 17 63 16 63
1326 1267 63 63 14 61 13 61
1077 1050 63 63 10 59 9 59
871 836 63 63 8 59 8 59
1316 1204 63 63 16 63 14 63
1737 1737 63 63 17 63 17 63
1419 1224 63 63 14 61 12 61
