size start dura
116365000 198 10318
117596000 832 9770
115221000 285 10332
114933000 1122 9508
116118000 1369 9593
115211000 1620 9518
114709000 1798 9642
114459000 2510 9188
116231000 2392 12339
115903000 3550 17727
113699000 3612 18330
114865000 3660 18929
115417000 604 22591
116294000 3789 19423
114278000 8878 14815
114158000 8900 14943
116274000 4423 19470
115123000 6277 17641
116816000 7980 16046
114358000 5314 18737
114897000 6373 17698
114134000 8264 16150
116526000 3964 20455
115963000 7358 17519
115201000 12844 13154
114941000 11266 14771
114561000 11009 15045
114999000 839 25240
116692000 11067 15539
116535000 11749 14902
115569000 13232 13588
116595000 13837 13037
115261000 12509 14413
114204000 12210 14858
115268000 10003 18155
115575000 15237 13305
114226000 16367 12180
117467000 15845 12721
115713000 14402 15086
115008000 18126 11780
116329000 17846 12407
114392000 17270 13124
116709000 14811 15690
114938000 15562 15157
115266000 18136 12946
114591000 19270 11976
116279000 18885 12754
115153000 15916 16094
113567000 16893 15345
116068000 16613 15652
114512000 12749 20046
115907000 7777 25338
115900000 19577 13915
116160000 14158 19470
115433000 18909 14894
115016000 20301 13577
114652000 8021 27124
116063000 20027 15431
117599000 21172 14326
113880000 20936 14617
114791000 18203 17351
116134000 22899 12695
115987000 22484 13143
114051000 24215 11480
114911000 24309 11386
115612000 23555 12235
114289000 14134 22372
114995000 21553 15060
115088000 18336 18335
115427000 20084 16889
114026000 21467 15614
114341000 20816 16358
114196000 16326 21177
114142000 22153 16005
115030000 24876 14021
115544000 23044 16273
114945000 22477 16914
114105000 24424 15081
116263000 22852 16693
115332000 25741 13853
114769000 23146 16460
115632000 25172 14445
114664000 23144 16517
115265000 26025 13636
114989000 25539 14565
114749000 26252 16250
115540000 30353 12289
114416000 29582 13070
116038000 21708 21053
115332000 30497 12534
114656000 28691 14350
116025000 29262 13792
115341000 28891 14368
114873000 26863 16630
117038000 26463 17708
114165000 28301 16626
115088000 30209 14852
115273000 25472 19832
116073000 32101 13215
113679000 27945 19959
116874000 30876 17614
115614000 31359 17947
115336000 33638 15803
114158000 32690 16807
116233000 32465 17152
113303000 32021 17713
116560000 30853 19036
115769000 30192 19768
116234000 37368 12600
116779000 28151 22420
115341000 32606 18388
115548000 35900 15234
113838000 35298 15843
115163000 39322 11956
114848000 39998 11299
114287000 35565 15732
115283000 34787 16653
114023000 40640 11127
116286000 36576 15301
115489000 35549 16633
113191000 42042 11083
116208000 39135 13991
114740000 41173 11967
115831000 36263 16963
113956000 43440 9797
114634000 40986 12281
115664000 43823 9446
116620000 32452 22284
113449000 44460 10446
116628000 45086 9831
115414000 42089 12944
115214000 37313 18060
113796000 34066 21314
116575000 39823 15710
115932000 40166 15764
115316000 36967 19307
114612000 43350 13156
114436000 45629 10978
114286000 35545 21686
115274000 45887 11949
114782000 44856 13332
116107000 46106 12194
112972000 41515 17390
116621000 45038 13922
115316000 41665 17496
113280000 35763 23762
115207000 47582 12096
114343000 46973 12732
116429000 45691 14173
114419000 48866 11050
116171000 38592 21586
116513000 50775 11796
115771000 52630 14738
115532000 59489 12005
115242000 56653 15696
115343000 51054 21331
113161000 50732 21653
114579000 56337 16061
116225000 54425 17980
116463000 55917 16502
115447000 53923 18505
113002000 51935 20520
116059000 55668 16840
115818000 51614 20915
115287000 51409 21145
116177000 54169 18388
114089000 55260 17349
114176000 58775 13858
115195000 53367 19284
115020000 50063 22609
115183000 55939 16735
115647000 51411 21487
113431000 54628 18714
114409000 59098 14307
116269000 54617 18817
113565000 51728 21974
114556000 59954 14235
115764000 61048 13541
114528000 49881 24795
115208000 60281 14450
114822000 61652 13103
116431000 61589 13166
114553000 55978 18827
115733000 51746 23160
115471000 50597 24545
115019000 57975 17330
114190000 56928 18487
115809000 53627 21850
114745000 48946 27005
116159000 50638 25339
115051000 48675 27327
114665000 51851 24173
115353000 62084 14086
117125000 65829 10763
114502000 61292 15406
116680000 62127 14673
113595000 62413 14522
116179000 62428 14805
115226000 62929 14381
115327000 67203 11591
116168000 61858 16973
114686000 51998 26879
115783000 62393 16676
115316000 62092 17276
116080000 61162 18237
115784000 57617 21972
113670000 69491 10699
116435000 68178 12406
114025000 68465 12170
115025000 66575 14450
114725000 67114 13925
114347000 68581 12770
116000000 65730 15774
114574000 62849 18923
115802000 64043 18226
113881000 58687 23679
116004000 64881 17895
116157000 66480 16745
115379000 64302 19343
115189000 66175 18151
116235000 69004 16128
114339000 52570 33447
115756000 66331 19763
115928000 52622 33538
116291000 73111 13324
114096000 70907 15632
116329000 69199 17360
114312000 70474 16107
115852000 71625 14991
115130000 69633 17029
113313000 70894 15784
115988000 69466 17217
115862000 69829 16957
115136000 68656 18156
117008000 72019 14926
114642000 70553 16476
114943000 73233 13937
113521000 71981 15223
114925000 70671 16669
113066000 73498 14727
113991000 74338 13923
113587000 74953 13455
114554000 71156 17351
114623000 75205 13392
114364000 75279 13346
115087000 74167 14569
114100000 70370 18423
114220000 75452 14725
116770000 75667 14523
117315000 76209 14540
116613000 80209 10575
115882000 77503 13438
115854000 75815 15202
116062000 80483 10773
117345000 78666 13654
114407000 79533 13228
115656000 80707 12165
115765000 80289 12974
115851000 76355 17034
114203000 81355 12919
114916000 80049 14628
116257000 80695 14160
114972000 81527 13758
115163000 80375 14944
113797000 75318 20047
114435000 74458 21297
115658000 79604 16924
116340000 81137 15408
115647000 83463 13564
116086000 83348 14153
115233000 77635 19941
114382000 85024 13227
117005000 83787 14539
115957000 85327 13179
115057000 75230 23312
115035000 82611 16209
114386000 83094 15738
115194000 86345 13193
116135000 84834 14772
116285000 80803 19080
115049000 87917 12267
114977000 89911 10312
115448000 86663 13585
115300000 87282 12973
115620000 84021 16247
114201000 87739 12549
115676000 90229 10109
117740000 89836 10527
114481000 86609 13775
115367000 89061 11421
115097000 87634 12976
116510000 82405 18258
116295000 79660 21504
116265000 89642 11610
114991000 86836 14420
115049000 84988 17154
115651000 86657 15685
116438000 88086 14356
116112000 85963 17806
115506000 92358 12888
114846000 93309 12020
115915000 90520 15561
116217000 92226 14226
114871000 87887 18618
113838000 92080 14905
114390000 91984 15520
114910000 88045 20093
115737000 92399 15752
115223000 93805 14530
113372000 93841 14556
115494000 89612 18800
115379000 94437 16234
115357000 94534 16205
113852000 94975 16014
114618000 100250 10763
116145000 96561 14529
116288000 94912 16289
115051000 97105 14130
115054000 95707 15547
115296000 97869 13462
115452000 101332 10003
116088000 98079 13261
114061000 99308 12035
116873000 95465 15896
114933000 98578 13546
114972000 94318 18169
115683000 96752 15761
114643000 96352 16219
115249000 98328 14263
114972000 98034 14560
115184000 97101 15646
112783000 99400 13630
116071000 96645 16387
115667000 95883 17329
115301000 102108 11161
115111000 99403 13888
115190000 103799 9615
113907000 97368 16193
116447000 103710 10022
112698000 93625 21956
115744000 98098 17563
116738000 102426 13881
114314000 99491 16969
116908000 104452 12135
115768000 93811 22867
115582000 103325 13501
114285000 100273 17353
116238000 104261 13438
116290000 98427 19562
115415000 105457 12568
115575000 100432 18003
114258000 105736 12835
115562000 105688 12999
114967000 108108 10637
115621000 106953 11888
116078000 107584 11268
116039000 108711 10164
116084000 98702 20213
114931000 106294 13373
114936000 109321 12160
116798000 108355 13606
116178000 108832 13544
115801000 109976 12542
113736000 109958 12565
116025000 109648 12920
116264000 113206 9464
114649000 113396 9415
113982000 111433 11559
115081000 110679 12990
115769000 109718 15387
116262000 116163 10803
113443000 115549 11439
115751000 115316 11673
115353000 115481 11565
115203000 117323 9727
114406000 115709 11365
115706000 114491 12588
115879000 115247 11852
115994000 115143 11959
115887000 109912 17208
114330000 114424 13954
115504000 115277 14300
114473000 118388 11522
114768000 118370 11620
116425000 118193 11872
116290000 119037 11047
113988000 119622 10880
114677000 117992 12830
114597000 117828 13343
115925000 120412 12574
113794000 120913 12145
114543000 120085 12994
116640000 122913 11021
116721000 122289 11694
113796000 122985 11006
114757000 125052 9422
115950000 121794 12770
115111000 125168 9425
113982000 118484 16870
115503000 125601 10020
116296000 125851 9861
115312000 126082 9712
116337000 125699 10097
114360000 126844 9360
115853000 127346 9633
115465000 123862 13167
116313000 124838 12436
115332000 128494 9305
114008000 128803 9324
114670000 129400 9532
116988000 129380 9652
114826000 124185 16601
115454000 126358 14940
114881000 130758 10564
116662000 129739 11632
116502000 130978 10400
116300000 129767 11614
116935000 130540 14092
115175000 133459 11275
115383000 131224 13853
114890000 130513 15015
115223000 133784 11943
113474000 133994 12270
115074000 134112 13393
115823000 134178 13817
115460000 138195 10551
113503000 136305 12459
114853000 135287 13505
114932000 135909 13055
115200000 137074 11897
117710000 135994 13002
115438000 136512 12659
115766000 135930 13251
115011000 138332 10980
113843000 135714 13621
115821000 135183 14319
115511000 136942 12618
115550000 138240 11365
114855000 136674 12997
114332000 136598 13378
114067000 140196 12566
114619000 140401 12532
114584000 139912 13100
116002000 136639 17795
113604000 140528 14604
114969000 141957 13264
114736000 140715 14548
115988000 140958 14412
112685000 140864 14525
115517000 142001 13395
115304000 142754 13195
115841000 141468 14489
114525000 144168 12103
114918000 145001 11717
116469000 142578 14148
112940000 144954 11898
113525000 138566 18358
116961000 143852 13248
112919000 146676 11635
113959000 147047 11362
116671000 146539 11946
115622000 146640 11886
114901000 147105 11519
114791000 143249 15695
114595000 149867 10626
115803000 148268 12347
116189000 150220 10598
115729000 148929 12059
116031000 149202 11910
116013000 144249 17045
116787000 148485 13056
114716000 150430 11173
114409000 144057 18328
116520000 148187 14803
114395000 148495 15848
116370000 147770 18686
113355000 152201 14922
115168000 150916 16212
114727000 151545 15642
115778000 152827 14430
114181000 150009 17682
114988000 151128 16953
116026000 151673 16418
114530000 153546 16038
114559000 155104 14543
115047000 154360 15313
114772000 154204 15815
116191000 154809 15379
116448000 154752 15542
114931000 155039 15331
115569000 155278 15117
114573000 156616 14592
115029000 156196 15040
114307000 156948 14842
116799000 156513 15322
115427000 156679 15214
114410000 155918 19277
114358000 155150 20186
115556000 158601 17135
114840000 158428 17592
115456000 157365 20329
115483000 157393 20687
115157000 159806 22699
116062000 159219 23810
116007000 164214 18871
114850000 159116 24002
114221000 161267 21930
115731000 163171 20103
116307000 161867 21415
114504000 163979 19317
116007000 161621 21723
114633000 162188 21165
113786000 162121 21286
114619000 159248 24251
114696000 165482 18247
113971000 161702 22078
114921000 172952 13352
114457000 169039 17274
114679000 171383 14950
114588000 161856 24517
115847000 168022 18359
115175000 168445 17943
114686000 159606 26820
114275000 163789 22639
115371000 172677 13823
116177000 160811 25746
116031000 172284 14279
114461000 166899 19691
115257000 166195 20410
116452000 159827 26810
115371000 162166 24484
115395000 161830 24887
114103000 166928 19929
113818000 170521 16447
113614000 170369 16761
114882000 175235 12135
114735000 164873 22695
115254000 172508 15299
114112000 159632 28284
115325000 172657 15392
115285000 171256 16819
115584000 171342 16752
115093000 166684 21529
113900000 171152 17082
116214000 168163 20107
114884000 170292 18481
115897000 168235 20612
116042000 167133 21749
114751000 164357 24542
115546000 167737 21192
113395000 166200 22731
114970000 170721 18313
114728000 166779 22516
115263000 171006 18638
114439000 161985 28703
116351000 173135 18141
114918000 165251 26333
113721000 175124 16834
115068000 176982 15008
116393000 177377 14901
114839000 176947 15510
114785000 178786 14711
115813000 175457 18541
114295000 179612 14409
113952000 179603 14470
115804000 178225 15868
116129000 164886 29678
115336000 176987 17691
116638000 173333 22225
116521000 179125 17137
114081000 178019 18260
115303000 178155 18138
115166000 180732 15740
116356000 179514 17623
116089000 166360 30851
116100000 172707 24798
114457000 181884 16183
113985000 183267 15304
114906000 178811 20081
115545000 184204 14935
115703000 184166 15129
116823000 184912 14646
115734000 182421 17147
113694000 183932 15780
115641000 185028 15030
116223000 185207 14971
113659000 180412 19818
115472000 184022 16329
114248000 182151 18523
114264000 186164 15023
115049000 188805 12448
114647000 187183 14187
115003000 186749 14693
115085000 186786 14690
114120000 188015 13470
117276000 186092 15446
115779000 187201 14372
115575000 191230 10354
115066000 188444 13142
115459000 187685 13937
116892000 187053 15161
114596000 177500 25305
115729000 190595 12380
114974000 184607 18783
114383000 173348 30047
115539000 184267 19325
117268000 187799 16424
115369000 183434 21520
113214000 191418 13592
115384000 187236 19000
114096000 186441 21049
114838000 184690 23679
117030000 193953 14641
114213000 193622 15009
115063000 193147 15490
115338000 192515 16216
116707000 193247 15484
114232000 190244 18674
114850000 194105 14855
115804000 187499 21521
115348000 187464 21577
115321000 196995 12154
115706000 196159 12991
116818000 192184 17020
114495000 194125 15463
114996000 196070 13653
115224000 190915 18866
115671000 190350 20227
116775000 186087 24641
114480000 190850 20651
115851000 191471 20544
113883000 186666 25366
115127000 199029 13601
114633000 190745 22390
113998000 200027 13160
115123000 199968 13260
116951000 191344 22208
113205000 198816 14893
115299000 200563 13319
114329000 201177 12918
116123000 199226 15192
114527000 197552 16869
117351000 199396 16537
116694000 201279 14729
115164000 202037 14004
115062000 202394 13725
117062000 202655 13523
115407000 203286 12900
114553000 203628 12783
115218000 204549 13352
116473000 205608 12404
114165000 205358 12688
115026000 204810 13523
116100000 204055 14321
115157000 205458 12952
114776000 205277 13188
115447000 205054 13441
116289000 202525 15986
113931000 205986 12544
115167000 204695 13848
115452000 203694 14854
113591000 203738 15040
114933000 203607 15572
114362000 204745 14542
114716000 206001 13781
115839000 209262 11060
115255000 207073 13266
115581000 206972 13385
115142000 207931 12564
115827000 209788 10909
115200000 205781 15139
115970000 209855 11158
115035000 204081 17437
115878000 207669 13889
115037000 211484 10103
114480000 210190 11415
114576000 212129 9718
114866000 201307 20656
114616000 208574 13674
114163000 213033 9218
114045000 213511 9445
115014000 212852 10400
113413000 210304 13622
116288000 204691 19503
115244000 208429 16511
114435000 215245 9741
114872000 212226 13392
115008000 214536 11154
116490000 213188 14292
115519000 217423 10839
116634000 218019 11532
116105000 217517 12050
113723000 214360 15449
113366000 219958 10855
114795000 219357 11526
116794000 219607 11298
114435000 219028 11920
115303000 218561 12388
115639000 219252 11832
114473000 221127 10517
115936000 220852 10804
115930000 221425 10249
116057000 220643 11062
115740000 220390 11336
115488000 221180 10554
115049000 222449 11131
114728000 222223 11789
115274000 222235 11871
114807000 219950 14350
114789000 222589 11976
112444000 221616 14540
116984000 222664 13825
115763000 222428 14316
115030000 224629 12642
113760000 224761 12528
115026000 226348 11891
116467000 227381 10999
114451000 227890 10838
115171000 227440 11723
115171000 225710 13581
114479000 228367 11379
114554000 226531 14325
114713000 227724 13352
115488000 228490 12673
114885000 226248 15497
116812000 226599 16012
116628000 226747 16702
116169000 228841 14710
115264000 229057 14961
116582000 229014 15562
113744000 226842 17908
114893000 231824 13034
116043000 229894 15087
115550000 231841 13180
113413000 229249 15845
114948000 228805 16319
115070000 229728 15401
114132000 231230 13910
115070000 230745 14441
116233000 230377 14809
114792000 233606 11626
116704000 232202 13118
115896000 232926 12561
117011000 233252 12292
114442000 233251 12301
113633000 234059 11846
117647000 233973 12164
114761000 234063 12892
115369000 234776 12524
114324000 234677 12651
114774000 231787 15597
113451000 233978 14775
116493000 235758 13008
114833000 236813 12040
115325000 237241 11645
115584000 232593 17012
117286000 237620 12012
116128000 238298 11428
115152000 238227 11588
115149000 237619 12933
115452000 240449 10265
115328000 239632 11091
114152000 240174 10623
115765000 234920 15938
115153000 236735 14715
116319000 237192 14348
117021000 236485 15890
113891000 236383 16394
115323000 241180 12012
115032000 241036 12220
114520000 239566 13734
116766000 233513 19806
116319000 238441 15290
115412000 241912 11848
114267000 243360 11518
115294000 243278 11658
113656000 236977 18315
115910000 243704 12297
114810000 239969 16389
114487000 243991 12545
116274000 244003 12546
114866000 239756 16797
117055000 245341 11722
115377000 244025 13451
114906000 245717 11848
116179000 243401 14330
115282000 240523 17291
115635000 245867 12490
116790000 238842 20016
114843000 245129 14167
117489000 246158 13207
114155000 246281 13379
113565000 240691 19216
113318000 245971 14580
114906000 247822 14150
116016000 247076 15030
114589000 248387 14011
114794000 248341 14237
116310000 249068 13520
113693000 248068 14669
114694000 248983 14007
116528000 248832 14648
115719000 253471 10628
113687000 251842 12339
116055000 251569 12615
114894000 253775 10413
114760000 254418 9783
114022000 253225 10985
114898000 251753 12460
115909000 254907 9314
114520000 252566 11658
115606000 253743 10487
114921000 254413 9818
115946000 250711 13530
115447000 254794 9450
115149000 246739 17515
115140000 253215 11046
115622000 254495 9767
113978000 250159 14111
116188000 253295 10979
115574000 255506 9418
116188000 255863 9345
115168000 250636 14802
115609000 256383 9220
114606000 256507 9223
116383000 256242 9677
115152000 252316 13944
114649000 257206 9231
115757000 250651 15854
115439000 257539 9189
114959000 253963 13158
116071000 257826 9466
115078000 254112 13486
115840000 251378 17249
115061000 259352 9319
114726000 259399 9290
114838000 254585 14963
116492000 254762 14925
113629000 260843 10956
113950000 261034 10952
114237000 261067 11037
114941000 260827 11328
115162000 261234 11096
114432000 263923 13950
114907000 263558 15552
117387000 264013 15269
116062000 265555 14318
113841000 263495 16443
115297000 263901 16844
116295000 265792 16076
113973000 265519 16520
115273000 266148 16285
114613000 267301 15743
114666000 267200 16463
115545000 267393 16540
115016000 267560 16479
115441000 267610 17443
114806000 269382 16958
115600000 267768 18583
114922000 267978 19774
116234000 269566 18343
115237000 272829 15098
114020000 271047 16923
114432000 273436 14593
115589000 270978 17129
116054000 269503 18631
114415000 270562 17633
113481000 270580 17688
116510000 274439 14043
115107000 273697 14851
115863000 274088 14467
113406000 269398 19637
115932000 274063 15124
114082000 273876 15329
115672000 272876 16813
114187000 268147 21727
114370000 271177 18704
114806000 277958 12045
115402000 279029 11482
115228000 270064 20453
114121000 277178 15509
114254000 269251 24703
115122000 278596 16401
114933000 276679 18375
114766000 280988 14342
115311000 277706 18023
113563000 277201 19111
114045000 279288 17996
114508000 273179 24456
116033000 274576 23861
114723000 283154 15515
114106000 275566 23208
115693000 286579 12196
113790000 277442 22501
115589000 280170 19825
115672000 278564 21694
114685000 279956 20575
115092000 285536 15021
115659000 286959 15079
115359000 287155 14896
115012000 289373 12700
115203000 280801 21273
114358000 290837 11245
114152000 283193 18914
113895000 284147 17981
114713000 272023 30130
113483000 287871 14307
115893000 288700 13511
114463000 290772 11455
114004000 290760 11474
115490000 290859 11407
115955000 281104 21162
115265000 291294 10973
114933000 281325 20943
114580000 290516 11768
116305000 284696 17606
114623000 286517 16514
113566000 291737 11540
115417000 288282 15083
115081000 288009 15402
115534000 282254 21219
114692000 287166 16341
115664000 280451 23070
113782000 293117 10421
116471000 292797 10755
115307000 285670 17923
114941000 281083 22631
115598000 292465 11282
116833000 284827 18974
116694000 274450 29442
116741000 285793 18177
113319000 290374 15099
116367000 280372 25433
114752000 294253 11896
113551000 291171 15124
116285000 293393 13684
112665000 294844 12385
114553000 295122 12146
114188000 294151 14053
115345000 293991 14656
114924000 296063 12835
115245000 293583 15655
115125000 282066 27627
115214000 295545 15195
115374000 295958 15419
115575000 292404 19059
115242000 283887 28560
116165000 296874 17978
115292000 295771 19310
115071000 295962 19159
115290000 301227 13915
113360000 301698 13552
114965000 297858 17545
113782000 292606 22821
115460000 301303 14289
115431000 297134 18525
115908000 300820 14905
114761000 300388 15371
115253000 299179 16661
116231000 302114 14880
114556000 304408 12954
116140000 298923 18528
113942000 287649 30315
114604000 303359 15208
116562000 305914 13227
113776000 303724 15808
114878000 302304 17279
114873000 303899 15770
116343000 303020 16674
115792000 302952 16785
115947000 306137 13623
114237000 306010 13797
114844000 304450 15368
115936000 303331 16492
116432000 303364 16466
115936000 304355 15561
114557000 299741 20319
115746000 300313 19765
115118000 301766 18418
114986000 299984 21379
115501000 304352 17622
114996000 302760 21173
115883000 305576 19195
114667000 301388 23477
113918000 308612 18284
114815000 309775 17310
116337000 307638 19498
114529000 309630 17592
114861000 309990 17270
113754000 309176 18352
114774000 315088 14833
114764000 312920 17092
114547000 314816 15204
114704000 308999 21097
115809000 317362 12992
113819000 313946 16419
113518000 311730 18671
115126000 315261 15149
115745000 305066 25370
115948000 303229 27220
114722000 312492 17983
114515000 316979 15096
116326000 315055 17037
114312000 311049 21055
113693000 314503 17622
115046000 313116 19020
115998000 318702 13434
114541000 317957 14283
115588000 312648 19593
112920000 312419 19897
115109000 312127 20194
115830000 321179 11285
116420000 318809 14137
117790000 313743 19238
114679000 321103 11911
116184000 306800 26321
115359000 317252 16028
115485000 321689 11889
116453000 313612 20149
115494000 320255 13577
115130000 321307 12550
116451000 321640 12253
113612000 307807 26269
114270000 319253 14862
114584000 322447 12171
115923000 310248 24856
114277000 317884 17418
114413000 320845 14839
115270000 317063 20009
114042000 318324 19457
113693000 324654 14225
115045000 325210 13686
115524000 325446 13534
115059000 324660 14530
115143000 313174 26320
115647000 324039 15842
116139000 326686 13268
115078000 323291 16688
114626000 327052 12987
117859000 326617 13445
114719000 327748 12704
115088000 318598 21930
115130000 327720 12851
116632000 326684 14224
114763000 329497 11485
115379000 324761 16246
114229000 329271 11822
116065000 329080 12022
114596000 329360 11809
114475000 326709 14682
114358000 319518 22039
113713000 329823 11920
113850000 324594 17167
115178000 327510 14328
114537000 329028 12901
113985000 328088 14005
115548000 313283 28863
115658000 328961 13234
113511000 329311 13638
115333000 331690 11516
115113000 332055 11399
113929000 332390 11107
116419000 330828 12977
114954000 329813 14125
115459000 332673 11266
114439000 331926 12136
114228000 331770 12804
115992000 332252 12623
113986000 330066 15086
114052000 330950 14229
114913000 318113 27082
114124000 331765 13679
116630000 333554 11901
114980000 334261 11235
116156000 332647 14001
114984000 335564 11706
115080000 334338 12987
114931000 335068 12695
115758000 337905 10900
114274000 335392 13461
113617000 335953 13036
115300000 334169 14820
115195000 335136 14054
115990000 339094 10458
115123000 337331 12504
115461000 339807 11008
115460000 340198 12679
116818000 335141 17916
115118000 340625 12618
116852000 339986 13811
114615000 338879 15548
114703000 340862 14402
114128000 342949 12797
114671000 343423 12391
113481000 344034 12365
114904000 343927 12718
116189000 344887 12341
114195000 343064 14197
114277000 345193 12346
113796000 342163 15499
115161000 344787 12888
115505000 344992 13057
115545000 345809 14057
115411000 346211 15332
112931000 348499 13143
115310000 347767 14102
115714000 346999 14981
115612000 348363 13794
116767000 347534 14661
114688000 351348 14187
115350000 347231 18461
113687000 350873 14826
115467000 347338 18777
114126000 347541 18603
114618000 349779 18394
115198000 350793 17402
116131000 351783 16470
114942000 348732 19616
117717000 352665 15777
114840000 352131 16447
114294000 352486 16096
114973000 352307 16389
114930000 353058 15641
114928000 355669 13070
116214000 355876 12949
117932000 355993 12834
116123000 349139 19704
114389000 349529 19375
115260000 356212 12693
113649000 353025 15913
115146000 351722 17253
114841000 351307 17673
116419000 353587 15434
115902000 350848 18199
114171000 351060 18475
114990000 353204 16546
114642000 357338 13473
114918000 358580 12336
113998000 356703 14337
115005000 356885 14177
115270000 356559 14628
115610000 359590 11609
116023000 357872 13967
115569000 359236 12668
114101000 357441 14468
116169000 360164 11944
115499000 359049 13389
114688000 362007 11027
115871000 350501 23124
114118000 350093 24153
115601000 364347 10084
117190000 363091 11427
115042000 365061 9474
115437000 364611 10365
113020000 359971 15118
114799000 353642 22976
114164000 357116 19613
115376000 360938 16326
114816000 353554 23755
115317000 363271 15913
115849000 367451 12289
114891000 366446 13328
115059000 366201 13580
113601000 367027 12807
117251000 358606 21243
116024000 363676 16426
116764000 364788 16336
115626000 368603 12645
115548000 367246 14050
114827000 368568 12736
115255000 368438 12890
115760000 369139 12259
113762000 368397 13075
116284000 368345 13214
115647000 368998 12615
115298000 369995 12853
116397000 363395 19653
115283000 371131 12398
113517000 371875 11682
115493000 372615 11009
114672000 372443 11237
114978000 372298 11428
113326000 374247 12042
114960000 373166 13527
116361000 374682 12257
115999000 376039 11490
114430000 376127 14529
116176000 375773 14883
114357000 374753 15994
115894000 374816 16151
115197000 374216 17444
113084000 376611 15332
114760000 376360 15816
115508000 379753 14782
116251000 379297 15309
115054000 379345 15273
113505000 380854 13832
114842000 378495 16240
114761000 381373 13380
116177000 378838 15927
114388000 381234 13535
115865000 380043 14863
115619000 377890 17067
113827000 378570 16750
114508000 374254 21131
116012000 382858 13413
113866000 374612 21742
115095000 385271 11117
114019000 385457 10932
114499000 383993 12438
115938000 382414 14526
115452000 385924 11092
116039000 386284 11275
116254000 384439 13665
116531000 386015 12261
115217000 384250 14612
116156000 382722 16345
115903000 387459 12012
113437000 378571 21040
114946000 378573 21074
115508000 383428 18419
113442000 383546 18411
115548000 382090 20904
113984000 382503 20867
115381000 389449 15133
117060000 387824 16823
115469000 387518 17482
115910000 389923 15700
114680000 390177 15465
115105000 392401 13709
115805000 390871 15472
116710000 381164 25310
114712000 388292 19006
116422000 391759 15759
117495000 391172 16589
114619000 386289 21620
114592000 383252 24930
115535000 392394 17404
114424000 392147 18829
114969000 393047 18062
114534000 393653 17462
115155000 393019 18103
115764000 393496 17658
115019000 393920 17258
116279000 394781 16419
114634000 395054 16188
114115000 394325 17062
114312000 395405 16037
112680000 390123 21731
114921000 395627 16236
113143000 396159 16701
115099000 395609 17399
114232000 396420 16602
114692000 396558 16492
113756000 398147 14986
114336000 397336 15835
115044000 398081 15276
115702000 392241 21343
113310000 399795 14031
115628000 399728 14152
115487000 399771 14273
114920000 397354 16710
115980000 401449 12710
114906000 395362 18916
114417000 401079 13312
114280000 398890 15557
115356000 403071 11381
116906000 402768 11855
114815000 396538 18236
114152000 399190 15755
115209000 401832 13912
114276000 400553 15877
116718000 395131 21788
115862000 401730 15640
114641000 395184 22262
114102000 404765 13262
116584000 402645 15844
115306000 400949 17855
115807000 397000 24616
115588000 407535 14511
115479000 402589 19642
115648000 401106 21896
115632000 400361 23056
114521000 406818 17820
115355000 408609 16080
116311000 406895 17839
113970000 406545 18208
115581000 409356 15545
115436000 409546 15580
115555000 412006 14343
115637000 409969 16424
112396000 410392 16118
115443000 414003 12557
115793000 410167 16408
116062000 412268 14312
115662000 410351 16298
114827000 413658 13012
114484000 411673 15171
115124000 412518 14768
112971000 412578 14904
115114000 410243 18450
115886000 409836 18918
115706000 416146 12958
114284000 417052 12101
114229000 416073 13156
114529000 414430 14837
115011000 416997 12276
115549000 413774 15785
114153000 416126 14128
115021000 408551 22320
116436000 417324 14116
116228000 407469 24736
115138000 418014 14488
115318000 417818 14810
115222000 420013 12679
116536000 417841 15261
115905000 411972 21189
113968000 414888 18401
115872000 409972 23323
114651000 414897 18525
113815000 421645 12719
115234000 418405 16068
116736000 419332 15187
115245000 418256 16664
116930000 414122 21271
116486000 419040 16788
113553000 418315 17524
115139000 413820 22020
114871000 420013 15828
114616000 417427 18583
114412000 422734 13298
116079000 420415 15712
115803000 422399 13759
115961000 423530 12802
114673000 413317 23035
115349000 421599 14817
115716000 424170 12282
113873000 423711 12761
114571000 423349 13168
113625000 422958 13640
115049000 424248 12425
114815000 417593 19275
116522000 424478 12478
113633000 426485 11820
115178000 424107 14356
116270000 423290 15285
116186000 419427 19380
114234000 416328 22930
113722000 414355 25744
115900000 426545 14394
115387000 428591 12468
116503000 427118 13976
113953000 427085 14009
115937000 426143 15309
115547000 424427 17190
114091000 427924 13848
116326000 428651 13333
115876000 429872 12173
116098000 430382 12204
113763000 424446 18222
114572000 430513 12170
114748000 431004 11732
115745000 430177 12840
115395000 430310 12871
115719000 431187 12116
116770000 426953 16483
115559000 426879 16897
115233000 429674 15141
115393000 430321 14624
115765000 431173 14317
115658000 431176 14632
115487000 426689 19278
115052000 429527 16539
114100000 432336 13849
116613000 431748 15387
114711000 432972 14202
115629000 432869 14339
115615000 431564 15648
115478000 435849 11384
114267000 434133 13131
116307000 435012 12327
114016000 432005 15340
114999000 434282 13068
115428000 433536 14856
113829000 436631 11774
116330000 436566 12036
114418000 433864 14850
115327000 431556 17345
114259000 437215 11723
116489000 437919 11157
114162000 432932 16355
115262000 437272 12050
115542000 435938 13834
115372000 430011 20240
114424000 438193 12552
113654000 437882 13520
114722000 438745 14008
114187000 437239 15792
114436000 440032 13065
115660000 434151 19011
114228000 438722 14442
115997000 439506 13700
114868000 438057 15207
115298000 438769 14496
114516000 436845 16535
116316000 439301 14119
114843000 434438 18997
114530000 440246 13633
116321000 436527 18117
113924000 439345 15717
115559000 442590 12571
115248000 441687 13683
115042000 441335 14159
114148000 441170 14387
115712000 443144 12606
115115000 443003 12835
114430000 442996 13015
115124000 443507 15009
114245000 444420 14329
115544000 445095 13735
113967000 445701 13148
114890000 445661 13375
117864000 444326 14739
115505000 444007 15142
114076000 444751 14691
115513000 446300 13229
115819000 442096 19155
116637000 446682 15157
114926000 446847 15340
115111000 447086 15421
115138000 448387 14185
116755000 449664 13045
114748000 443926 18789
114635000 447309 15503
115383000 449426 13434
116167000 450413 12455
114241000 448084 14795
116310000 443789 19156
115458000 444946 18092
115943000 449513 13610
117487000 445641 17516
116027000 448315 15003
114903000 442202 21481
115625000 450085 13663
115941000 451852 12578
114799000 450992 13503
115234000 450524 14571
114689000 449830 15306
116166000 450632 14774
116608000 448049 18200
116288000 447279 19015
113464000 453445 12970
115827000 448140 18412
113335000 453320 13707
114767000 453853 13586
115715000 453620 14027
114361000 454095 13606
114732000 454349 13386
115832000 450706 17041
114663000 448762 19051
115371000 452930 14908
116581000 454669 13171
115374000 454212 13630
116957000 453845 14008
115514000 454064 13880
115617000 454305 13674
114447000 451133 17006
116130000 453753 14454
116042000 451029 17211
115449000 451195 17114
117434000 450258 18157
114677000 451631 16958
114249000 454875 13889
116023000 455976 13046
114316000 456453 12610
115755000 455433 13808
115412000 456320 13203
114885000 456620 13112
114697000 454636 15811
114061000 447746 22755
115350000 451812 18713
114722000 455881 15006
116064000 457398 13895
114336000 457425 14207
115837000 451598 20210
115260000 457407 14424
114728000 457352 15036
114097000 458887 14030
113444000 459114 15162
113571000 459056 15316
116858000 459299 15805
114803000 459690 15526
115725000 459968 15536
115106000 453020 22499
114939000 460039 15735
116961000 460884 16931
114050000 461398 16619
114845000 461032 17111
116588000 457205 21114
115930000 462452 16527
115491000 462260 16838
115864000 461966 17471
115131000 460944 18822
116293000 458014 21792
115173000 458584 21227
114789000 459814 20003
114839000 463115 17720
115224000 464746 16694
115078000 463934 17796
115610000 468602 13141
117461000 467243 14564
115404000 461926 20037
115298000 461385 20829
117094000 469180 13469
114778000 462770 19963
114601000 461003 21774
116127000 467478 15501
115824000 468800 14834
115254000 470979 14358
114588000 472178 13161
114594000 470097 15253
114820000 470007 15413
115204000 470747 14691
115968000 471149 14364
114685000 471341 14248
116309000 471138 14484
116404000 469961 15682
114749000 465998 19706
116472000 471955 14150
116129000 463294 23224
114876000 464913 21735
114480000 471900 15629
116630000 472077 15506
116293000 468291 19380
115184000 471166 17122
115001000 465892 23510
112871000 475594 14316
114463000 474706 15358
114922000 469438 21462
115426000 476616 14622
115452000 473064 19757
116154000 477205 16759
114886000 475880 18206
113149000 476946 17212
116123000 478629 15705
116506000 476618 17872
113960000 477226 17289
115786000 478935 15736
114066000 478695 16009
116526000 476092 18699
115989000 478289 16524
115610000 478096 16744
116004000 476584 18379
115810000 476511 19219
115559000 482909 15037
116377000 480189 17818
115043000 480479 17754
115588000 482880 15513
114199000 473391 25310
116098000 481323 17511
113833000 481345 17527
114183000 481318 17559
115136000 477796 21602
114539000 477934 23730
113324000 483943 18058
114068000 484213 18002
115066000 480083 22260
115485000 477371 25047
114049000 480979 21537
114953000 478465 24213
116513000 483738 19561
115061000 486578 18136
114871000 486043 18730
115446000 487725 17168
115486000 486168 18947
115149000 491254 13862
116936000 488124 17021
114930000 489384 15843
114595000 486110 19140
116890000 488906 16346
114107000 492804 12556
114220000 486528 18848
112959000 485657 19759
115298000 492739 12712
115223000 482695 22756
114212000 493029 12492
116237000 490940 14594
114276000 493351 12911
114448000 487994 18446
114263000 484624 21878
114082000 489007 17507
115125000 478077 28502
114732000 481747 24835
113963000 485045 21538
114929000 489147 17578
115482000 486970 19801
115259000 489799 17191
114550000 486645 20470
116650000 487947 19427
113531000 491596 15832
116169000 491793 15722
114474000 490740 16826
113931000 480169 27891
113810000 481306 27152
116520000 492213 16511
114475000 493464 15999
114669000 496839 12671
114768000 484933 24677
116356000 493955 15678
115900000 497299 13273
114912000 491862 19530
114673000 497176 14239
115286000 493622 17999
115223000 495740 15981
115405000 494129 18019
117508000 496165 16379
115914000 496002 16616
114761000 492593 20274
114223000 496524 16763
115195000 498688 15093
113753000 484517 29328
115997000 500432 14105
115989000 501705 13466
116702000 494397 20807
115600000 495825 19714
116734000 502113 14813
115645000 502220 14858
115543000 496770 20770
117035000 488256 29308
115373000 504629 13759
115490000 501846 16660
115074000 504287 14220
115010000 503016 15780
115510000 504538 14415
115188000 495021 25259
115773000 507403 14434
113935000 502197 19969
116152000 506744 15515
114716000 509001 13302
117172000 503135 19289
114705000 506012 16480
115546000 509980 12614
115118000 500883 21739
116098000 503523 19141
114575000 495167 27507
114194000 502656 20084
115510000 500727 22034
116226000 502589 20227
116222000 499929 23225
114193000 511021 12384
115117000 511282 12388
113746000 503987 20249
115053000 503334 20939
117720000 506460 17856
114473000 508188 16165
113210000 504979 19730
114489000 510720 14083
114704000 514725 10636
114876000 512357 13037
114353000 514002 11444
114567000 509905 15642
115922000 512877 12673
114623000 513343 12338
114997000 513997 11843
114078000 514158 11778
115547000 515026 10989
116268000 514064 12220
116254000 511381 15198
115261000 514036 12996
115074000 504411 22862
115072000 505708 22190
114996000 510380 17640
115982000 514639 14053
115798000 500898 28084
116656000 515261 13994
115489000 510361 19121
115918000 515433 14816
116369000 515405 14987
115990000 510379 20193
115353000 518063 12783
113918000 514331 16524
116622000 518146 12784
113649000 514960 15987
114146000 518039 13077
117217000 517735 13400
116043000 517879 13267
114565000 517800 14819
113651000 518176 14749
114542000 508255 24855
114271000 519310 13808
115731000 519450 14135
114194000 518381 15337
115293000 515779 17950
113998000 519643 14506
117162000 520195 13997
116106000 520370 13969
115474000 519885 14537
114177000 521072 13524
115064000 521645 13841
115431000 512433 23170
116872000 522009 13953
113493000 521683 14642
115298000 517964 18510
114962000 520514 16224
116773000 522476 15210
114615000 520910 17541
115528000 522626 15952
115270000 522389 16945
115567000 526262 13346
114367000 524865 15019
113908000 522793 17517
114893000 525995 14501
114924000 523300 17424
115420000 523540 17211
115895000 526946 13829
114966000 524473 16303
116134000 527048 13866
115039000 525524 15397
115308000 523620 17301
114966000 523511 17413
116194000 523584 17351
114420000 523759 17184
114482000 522874 18118
115098000 525044 15958
115381000 526851 14223
115596000 523439 17721
114390000 525425 15838
114188000 525708 15697
115570000 525201 16635
113636000 526217 16621
115145000 526443 17261
113246000 527662 16076
116635000 525610 18189
113703000 527486 17054
114975000 531764 14596
115273000 528587 17806
115104000 529334 17239
115850000 531216 15364
115688000 530355 16250
116390000 529360 17346
114327000 526020 20728
116268000 528880 17950
117256000 530239 16677
115028000 530466 16607
116375000 529491 17627
114722000 530367 16786
114804000 528775 18411
115571000 530047 17170
114928000 525390 21946
114583000 532075 15559
115742000 528094 21131
114983000 531212 18204
115255000 532454 17319
114916000 527568 22366
115659000 532504 17697
113993000 533900 16738
115055000 534894 15919
114316000 534880 16849
115786000 532417 19852
116433000 532290 20338
115752000 539821 13787
114368000 536128 17500
115857000 537702 16025
116121000 537480 16272
114712000 536029 17805
115658000 537019 16870
114972000 540762 13286
115688000 537360 16784
115138000 533377 20900
115670000 541722 12718
115050000 540344 14101
113265000 529180 25306
116699000 536544 18020
115287000 541336 13255
115868000 530246 24514
115220000 535550 19282
114463000 538172 16800
114932000 538084 16946
114161000 539603 15684
115755000 541849 13610
114639000 538635 16927
114677000 539293 16294
115728000 539732 16050
114089000 532764 24423
114839000 539020 18410
116083000 543722 14029
116343000 542024 16366
114793000 541179 17244
114369000 538224 20537
116077000 539337 19953
115641000 544926 14767
114897000 541513 19204
114798000 538244 22696
115476000 542272 18934
116150000 543920 17309
116169000 541803 19685
115214000 545936 15633
113440000 542358 19341
114435000 549319 12500
114668000 544042 18165
113880000 546934 15404
115624000 547180 15263
115088000 548196 14298
113861000 543620 19184
115481000 547405 15661
115928000 548295 14827
113897000 545269 17945
114851000 549009 14238
116550000 549134 14417
115234000 547386 16478
115927000 549385 14560
115133000 549809 14315
116583000 550472 13655
114551000 549071 15059
115416000 544743 20043
114985000 552344 12543
114553000 553828 11915
115693000 548432 17369
115033000 550633 15396
114328000 540248 26152
116920000 554133 12486
116167000 553590 13549
115448000 557455 9909
115269000 554632 12733
114028000 556771 10908
115635000 553671 14688
115203000 545119 23262
114932000 547390 21129
116347000 555091 13437
115183000 549956 18776
115585000 554897 14340
115298000 536674 32819
115427000 551036 18658
114390000 558433 12025
115349000 556800 13669
115109000 557207 13283
113099000 553299 17204
113199000 557983 12601
114727000 551605 19688
115909000 556764 15082
114551000 560063 12151
113309000 558368 14529
115234000 545025 27886
116573000 553867 19568
115695000 552772 20752
115021000 550376 23230
115154000 561929 11940
115019000 555697 18214
113147000 560171 14046
113985000 560118 14419
114093000 560836 13906
114649000 563762 11050
114752000 563361 11540
115092000 561222 14045
115000000 556785 18573
116453000 562079 13304
115463000 558151 17332
115031000 553607 22692
116061000 563441 12890
115659000 563728 13474
117047000 562350 14967
115229000 564984 12344
114552000 564826 12580
115111000 565396 12233
115217000 565529 12309
116447000 565913 12041
116854000 566175 11825
116545000 566618 11405
115735000 564922 13173
115407000 565613 13597
114118000 567234 13578
114856000 558739 22565
115399000 569243 12072
116040000 569869 11553
115478000 569242 12455
114193000 569158 12912
116872000 569896 12730
114609000 570373 12702
114729000 568596 14487
115783000 571729 13170
116990000 572116 13010
115092000 568439 16720
115352000 570899 14606
115591000 571964 14270
114790000 573820 13456
115037000 567052 20283
114189000 573032 14609
113832000 573194 15063
115410000 572273 16022
115489000 571396 16943
116446000 574335 16255
114712000 575798 14809
115658000 571341 19425
115210000 574369 16447
113837000 575234 15657
114362000 574832 16907
114351000 575333 17543
116004000 574932 18012
115004000 578015 15174
115218000 577731 15794
115527000 577155 16441
115733000 580902 12723
115227000 577344 16282
115908000 580231 13435
113024000 578212 15624
115018000 580557 13333
114514000 578244 15655
116889000 578041 15860
114140000 579457 14543
115742000 577517 16613
115180000 580210 13927
115349000 578258 15894
116053000 574178 20199
115866000 578159 16561
115958000 580055 14776
115918000 581794 13049
115604000 575108 19814
114973000 581058 13922
113653000 582685 12353
116310000 579436 15704
113075000 580839 14986
114126000 579881 16794
113996000 582053 14642
115704000 575773 21235
116355000 580539 16785
115650000 576705 21063
116494000 579109 19141
115943000 582009 18846
115895000 584561 16386
114651000 584933 16312
115438000 583207 18041
114010000 585969 15433
115741000 580276 22549
114376000 586271 16705
115564000 588884 14478
114012000 585507 17921
114997000 590473 13200
114820000 584501 19193
116286000 583888 19811
115660000 586255 17468
116207000 579966 23760
115456000 581755 22036
116047000 582126 22574
114973000 585570 19324
115258000 585883 19055
117502000 584784 20204
114075000 584634 20487
116399000 586193 19010
114418000 585901 19431
115509000 592018 13770
115128000 589938 15885
114689000 594462 11430
113994000 589201 16729
114697000 592337 13623
114224000 588604 17463
114304000 591954 14240
116336000 589402 16896
115275000 590139 16196
114886000 580692 26272
114759000 592689 14309
115240000 580048 27273
115596000 590987 16561
115485000 580362 27524
115522000 595366 13747
114402000 593918 15249
114893000 594422 14831
114558000 595091 14175
115600000 593940 15503
114899000 591314 18187
115101000 595647 13862
115428000 585723 24448
115206000 596294 14298
114855000 598156 12933
115021000 596945 14555
113861000 597184 14392
116007000 593763 18059
115398000 596997 15401
115232000 592988 19881
115240000 597966 15927
116697000 594087 19872
116740000 597818 16174
113818000 597091 16965
115128000 596776 17325
115485000 595502 19197
112497000 600736 14090
114775000 600054 14976
115490000 599664 15474
115769000 598646 16527
114845000 599392 15859
115226000 599235 16304
116154000 599298 16274
115605000 598351 17303
114071000 597039 19138
114644000 597273 19073
115485000 597515 18988
114357000 586831 30584
114276000 600260 17424
114281000 600057 18132
115398000 597545 20887
114583000 600935 17653
113372000 600753 17889
116388000 605577 13065
115362000 603822 14842
115102000 600220 18524
114624000 605653 13112
114842000 602902 15930
114697000 601898 16935
114782000 603999 15093
114470000 600972 18814
115255000 602591 17740
116533000 606038 14347
114879000 602087 18736
115199000 601221 19607
115759000 597228 23692
114922000 601016 19909
115670000 605924 15152
114792000 605690 15407
113278000 605440 15861
113943000 606039 15467
115076000 604378 17187
116229000 609028 12565
116020000 609138 12513
115520000 607835 13914
114879000 606118 15655
115731000 603844 17958
115827000 608482 13328
114554000 608661 13296
114237000 608086 13887
115239000 609630 12413
115912000 607659 14409
116188000 607408 15807
116225000 602648 20568
116991000 610988 12791
114364000 611558 12273
116687000 611304 12593
117427000 610878 13287
114979000 613023 11210
114216000 613341 10908
114551000 604459 20495
116438000 608362 16702
114082000 611283 13823
115652000 611653 13466
115556000 609652 15658
114812000 611605 14288
116216000 614001 12636
113746000 609856 16914
116069000 611008 15774
114275000 615110 12084
116256000 613214 14656
113729000 614353 13793
115774000 605102 23051
116035000 612274 16511
115473000 614243 14583
114638000 610157 18877
115854000 612024 17853
115287000 615975 14150
114934000 615953 14248
114690000 616434 13821
114376000 617355 13140
115850000 616653 13868
114836000 615855 14726
114954000 614530 16332
115710000 616360 15218
114446000 619685 12869
115366000 619232 13461
114224000 617822 14945
114142000 619162 13854
115191000 619222 14005
114260000 619332 16638
114709000 622243 15160
115308000 622518 15174
114553000 622928 14829
115497000 624267 13690
113919000 623515 14508
116447000 624439 13950
115815000 625227 13441
115439000 619929 18873
116060000 625198 13907
114648000 620335 19035
115094000 625733 13647
115217000 627620 11764
115818000 626952 12498
115885000 623523 16164
116147000 629871 10381
115938000 627757 12506
113540000 625363 14902
114445000 629432 10934
114023000 628200 12175
115645000 625554 14828
116736000 629380 11003
114590000 631464 9332
115803000 631505 9413
114508000 632098 9232
116106000 632886 10223
116705000 622250 21012
116543000 628209 15203
115013000 632700 11552
116036000 627360 17754
113476000 626363 18832
114873000 631082 14411
115925000 629539 16313
115792000 634320 11738
115081000 635064 10994
114145000 634464 11625
115998000 634008 12087
114501000 634417 11717
115954000 629586 17095
115428000 633816 12924
115545000 631616 15214
114798000 638289 13702
114255000 637550 14628
114509000 637790 14434
114630000 636848 15897
116784000 639072 13794
113520000 639485 13494
115430000 640554 12703
113432000 639950 13320
114888000 639759 13574
116102000 640657 12783
115425000 642263 11561
115032000 642309 11573
115498000 641428 12579
114457000 641673 12334
115131000 641560 12449
115073000 640321 13706
116435000 637031 19405
115004000 643208 13558
114502000 643869 12909
114578000 644189 12912
116376000 643812 13413
114370000 643283 14202
116026000 637122 20456
113872000 644310 13342
116857000 647460 13205
114713000 645119 15569
114827000 645657 15197
113847000 646825 14220
114828000 645030 17031
112569000 644392 18096
115351000 651365 11295
115660000 649217 13449
113711000 650924 11874
116411000 646950 15994
113075000 651435 11527
116284000 645757 17318
115018000 645077 18008
114605000 652260 11124
115992000 649058 14414
115944000 653680 9805
114823000 653672 9816
116432000 652552 11130
116081000 653133 10551
113776000 654039 9726
115934000 648426 15699
116070000 651940 12203
113801000 651044 13510
114011000 655018 11257
114777000 654788 11562
116472000 654012 12365
115315000 647421 19248
114906000 656206 10615
114465000 657005 9878
113402000 655980 10970
114861000 655731 11299
115549000 657838 9458
115858000 652794 14690
114510000 656145 11824
115451000 657312 10798
114786000 649361 19653
115572000 658063 11308
117203000 656629 13288
115945000 658453 15893
114527000 661834 12627
114156000 661720 12795
115503000 655717 18858
116013000 661859 12793
115484000 661052 13601
114005000 661140 13566
114629000 661282 13467
116901000 659025 16425
113349000 665420 10490
116372000 666021 9904
114165000 662311 13615
115658000 664860 11097
114051000 664397 11613
114951000 665905 10119
114770000 666398 9648
115654000 663138 12929
116782000 665275 10794
116004000 665286 10853
114445000 663209 14650
114150000 663976 14022
114383000 670748 11095
115344000 672134 9731
114822000 670238 11635
115210000 666610 15294
116433000 669261 12677
117101000 671093 10876
115313000 670483 11492
116923000 671363 10626
115184000 663300 18904
115758000 671925 10529
115591000 673297 9572
115856000 662817 20089
115721000 666917 17076
115667000 674518 9726
116349000 664466 19931
116023000 674961 9772
114553000 669866 14973
115247000 673476 11514
116194000 671083 14117
115528000 675727 12910
115573000 675851 13039
114246000 676204 12897
114633000 670188 18992
114505000 676462 12728
114445000 676483 13097
116013000 677679 12026
115176000 677782 12062
115944000 678248 12487
115538000 678608 13207
115086000 670812 21307
113409000 679449 14657
114964000 678360 15776
115688000 678786 15396
114952000 680488 14039
116568000 679719 15172
114532000 681417 13658
116165000 684038 11568
115024000 681400 14569
115706000 685801 11978
115791000 684001 13798
113811000 684786 13056
115515000 683567 14275
114475000 685923 11992
116712000 682941 14992
115083000 683585 14386
117039000 682922 15074
115714000 682179 15852
116769000 685446 12623
115413000 682280 15981
116420000 684081 14220
116790000 682069 16253
116407000 683432 14988
114461000 681921 16641
115724000 686402 12187
117433000 686192 12426
116222000 682584 16053
115943000 682347 16299
116746000 686946 11749
115255000 687436 11282
115967000 687113 12181
116267000 686293 14313
114943000 685021 15668
115496000 684886 16437
114600000 687971 13445
115212000 685439 16005
113142000 688730 12719
115823000 688304 13285
115685000 688687 12938
114334000 689077 12839
113358000 680703 21393
114586000 689977 13020
116559000 690958 12156
116156000 691567 11674
116210000 691245 12007
116651000 682208 21509
114213000 689818 13987
113979000 692520 11982
113557000 690319 14222
115776000 692468 13749
116570000 682258 24868
115964000 692426 14754
115889000 696109 13179
115475000 696408 14739
115488000 696177 15148
115923000 695396 16334
115488000 696915 15529
116738000 699153 13358
113948000 696395 16133
113737000 692000 20550
116488000 695008 17576
114044000 700584 12026
116191000 695091 17535
115260000 697864 14770
114941000 695549 17085
116880000 700635 12104
115782000 700269 12541
115020000 698891 13973
114658000 699396 13579
114915000 698397 14930
116690000 702287 11149
114818000 699509 14389
115598000 698783 15328
114274000 698596 15806
114815000 697672 16783
115442000 694138 20453
115544000 700104 14499
112724000 699353 15453
116192000 686156 28781
114093000 703203 11873
114590000 703697 11437
115427000 703635 11502
116257000 692435 22757
114150000 703997 11239
113824000 701136 14788
115559000 702110 13936
114572000 702333 14441
115787000 693907 22927
115634000 705604 11559
117228000 706079 11087
114581000 703779 14313
115347000 706551 12005
114737000 694562 24775
114224000 705735 14232
116263000 702084 18130
116663000 708349 12593
115582000 708827 12150
115851000 709599 11583
114314000 706986 14381
115159000 709281 12174
115650000 708643 12883
114626000 710801 11594
115308000 710957 11524
114351000 710516 12005
114358000 702931 19594
115177000 709014 13754
116647000 704684 18129
115038000 710323 12688
114658000 703040 20065
113934000 711241 12718
115717000 706928 17505
113568000 705478 19192
115502000 711094 14280
115780000 712842 12596
116216000 710648 15139
114514000 712650 14419
114158000 714033 13247
117404000 714386 13063
115382000 715600 13096
115674000 717102 12025
114220000 716634 12517
115500000 717338 11876
115043000 714211 15266
114576000 716636 14158
115629000 713110 17698
114641000 712146 18702
113712000 716839 14127
116952000 715464 15757
114606000 717885 13655
115275000 716202 15385
114439000 713453 18746
115389000 718034 14776
115825000 720757 12298
115984000 720213 12906
115481000 721033 13192
114590000 721005 13831
116054000 717620 17589
114471000 716393 18901
114400000 718569 17688
115388000 719438 17321
115141000 719209 18005
116105000 720458 17583
115450000 717416 20729
115514000 721943 16303
115217000 722944 15403
114097000 722250 16342
116767000 721755 16844
115018000 721679 17158
114605000 722137 18330
114662000 723709 17021
115006000 721585 19762
116033000 723907 17824
114012000 724256 17612
113891000 724362 17618
115008000 725208 16780
115910000 725445 16629
115732000 725758 16381
113813000 727428 14747
114089000 723337 19144
116774000 727241 15331
116316000 720161 22431
116093000 725914 16947
114120000 722208 20790
116436000 719875 23198
114371000 726118 17437
115628000 730755 12931
115615000 730972 12858
117176000 731198 12694
115202000 729558 14351
115845000 726564 17348
114957000 723450 20480
114971000 728642 15324
115002000 725610 18559
114817000 725814 18492
113921000 729874 14675
116377000 730185 14380
115442000 733340 11388
116352000 732810 11972
114733000 732435 12386
114370000 728172 16816
114275000 732355 12888
113777000 726058 20678
114193000 736009 11184
114472000 731293 16204
116194000 736537 11171
115966000 736410 11422
118405000 736318 11594
115896000 736440 11609
115095000 727904 21216
115554000 737152 12087
115717000 723839 25428
114111000 733738 15739
116003000 734350 15315
114029000 738086 11588
115634000 738340 11718
115360000 729377 20685
115491000 735730 14684
113476000 738226 12229
116944000 739094 11453
113680000 738048 12692
115072000 735349 15426
115589000 737200 13586
116126000 740181 13374
115464000 727975 25916
114206000 736299 18765
114902000 735795 19342
115439000 741978 13638
113915000 741160 14459
115309000 741463 14526
117349000 742803 13904
113219000 741848 15299
114674000 742823 16309
115664000 734441 24805
116450000 738318 21277
112748000 747710 12849
117049000 746462 15000
115381000 743331 18222
115342000 741840 19745
114820000 748083 13508
115125000 743164 18429
115546000 747502 14102
115501000 746931 14702
115422000 740935 20715
116214000 744736 16933
114960000 746871 14860
114619000 743701 18054
115953000 744186 17569
115839000 744350 17408
113767000 747046 14715
115473000 747086 14848
114737000 748021 14232
114054000 745383 17003
115696000 738883 23527
115021000 744583 17903
114983000 749110 13629
115094000 748945 13870
114833000 749447 13536
115630000 748989 14160
114728000 744149 19102
115280000 749412 14465
116409000 749056 15982
115292000 751921 13600
114423000 751065 14562
114041000 751077 14626
115959000 751828 13896
115499000 750555 15195
116104000 754186 13791
113938000 755672 12356
113375000 753799 14255
116451000 753936 14180
114546000 755636 12500
114812000 756389 11810
114730000 752725 15516
116076000 754536 13725
115208000 755078 13307
113656000 752827 15580
114106000 748026 20386
115608000 746776 21688
115546000 750270 18499
117007000 756957 11890
115132000 757036 11888
115143000 752968 16065
114151000 757267 11847
115178000 753475 15691
115179000 755851 13322
115127000 751691 17539
114559000 752134 17102
115066000 752229 17016
114585000 754025 15335
115834000 756464 12897
114221000 753683 15699
115287000 757064 12611
116572000 759271 10641
115405000 757761 12380
117073000 757641 12581
116278000 759803 10513
116136000 752800 17659
115692000 759806 12235
115039000 759904 12420
112945000 753925 18519
113780000 757528 16078
114983000 759575 14104
115600000 760161 13561
117133000 759494 14657
115419000 760690 14291
115892000 760447 14582
113490000 754488 20569
114733000 757198 18875
114887000 761455 15368
114663000 763832 13171
114041000 764540 13477
115631000 764263 14172
114047000 764331 14506
115745000 762152 17706
118073000 764693 15245
114424000 765553 14417
114342000 765532 14474
113682000 765381 14822
115387000 766712 14748
116185000 767069 15004
113974000 767907 14466
115637000 767253 15198
115868000 768468 14034
113657000 767903 14725
114066000 772658 11270
116232000 767641 16356
116017000 771171 12985
114468000 769760 14470
116480000 764492 19878
115343000 770080 14294
116321000 765020 19372
114788000 773316 12958
116101000 773835 12473
116196000 773524 12785
116744000 771664 14721
114801000 771453 14950
114948000 769593 17213
116843000 767406 19471
113422000 767412 19503
114107000 774555 12518
114716000 773778 13448
114948000 765765 21525
116762000 773261 14247
114365000 769095 18419
116725000 770831 16956
114465000 772112 15708
113967000 770109 18021
114856000 771030 17396
115541000 774594 13874
114413000 769006 19543
114896000 775701 14093
113638000 777070 12766
116284000 776510 13328
113179000 778449 12007
115969000 771898 19134
115622000 780268 11785
115187000 779696 13025
114010000 777342 15406
116433000 780745 12690
114416000 778776 14761
113442000 778245 15338
115421000 780774 12875
114958000 779331 14436
115176000 771093 22685
113643000 779319 14537
114791000 780614 13349
116472000 773479 20586
114533000 778210 16681
113408000 781554 14105
114919000 780243 15421
113945000 781446 14311
115814000 782257 13537
114790000 782899 12940
116072000 781546 14299
115810000 778575 17311
115779000 783186 12748
116331000 780707 15567
115584000 781418 14972
114070000 780949 15532
116510000 781633 14984
115910000 783668 13099
115101000 782634 14507
114306000 783727 13795
115725000 784496 13057
116154000 784149 13435
114934000 784750 14755
116011000 785632 13917
116316000 785741 13811
114803000 785438 14150
116133000 786307 13313
113707000 784029 15742
115134000 785250 14926
114737000 788770 11447
114862000 785183 15114
116626000 788176 12240
115288000 789241 11228
114956000 786198 14617
114671000 786885 14295
116145000 786144 15360
116019000 789768 12007
115649000 786876 14954
114394000 787246 14619
113983000 787609 14681
114829000 790119 12671
113995000 789905 13385
115473000 790914 13001
114626000 790606 13413
114744000 790314 13790
115061000 792283 11849
113340000 786343 17884
115608000 791471 13069
114465000 792390 12208
115172000 792687 12896
115467000 790587 15632
114809000 791707 14850
115507000 793202 13641
114756000 785713 21269
115066000 793945 13297
116072000 788071 19282
113885000 795158 12326
114529000 793180 14362
114858000 793672 14071
114533000 796522 13030
115980000 796560 13270
114609000 794160 15947
113975000 798263 12151
114350000 785724 25055
115434000 795293 15533
114366000 796523 14622
114197000 794579 17389
115221000 799010 15083
114676000 800788 13464
117068000 798638 15835
114548000 787202 28174
115068000 801049 14330
114868000 800756 14927
116313000 797083 18696
114296000 801433 14553
116939000 802439 13598
115141000 801012 15061
114782000 797711 18374
114872000 801098 15090
115190000 802046 14322
114384000 802206 14652
114864000 804109 12934
115100000 805369 12040
115131000 803389 14193
114676000 803496 14364
115003000 803750 14394
115920000 806110 12419
114594000 807280 11250
115425000 807427 11108
115492000 806981 11556
115920000 806668 12066
115840000 809014 10181
114285000 804716 14557
115050000 809667 10165
114793000 805909 15339
115310000 809067 12436
113908000 807595 13955
115189000 809093 12463
113671000 808810 13652
114322000 803954 18617
115151000 810551 12518
114264000 810420 12654
114654000 805264 18163
116411000 811535 12657
115644000 812493 11967
114850000 812233 12271
116405000 812568 11987
113853000 810689 13897
113948000 812503 12492
116202000 810284 14838
115013000 813370 11857
114435000 812802 12538
113784000 813806 11606
115723000 815730 11319
117625000 816229 10824
115360000 816131 10932
115463000 814707 12362
117410000 816169 10929
115119000 814702 12403
116056000 815546 13148
115247000 814586 14337
114861000 816488 12998
115132000 816414 13504
116731000 818035 12412
115647000 818148 12433
117235000 817808 12784
116705000 815668 15057
113929000 819105 11622
117650000 817887 12852
115652000 819802 10982
114882000 819463 11348
114171000 819760 11079
116859000 818129 12744
115067000 821580 9591
115712000 821635 9613
114946000 817031 14540
116706000 818983 12994
115151000 817227 15478
116891000 821382 12743
116434000 821647 14046
116312000 818755 17650
115017000 823716 14303
114837000 823814 14251
116892000 822323 15817
116240000 826012 12128
114856000 824927 13385
115633000 824128 14202
116351000 826126 12360
114433000 825334 13170
114147000 826435 12532
115537000 827179 11945
113654000 826153 13936
115946000 828763 11799
114667000 828829 11764
114088000 827638 13048
115522000 829378 11434
115441000 820628 20231
114676000 828416 12695
116022000 830893 10838
114424000 829673 12136
115643000 830316 11577
115775000 830073 11878
115590000 829735 12222
116868000 830207 11758
113522000 820799 21351
114248000 828286 14912
114928000 830670 13021
115452000 830788 13875
113393000 831647 13490
115629000 832367 13854
114678000 832020 14495
114585000 831135 15876
115656000 833514 13526
113121000 832999 14051
114972000 828891 18210
114163000 833293 13842
116120000 832984 14154
117018000 831482 16197
116364000 831134 17217
114594000 831224 17242
114340000 834803 14579
116578000 834830 14688
113958000 833916 16182
114918000 834929 15623
117312000 836550 14112
116623000 834622 17488
115574000 840450 12490
115677000 834049 18941
113998000 839406 13673
116143000 838755 14373
114641000 837905 15310
116032000 838523 15248
113538000 841544 12289
114294000 836042 17843
115286000 837086 17287
113669000 842563 11877
115234000 838225 16588
116324000 836920 18183
116194000 840955 14295
115648000 844429 11647
116900000 845045 11984
116272000 845539 12073
115067000 845957 12343
114939000 845890 12511
115419000 840780 17746
115615000 842907 16256
114894000 847369 11867
114562000 839293 20190
113775000 847850 11723
115781000 847353 12297
114303000 846293 13486
115243000 843515 16547
114495000 847842 12306
114329000 847971 12365
115903000 848534 12371
114366000 841554 19996
115638000 848389 13252
115785000 847982 13729
114368000 848822 13502
115727000 849320 14035
113916000 845699 17916
115250000 850757 13530
115406000 850016 14896
114405000 850479 15100
115840000 850216 15638
113691000 851853 14800
116350000 850463 16195
115375000 851046 15885
115704000 850757 16313
115295000 852308 14913
115413000 852021 15326
115638000 851057 16334
114611000 851962 15488
114254000 852477 15328
113814000 848959 19419
115094000 852785 15902
114507000 852980 16034
114903000 853922 15152
114352000 854868 14278
115346000 853462 15805
115819000 853025 16285
115236000 853297 16025
116333000 853826 15670
115355000 854284 15496
115334000 852139 18516
114730000 855904 15771
115056000 849812 22266
114948000 852999 19263
116893000 855500 16958
113277000 859114 13520
114447000 858367 14296
114664000 857821 14941
114756000 854349 18439
114721000 859911 13054
116517000 858094 14930
116757000 857299 15758
115341000 859534 13881
114478000 859157 14449
115122000 855353 18895
115089000 859271 15041
116786000 860885 13965
114918000 862168 12787
114438000 859187 15885
114213000 861505 14301
115101000 856567 19340
114348000 861563 14540
114487000 857162 19160
115185000 861039 15555
116237000 860157 16516
117214000 864906 11770
114222000 862875 13819
113874000 857435 19324
113453000 864791 11997
114021000 862741 14056
115100000 864964 11857
114751000 862914 14665
115338000 863254 14762
114227000 865994 12118
113893000 854670 23756
116525000 865408 13486
115154000 861226 17669
114602000 863315 15611
115586000 864520 14573
113771000 864424 14920
114671000 857560 21967
116620000 861534 18003
116367000 864703 14997
113968000 867205 12621
114802000 865982 13860
114824000 866068 13798
115433000 867361 12582
115437000 866228 13896
113651000 868567 12008
115461000 856833 23762
115695000 868249 12388
115014000 867331 14003
113994000 860668 20911
116628000 866438 15465
115115000 867558 15213
115004000 867814 15020
113721000 868559 15158
115383000 869412 14856
116439000 869768 14858
116025000 873137 12107
114875000 860750 24784
114223000 869492 16162
116546000 872142 13690
114615000 871057 14777
115852000 872752 13084
116330000 871968 13998
114534000 871787 14335
115747000 870825 15305
114747000 872676 13474
114802000 871279 15088
114353000 873388 13325
113605000 865198 21603
114158000 874933 12322
113837000 874768 12496
113902000 874639 12752
115072000 874346 13153
114886000 870223 17405
114664000 872014 15897
115468000 870590 17342
114475000 867151 20839
115391000 874796 13354
116504000 877266 11075
114745000 874295 14053
115247000 874339 14051
115765000 873792 14835
115142000 877420 12230
113821000 873702 16275
115519000 878164 11947
115027000 877599 13027
114187000 873177 17675
114814000 870420 20563
114567000 877443 13912
113919000 873837 17798
113814000 880089 11989
113585000 879530 12561
114740000 874095 18164
115689000 880849 11643
115682000 880489 12009
115183000 880888 11722
113680000 880073 13897
115355000 878040 15990
116377000 880253 13856
115160000 881678 12468
114235000 884235 9943
114070000 884738 9493
114595000 878028 17062
116659000 881357 13780
114138000 881552 14187
117730000 877979 18275
115153000 881600 14682
115333000 880587 15744
114030000 879029 17798
114558000 882905 14030
115229000 876156 20968
115081000 879844 17644
113467000 885231 13438
115066000 883828 14857
116222000 882576 16765
114514000 881813 18430
115004000 885353 15713
113400000 885799 15450
117118000 888406 13756
114835000 884493 17704
114854000 888237 13990
115275000 886862 15406
113493000 888373 14059
113141000 887233 15224
117423000 887082 15426
112825000 889177 13422
113713000 887980 14644
115305000 889432 13207
114688000 893273 9493
114804000 884831 18077
113619000 884531 18814
114344000 890654 13022
114688000 885907 17834
113507000 892945 11707
113888000 891510 13170
115757000 892444 12245
114106000 894153 10627
114239000 894463 10321
115219000 892339 12471
115101000 891065 13758
114936000 891761 13070
115632000 893619 11229
117666000 888524 16328
114808000 893176 12820
114554000 887457 19116
114981000 894779 12140
115356000 894665 12296
113784000 895588 11774
115983000 892145 15498
116338000 889970 20021
113723000 893515 17629
114403000 898437 14462
113859000 897236 15776
116273000 895507 17515
115415000 896585 16463
115859000 897195 15857
115025000 896674 16415
114699000 899998 13551
114794000 898773 14839
115384000 899442 14208
116640000 901170 12501
115971000 901590 12109
116964000 898886 14918
114891000 897125 17057
115668000 895930 18415
114153000 902860 11574
116265000 902993 11602
113979000 902846 11792
115351000 896940 17979
114409000 899368 16692
115932000 897480 18691
114636000 900690 15911
113775000 903436 13339
114960000 904966 12244
115244000 906637 10795
116466000 894500 23919
116003000 904866 13989
115478000 903742 15213
115852000 900904 19083
114292000 906382 14879
114000000 896621 24716
117719000 896647 25207
115339000 907189 15687
113276000 907494 15633
115214000 907630 15548
116569000 902944 20289
115212000 907364 15948
116229000 907289 16116
115925000 899053 24632
114784000 904460 19238
116870000 907102 16806
115031000 908386 15565
116222000 907560 16408
114758000 908042 16020
114481000 909114 15060
115208000 907735 17189
115227000 909284 17089
114718000 915387 13800
114625000 913143 16096
114312000 915929 13369
115171000 916002 13357
115027000 913987 15423
114837000 912078 17392
115201000 911463 18019
114989000 913554 16035
115119000 910694 19004
115432000 911297 18544
116110000 915481 14368
114981000 914311 15564
115897000 911513 18401
114408000 913446 16471
115388000 910989 18933
115696000 909072 21610
115179000 909145 22588
115120000 908266 24907
114398000 911762 21457
114130000 908708 24875
114854000 912446 21152
114442000 916183 18171
114074000 919852 15499
115893000 918189 17287
114884000 916352 19177
115426000 913994 21644
115188000 920546 15138
115931000 916002 19814
115090000 924503 11390
115077000 924498 11420
115356000 922578 13376
116370000 922937 13023
115896000 925432 11456
114665000 917819 19084
115145000 920056 16881
113122000 917558 19393
114282000 924757 12211
115353000 911345 25699
112565000 925019 12061
115140000 921987 15256
113929000 918822 18692
114431000 920004 17564
115943000 925586 13844
115233000 913588 26316
115560000 923105 16887
113780000 918210 21811
115048000 926592 13555
114268000 925599 14585
115908000 917445 22855
116049000 918614 21758
114469000 921837 18723
114195000 919563 21127
115193000 924564 16607
114102000 923221 18664
114276000 927259 14908
116202000 928417 13884
113208000 927278 15129
114686000 924738 17834
115101000 916778 26241
114413000 924952 18262
113418000 928532 14705
115535000 928831 14407
115117000 928759 14498
112754000 913754 29728
116702000 922230 21612
114988000 929322 15261
115195000 930778 13920
116607000 928238 16520
115543000 930670 14104
115103000 926275 18968
116432000 930346 15044
113525000 933790 11961
115728000 932642 13246
114257000 934383 11855
116069000 921447 24881
114085000 930955 15445
115537000 925769 20707
115123000 934836 11926
115445000 932931 13970
113044000 935751 11165
115015000 932878 15727
114346000 936069 12716
117153000 935596 13616
115640000 932490 17322
115950000 938575 12192
112915000 938718 12150
114843000 933400 18396
114581000 938540 15389
116630000 938572 15834
114991000 941736 12712
115203000 941828 12661
114174000 936070 18461
114639000 940791 13791
114390000 940777 13875
117210000 940997 13764
115403000 941973 12837
116133000 942231 13105
115823000 943921 12317
115544000 943487 12807
115494000 942174 14300
116349000 940495 16270
116217000 943257 13599
115899000 942329 14873
114699000 942470 14757
114858000 942680 14709
115972000 942244 15545
114025000 944947 12902
115908000 943444 14499
115391000 946300 11906
113538000 946263 13069
114596000 946567 13115
114579000 946564 13193
114585000 946826 13456
115627000 948642 13304
113667000 948126 13869
115266000 945779 16217
115000000 946618 15429
115076000 948591 13531
116367000 944937 17208
115040000 949806 12366
114267000 948194 14021
114364000 947782 14442
114241000 948388 13875
114687000 947039 15323
116012000 942679 20260
116200000 951636 12110
113257000 949721 14378
114395000 948897 15586
114977000 950357 14359
113753000 949498 15955
116271000 949929 16902
115629000 952489 14403
115927000 954501 12414
114617000 950656 16305
114912000 951986 15088
113802000 952518 14557
115659000 953588 13535
115760000 952067 15077
114894000 951887 15289
113016000 952749 14477
115211000 953873 13392
115363000 956203 11189
114247000 951369 16344
115396000 953360 14459
116113000 953551 14712
116359000 950564 17912
116538000 952175 16372
114351000 957018 11837
114464000 957018 11981
115736000 951036 17974
115262000 951944 17184
116593000 957125 12081
115133000 951113 18333
114957000 951285 18461
115951000 958139 11630
115685000 946726 23261
114340000 957630 12561
116780000 951244 18967
114252000 954640 16303
116272000 959181 11850
115264000 959042 12150
117719000 954967 16350
114327000 955782 15639
116132000 958436 12994
115891000 959016 12616
113976000 956390 15726
116228000 957412 15405
114971000 960579 12271
115802000 956708 16169
113428000 960989 12662
114535000 958922 14835
116687000 960811 13278
116374000 961179 13851
114801000 961560 14081
115253000 965322 10758
116236000 964696 11505
115661000 962966 13298
115403000 963937 12451
116173000 961916 14643
115507000 964959 11626
114020000 963866 12757
114040000 963656 13080
115089000 962163 14792
116214000 962687 14282
116095000 963474 13496
114384000 964872 13122
114940000 965362 12925
115208000 963553 15095
114027000 966047 14992
115578000 965668 17917
115913000 965131 18951
115632000 966687 18809
115867000 967134 19333
113290000 965982 20734
114729000 968604 18120
115322000 968111 18847
115830000 967626 19337
116764000 967418 19718
115141000 968505 18895
114905000 965146 22348
114507000 964881 22661
115504000 966950 20698
116952000 969645 18060
114083000 965061 22662
115395000 973064 16404
114549000 971752 17739
116535000 975414 14116
113310000 974792 14776
114866000 967926 21660
114121000 976150 13436
116378000 975280 14307
115103000 975205 14419
115860000 973821 15813
115180000 974939 14698
115570000 973905 15757
115948000 969835 19837
114883000 974016 15688
114890000 975099 14672
115257000 971120 19019
115250000 973761 16686
115204000 969949 20645
115066000 973467 17298
114931000 970587 20197
115780000 967766 23139
114155000 972290 18747
113918000 971215 20526
116181000 976706 16259
115523000 976471 16877
116435000 979205 14284
116101000 978042 15461
113674000 971235 22284
114883000 974263 19327
114488000 977852 15741
114854000 974041 19573
115762000 978452 15270
115763000 979286 14972
116624000 977648 17404
115391000 976905 18995
115179000 970548 25559
115288000 970544 25599
116141000 979477 16744
113544000 982134 14411
115089000 979063 18672
114195000 980096 18169
116643000 980337 18705
115247000 971314 27785
115061000 979916 19255
115070000 980826 18362
114872000 976936 23064
