0 0.805896 1.598688 2.369952 3.163680 3.972384 4.797936 5.622552
12000000 1.205568 2.411136 3.616704 4.844736 6.072768 7.300800 8.528832
24000000 1.204632 2.410200 3.615768 4.843800 6.071832 7.299864 8.527896
36000000 1.205568 2.411136 3.616704 4.844736 6.069024 7.297056 8.525088
48000000 1.205568 2.411136 3.615768 4.843800 6.071832 7.299864 8.527896
60000000 1.205568 2.411136 3.616704 4.844736 6.072768 7.300800 8.528832
72000000 1.205568 2.411136 3.616704 4.844736 6.072768 7.300800 8.528832
84000000 1.205568 2.411136 3.616704 4.841928 6.069960 7.297992 8.525088
96000000 1.205568 2.411136 3.616704 4.844736 6.072768 7.300800 8.528832
108000000 1.205568 2.411136 3.616704 4.844736 6.073704 7.302672 8.530704
120000000 1.205568 2.411136 3.616704 4.844736 6.072768 7.300800 8.528832
132000000 1.205568 2.411136 3.616704 4.844736 6.072768 7.300800 8.528832
144000000 1.202760 2.408328 3.613896 4.841928 6.069960 7.297992 8.526024
156000000 1.205568 2.411136 3.616704 4.844736 6.072768 7.300800 8.528832
168000000 1.205568 2.411136 3.616704 4.844736 6.071832 7.299864 8.527896
180000000 1.205568 2.411136 3.615768 4.843800 6.071832 7.299864 8.527896
192000000 1.205568 2.411136 3.614832 4.840056 6.068088 7.296120 8.523216
204000000 1.205568 2.411136 3.616704 4.844736 6.072768 7.300800 8.528832
216000000 1.205568 2.411136 3.616704 4.844736 6.072768 7.297992 8.526024
228000000 1.203696 2.409264 3.614832 4.842864 6.069960 7.297992 8.526024
240000000 1.204632 2.410200 3.615768 4.843800 6.071832 7.299864 8.526960
252000000 1.205568 2.410200 3.615768 4.843800 6.071832 7.299864 8.527896
264000000 1.202760 2.407392 3.612960 4.840992 6.069024 7.297056 8.525088
276000000 1.205568 2.411136 3.616704 4.844736 6.072768 7.300800 8.528832
288000000 1.205568 2.410200 3.614832 4.842864 6.070896 7.298928 8.525088
300000000 1.205568 2.411136 3.616704 4.843800 6.069960 7.297992 8.524152
312000000 1.205568 2.411136 3.615768 4.842864 6.070896 7.298928 8.527896
324000000 1.205568 2.411136 3.616704 4.844736 6.072768 7.300800 8.528832
336000000 1.205568 2.411136 3.616704 4.842864 6.069960 7.297992 8.526024
348000000 1.205568 2.411136 3.616704 4.844736 6.072768 7.301736 8.529768
360000000 1.205568 2.411136 3.616704 4.844736 6.072768 7.300800 8.528832
372000000 1.205568 2.411136 3.616704 4.844736 6.071832 7.299864 8.527896
384000000 1.205568 2.411136 3.614832 4.842864 6.070896 7.298928 8.524152
396000000 1.204632 2.408328 3.613896 4.841928 6.069960 7.297992 8.525088
408000000 1.205568 2.411136 3.616704 4.844736 6.073704 7.301736 8.529768
420000000 1.205568 2.411136 3.616704 4.844736 6.072768 7.300800 8.528832
432000000 1.204632 2.410200 3.615768 4.843800 6.071832 7.299864 8.527896
444000000 1.205568 2.411136 3.616704 4.844736 6.072768 7.300800 8.528832
456000000 1.205568 2.411136 3.613896 4.841928 6.069960 7.297992 8.526024
468000000 1.204632 2.410200 3.612960 4.840992 6.068088 7.296120 8.524152
480000000 1.205568 2.411136 3.616704 4.844736 6.072768 7.302672 8.530704
492000000 1.205568 2.408328 3.613896 4.841928 6.069960 7.297992 8.526024
504000000 1.205568 2.411136 3.612960 4.840992 6.068088 7.296120 8.524152
516000000 1.205568 2.411136 3.614832 4.842864 6.070896 7.298928 8.526960
528000000 1.205568 2.411136 3.613896 4.841928 6.069960 7.297992 8.526024
540000000 1.205568 2.411136 3.615768 4.843800 6.071832 7.299864 8.526960
552000000 1.205568 2.411136 3.614832 4.842864 6.070896 7.297992 8.526024
564000000 1.205568 2.408328 3.613896 4.841928 6.069960 7.297992 8.526024
576000000 1.205568 2.411136 3.616704 4.844736 6.072768 7.300800 8.528832
588000000 1.205568 2.410200 3.615768 4.843800 6.071832 7.299864 8.526960
600000000 1.205568 2.411136 3.616704 4.844736 6.071832 7.299864 8.527896
612000000 1.204632 2.410200 3.615768 4.844736 6.069960 7.296120 8.524152
624000000 1.205568 2.411136 3.616704 4.844736 6.072768 7.300800 8.528832
636000000 1.204632 2.410200 3.615768 4.843800 6.071832 7.299864 8.527896
648000000 1.205568 2.411136 3.616704 4.844736 6.072768 7.300800 8.528832
660000000 1.205568 2.411136 3.616704 4.844736 6.072768 7.300800 8.528832
672000000 1.205568 2.411136 3.616704 4.844736 6.072768 7.300800 8.528832
684000000 1.205568 2.411136 3.616704 4.844736 6.072768 7.300800 8.528832
696000000 1.205568 2.411136 3.616704 4.843800 6.071832 7.299864 8.527896
708000000 1.205568 2.411136 3.616704 4.844736 6.072768 7.301736 8.529768
720000000 1.205568 2.410200 3.615768 4.843800 6.069960 7.297992 8.526024
732000000 1.205568 2.411136 3.616704 4.843800 6.070896 7.298928 8.526960
744000000 1.205568 2.411136 3.616704 4.843800 6.070896 7.298928 8.524152
756000000 1.205568 2.411136 3.616704 4.844736 6.072768 7.300800 8.528832
768000000 1.204632 2.410200 3.615768 4.843800 6.071832 7.299864 8.527896
780000000 1.205568 2.411136 3.616704 4.844736 6.072768 7.300800 8.526024
792000000 1.205568 2.411136 3.616704 4.843800 6.071832 7.298928 8.526960
804000000 1.205568 2.411136 3.616704 4.845672 6.072768 7.300800 8.528832
816000000 1.203696 2.409264 3.614832 4.841928 6.069960 7.297992 8.526024
828000000 1.202760 2.408328 3.613896 4.841928 6.069024 7.297056 8.525088
840000000 1.205568 2.406456 3.612024 4.840992 6.069024 7.297056 8.525088
852000000 1.204632 2.410200 3.615768 4.843800 6.071832 7.300800 8.526960
864000000 1.205568 2.411136 3.616704 4.843800 6.071832 7.299864 8.527896
876000000 1.205568 2.411136 3.616704 4.843800 6.071832 7.295184 8.523216
888000000 1.205568 2.411136 3.616704 4.844736 6.072768 7.300800 8.520408
900000000 1.205568 2.411136 3.616704 4.840992 6.061536 7.289568 8.481096
912000000 1.205568 2.411136 3.616704 4.798872 6.025032 7.199712 8.425872
924000000 1.205568 2.411136 3.616704 4.838184 6.021288 7.231536 8.459568
936000000 1.205568 2.411136 3.616704 4.828824 6.056856 7.284888 8.502624
948000000 1.203696 2.408328 3.613896 4.838184 5.989464 7.168824 8.319168
960000000 1.205568 2.411136 3.616704 4.775472 5.989464 7.217496 8.407152
972000000 1.205568 2.411136 3.616704 4.826952 6.054984 7.234344 8.461440
984000000 1.205568 2.411136 3.616704 4.820400 6.044688 7.242768 8.469864
996000000 1.203696 2.409264 3.614832 4.836312 6.064344 7.292376 8.467992
1008000000 1.205568 2.411136 3.616704 4.799808 6.024096 7.225920 8.454888
1020000000 1.205568 2.411136 3.616704 4.814784 6.004440 7.232472 8.460504
1032000000 1.205568 2.411136 3.616704 4.836312 5.999760 7.203456 8.429616
1044000000 1.205568 2.411136 3.616704 4.839120 6.032520 7.220304 8.394984
1056000000 1.205568 2.407392 3.610152 4.797000 5.993208 7.221240 8.399664
1068000000 1.205568 2.411136 3.613896 4.819464 6.045624 7.190352 8.415576
1080000000 1.205568 2.411136 3.608280 4.794192 5.959512 7.187544 8.375328
1092000000 1.204632 2.410200 3.611088 4.838184 6.041880 7.269912 8.479224
1104000000 1.205568 2.411136 3.613896 4.841928 6.048432 7.252128 8.479224
1116000000 1.205568 2.409264 3.611088 4.807296 6.035328 7.216560 8.366904
1128000000 1.205568 2.408328 3.603600 4.767048 5.995080 7.223112 8.451144
1140000000 1.202760 2.408328 3.602664 4.789512 5.973552 7.201584 8.424000
1152000000 1.205568 2.411136 3.611088 4.838184 6.065280 7.220304 8.417448
1164000000 1.205568 2.411136 3.612024 4.808232 6.021288 7.249320 8.455824
1176000000 1.205568 2.409264 3.612960 4.840992 6.030648 7.257744 8.479224
1188000000 1.205568 2.410200 3.615768 4.788576 6.016608 7.166952 8.346312
1200000000 1.205568 2.411136 3.616704 4.831632 6.059664 7.287696 8.480160
1212000000 1.205568 2.411136 3.616704 4.833504 6.013800 7.234344 8.462376
1224000000 1.205568 2.411136 3.616704 4.811976 6.030648 7.198776 8.426808
1236000000 1.205568 2.410200 3.615768 4.842864 5.982912 7.210008 8.390304
1248000000 1.205568 2.411136 3.616704 4.801680 6.029712 7.209072 8.381880
1260000000 1.202760 2.408328 3.613896 4.841928 6.025032 7.235280 8.446464
1272000000 1.205568 2.411136 3.616704 4.793256 6.021288 7.249320 8.461440
1284000000 1.205568 2.409264 3.614832 4.842864 6.070896 7.298928 8.458632
1296000000 1.205568 2.411136 3.616704 4.831632 6.011928 7.198776 8.417448
1308000000 1.205568 2.411136 3.616704 4.844736 6.070896 7.296120 8.431488
1320000000 1.205568 2.411136 3.616704 4.801680 5.956704 7.184736 8.404344
1332000000 1.205568 2.411136 3.616704 4.782024 6.010056 7.200648 8.362224
1344000000 1.205568 2.411136 3.616704 4.844736 6.071832 7.261488 8.468928
1356000000 1.205568 2.411136 3.616704 4.844736 6.072768 7.267104 8.489520
1368000000 1.205568 2.411136 3.616704 4.816656 5.976360 7.166952 8.367840
1380000000 1.205568 2.411136 3.616704 4.810104 5.985720 7.185672 8.378136
1392000000 1.204632 2.410200 3.615768 4.805424 6.033456 7.261488 8.483904
1404000000 1.205568 2.411136 3.616704 4.844736 6.067152 7.267104 8.495136
1416000000 1.205568 2.411136 3.616704 4.844736 6.054048 7.282080 8.418384
1428000000 1.203696 2.409264 3.614832 4.798872 6.026904 7.254936 8.482968
1440000000 1.204632 2.410200 3.615768 4.830696 5.970744 7.198776 8.376264
1452000000 1.205568 2.411136 3.616704 4.776408 6.004440 7.185672 8.411832
1464000000 1.205568 2.411136 3.616704 4.844736 6.072768 7.242768 8.470800
1476000000 1.205568 2.411136 3.616704 4.820400 5.985720 7.214688 8.442720
1488000000 1.205568 2.408328 3.613896 4.808232 6.036264 7.237152 8.365968
1500000000 1.205568 2.411136 3.616704 4.826952 6.045624 7.230600 8.458632
1512000000 1.205568 2.411136 3.616704 4.844736 6.071832 7.299864 8.479224
1524000000 1.205568 2.411136 3.616704 4.817592 5.989464 7.188480 8.414640
1536000000 1.205568 2.411136 3.616704 4.795128 5.986656 7.195968 8.389368
1548000000 1.204632 2.410200 3.615768 4.843800 6.071832 7.295184 8.520408
1560000000 1.205568 2.411136 3.616704 4.844736 6.035328 7.263360 8.475480
1572000000 1.205568 2.411136 3.616704 4.773600 6.001632 7.119216 8.325720
1584000000 1.205568 2.411136 3.616704 4.844736 6.072768 7.300800 8.503560
1596000000 1.205568 2.411136 3.616704 4.844736 6.071832 7.265232 8.478288
1608000000 1.205568 2.411136 3.616704 4.787640 5.974488 7.202520 8.430552
1620000000 1.205568 2.411136 3.616704 4.844736 6.024096 7.207200 8.380008
1632000000 1.205568 2.411136 3.616704 4.825080 6.053112 7.281144 8.485776
1644000000 1.205568 2.411136 3.616704 4.810104 6.025032 7.253064 8.481096
1656000000 1.205568 2.411136 3.616704 4.799808 5.999760 7.199712 8.427744
1668000000 1.205568 2.411136 3.616704 4.844736 6.019416 7.247448 8.454888
1680000000 1.205568 2.411136 3.616704 4.813848 6.041880 7.238088 8.375328
1692000000 1.204632 2.410200 3.615768 4.843800 6.010992 7.163208 8.390304
1704000000 1.205568 2.411136 3.616704 4.841928 6.058728 7.286760 8.514792
1716000000 1.205568 2.411136 3.616704 4.793256 5.995080 7.183800 8.333208
1728000000 1.205568 2.411136 3.616704 4.824144 6.032520 7.242768 8.443656
1740000000 1.202760 2.407392 3.612960 4.792320 6.018480 7.246512 8.474544
1752000000 1.205568 2.411136 3.616704 4.844736 6.072768 7.300800 8.528832
1764000000 1.205568 2.410200 3.615768 4.843800 6.009120 7.230600 8.457696
1776000000 1.205568 2.411136 3.616704 4.771728 5.960448 7.125768 8.275176
1788000000 1.205568 2.411136 3.616704 4.840056 6.052176 7.280208 8.489520
1800000000 1.205568 2.410200 3.615768 4.824144 6.023160 7.195968 8.424000
1812000000 1.205568 2.411136 3.616704 4.829760 6.017544 7.210008 8.392176
1824000000 1.205568 2.411136 3.616704 4.815720 6.043752 7.257744 8.486712
1836000000 1.205568 2.411136 3.616704 4.844736 6.042816 7.235280 8.452080
1848000000 1.201824 2.407392 3.612960 4.840056 6.066216 7.294248 8.495136
1860000000 1.205568 2.411136 3.616704 4.767048 5.995080 7.223112 8.438976
1872000000 1.204632 2.410200 3.615768 4.843800 6.006312 7.219368 8.362224
1884000000 1.205568 2.410200 3.615768 4.805424 6.033456 7.207200 8.412768
1896000000 1.205568 2.411136 3.616704 4.840992 6.019416 7.233408 8.460504
1908000000 1.205568 2.411136 3.616704 4.818528 6.042816 7.255872 8.484840
1920000000 1.205568 2.411136 3.616704 4.807296 5.999760 7.169760 8.397792
1932000000 1.204632 2.410200 3.615768 4.800744 5.981040 7.200648 8.330400
1944000000 1.205568 2.411136 3.616704 4.822272 6.050304 7.254936 8.482968
1956000000 1.205568 2.411136 3.616704 4.842864 6.048432 7.254000 8.482032
1968000000 1.205568 2.410200 3.615768 4.833504 6.047496 7.275528 8.480160
1980000000 1.204632 2.410200 3.615768 4.785768 5.976360 7.136064 8.342568
1992000000 1.205568 2.411136 3.616704 4.837248 6.049368 7.277400 8.468928
2004000000 1.205568 2.411136 3.616704 4.792320 5.995080 7.198776 8.389368
2016000000 1.205568 2.409264 3.614832 4.806360 6.034392 7.255872 8.481096
2028000000 1.205568 2.411136 3.616704 4.844736 6.010056 7.207200 8.435232
2040000000 1.205568 2.411136 3.616704 4.789512 6.017544 7.218432 8.417448
2052000000 1.204632 2.410200 3.613896 4.836312 6.053112 7.281144 8.508240
2064000000 1.205568 2.410200 3.606408 4.834440 6.021288 7.209072 8.377200
2076000000 1.205568 2.411136 3.612024 4.840056 6.065280 7.293312 8.521344
2088000000 1.204632 2.410200 3.615768 4.820400 6.012864 7.204392 8.432424
2100000000 1.205568 2.411136 3.606408 4.772664 5.963256 7.183800 8.376264
2112000000 1.205568 2.410200 3.613896 4.816656 6.044688 7.216560 8.357544
2124000000 1.205568 2.411136 3.609216 4.797000 5.998824 7.226856 8.454888
2136000000 1.205568 2.411136 3.610152 4.838184 6.028776 7.247448 8.437104
2148000000 1.204632 2.410200 3.608280 4.786704 5.979168 7.180992 8.409024
2160000000 1.205568 2.411136 3.612024 4.840056 6.056856 7.254936 8.443656
2172000000 1.205568 2.411136 3.614832 4.842864 6.070896 7.298928 8.526960
2184000000 1.205568 2.410200 3.615768 4.797936 6.025968 7.161336 8.340696
2196000000 1.205568 2.411136 3.616704 4.844736 6.009120 7.237152 8.464248
2208000000 1.205568 2.411136 3.616704 4.826952 6.051240 7.269912 8.497944
2220000000 1.204632 2.408328 3.613896 4.830696 6.046560 7.274592 8.502624
2232000000 1.205568 2.411136 3.616704 4.806360 6.009120 7.228728 8.377200
2244000000 1.205568 2.409264 3.614832 4.801680 5.966064 7.114536 8.338824
2256000000 1.205568 2.411136 3.616704 4.791384 6.019416 7.236216 8.464248
2268000000 1.205568 2.411136 3.616704 4.844736 6.030648 7.258680 8.486712
2280000000 1.205568 2.410200 3.615768 4.799808 6.027840 7.216560 8.335080
2292000000 1.205568 2.411136 3.616704 4.844736 6.033456 7.256808 8.484840
2304000000 1.204632 2.410200 3.615768 4.813848 6.040944 7.233408 8.454888
2316000000 1.205568 2.408328 3.613896 4.811040 6.039072 7.267104 8.428680
2328000000 1.202760 2.408328 3.613896 4.827888 6.055920 7.283952 8.511984
2340000000 1.203696 2.409264 3.614832 4.842864 5.996016 7.180056 8.369712
2352000000 1.205568 2.411136 3.616704 4.782024 6.010056 7.159464 8.386560
2364000000 1.205568 2.411136 3.616704 4.844736 6.019416 7.247448 8.432424
2376000000 1.205568 2.411136 3.616704 4.844736 6.072768 7.278336 8.506368
2388000000 1.205568 2.411136 3.616704 4.775472 5.956704 7.183800 8.410896
2400000000 1.205568 2.411136 3.616704 4.843800 6.071832 7.299864 8.521344
2412000000 1.205568 2.411136 3.616704 4.827888 6.053112 7.184736 8.382816
2424000000 1.205568 2.411136 3.616704 4.833504 5.996952 7.200648 8.400600
2436000000 1.205568 2.411136 3.616704 4.837248 6.039072 7.267104 8.455824
2448000000 1.204632 2.410200 3.615768 4.826016 6.052176 7.280208 8.479224
2460000000 1.205568 2.411136 3.616704 4.833504 6.046560 7.226856 8.438040
2472000000 1.205568 2.411136 3.616704 4.821336 5.997888 7.225920 8.441784
2484000000 1.204632 2.408328 3.613896 4.792320 6.001632 7.198776 8.340696
2496000000 1.205568 2.411136 3.616704 4.843800 6.019416 7.222176 8.447400
2508000000 1.205568 2.411136 3.616704 4.812912 6.034392 7.243704 8.468928
2520000000 1.205568 2.411136 3.616704 4.782024 5.981976 7.187544 8.414640
2532000000 1.204632 2.410200 3.615768 4.838184 6.061536 7.262424 8.475480
2544000000 1.202760 2.408328 3.613896 4.831632 5.981976 7.171632 8.316360
2556000000 1.205568 2.411136 3.616704 4.785768 5.984784 7.211880 8.439912
2568000000 1.205568 2.411136 3.616704 4.844736 6.050304 7.267104 8.495136
2580000000 1.205568 2.411136 3.616704 4.809168 6.037200 7.265232 8.438040
2592000000 1.205568 2.411136 3.616704 4.834440 6.010992 7.228728 8.456760
2604000000 1.205568 2.411136 3.616704 4.822272 6.010056 7.209072 8.437104
2616000000 1.205568 2.411136 3.616704 4.844736 6.040008 7.266168 8.494200
2628000000 1.205568 2.411136 3.616704 4.785768 5.981976 7.137000 8.255520
2640000000 1.202760 2.408328 3.613896 4.824144 6.052176 7.270848 8.497944
2652000000 1.205568 2.411136 3.616704 4.844736 6.057792 7.268976 8.490456
2664000000 1.205568 2.411136 3.616704 4.828824 6.049368 7.208136 8.391240
2676000000 1.205568 2.411136 3.616704 4.780152 5.947344 7.175376 8.403408
2688000000 1.205568 2.411136 3.616704 4.844736 6.072768 7.275528 8.442720
2700000000 1.205568 2.411136 3.616704 4.832568 6.037200 7.265232 8.491392
2712000000 1.205568 2.411136 3.616704 4.818528 6.047496 7.238088 8.423064
2724000000 1.205568 2.411136 3.616704 4.810104 5.981976 7.210008 8.438040
2736000000 1.205568 2.411136 3.616704 4.843800 6.071832 7.224048 8.450208
2748000000 1.205568 2.410200 3.615768 4.774536 5.952024 7.178184 8.406216
2760000000 1.205568 2.411136 3.616704 4.844736 6.069960 7.297992 8.432424
2772000000 1.205568 2.411136 3.616704 4.837248 6.034392 7.253064 8.480160
2784000000 1.205568 2.411136 3.616704 4.810104 6.038136 7.190352 8.415576
2796000000 1.204632 2.408328 3.613896 4.778280 6.006312 7.234344 8.461440
2808000000 1.205568 2.411136 3.616704 4.840992 6.014736 7.241832 8.469864
2820000000 1.205568 2.411136 3.616704 4.837248 6.017544 7.162272 8.341632
2832000000 1.205568 2.411136 3.616704 4.806360 6.007248 7.235280 8.392176
2844000000 1.202760 2.408328 3.613896 4.782960 5.988528 7.212816 8.435232
2856000000 1.205568 2.407392 3.612960 4.830696 6.032520 7.201584 8.428680
2868000000 1.205568 2.411136 3.616704 4.826952 6.054984 7.283016 8.502624
2880000000 1.205568 2.411136 3.616704 4.805424 5.999760 7.227792 8.400600
2892000000 1.202760 2.408328 3.613896 4.811976 6.014736 7.204392 8.432424
2904000000 1.204632 2.410200 3.615768 4.828824 6.026904 7.229664 8.444592
2916000000 1.205568 2.411136 3.616704 4.826952 6.054984 7.268040 8.436168
2928000000 1.205568 2.411136 3.612960 4.781088 6.008184 7.236216 8.463312
2940000000 1.202760 2.408328 3.609216 4.826952 5.989464 7.179120 8.325720
2952000000 1.205568 2.411136 3.611088 4.839120 6.067152 7.261488 8.489520
2964000000 1.205568 2.411136 3.605472 4.828824 6.056856 7.229664 8.453952
2976000000 1.205568 2.411136 3.611088 4.759560 5.972616 7.200648 8.429616
2988000000 1.202760 2.408328 3.609216 4.834440 6.025032 7.253064 8.412768
