1.145600 2 0 1404
2.284800 2 0 1404
3.430400 2 0 1404
4.569600 2 0 1404
5.715200 2 0 1404
6.854400 2 0 1404
8.000000 2 0 1404
9.139200 2 0 1404
10.284800 2 0 1404
11.424000 2 0 1404
12.569600 2 0 1404
13.708800 2 0 1404
14.854400 2 0 1404
15.993600 2 0 1404
17.139200 2 0 1404
18.278400 2 0 1404
19.424000 2 0 1404
20.563200 2 0 1404
21.708800 2 0 1404
22.848000 2 0 1404
23.993600 2 0 1404
25.132800 2 0 1404
26.278400 2 0 1404
27.417600 2 0 1404
28.563200 2 0 1404
29.702400 2 0 1404
30.848000 2 0 1404
31.987200 2 0 1404
33.132800 2 0 1404
34.272000 2 0 1404
35.417600 2 0 1404
36.556800 2 0 1404
37.702400 2 0 1404
38.841600 2 0 1404
39.987200 2 0 1404
41.126400 2 0 1404
42.272000 2 0 1404
43.411200 2 0 1404
44.556800 2 0 1404
45.696000 2 0 1404
46.841600 2 0 1404
47.980800 2 0 1404
49.126400 2 0 1404
50.265600 2 0 1404
51.411200 2 0 1404
52.550400 2 0 1404
53.696000 2 0 1404
54.835200 2 0 1404
55.980800 2 0 1404
57.120000 2 0 1404
58.265600 2 0 1404
59.404800 2 0 1404
60.550400 2 0 1404
61.689600 2 0 1404
62.835200 2 0 1404
63.974400 2 0 1404
65.120000 2 0 1404
66.259200 2 0 1404
67.404800 2 0 1404
68.544000 2 0 1404
69.689600 2 0 1404
70.828800 2 0 1404
71.974400 2 0 1404
73.113600 2 0 1404
74.259200 2 0 1404
75.398400 2 0 1404
76.544000 2 0 1404
77.683200 2 0 1404
78.828800 2 0 1404
79.968000 2 0 1404
81.113600 2 0 1404
82.252800 2 0 1404
83.398400 2 0 1404
84.537600 2 0 1404
85.683200 2 0 1404
86.822400 2 0 1404
87.968000 2 0 1404
89.107200 2 0 1404
90.252800 2 0 1404
91.392000 2 0 1404
92.537600 2 0 1404
93.676800 2 0 1404
94.822400 2 0 1404
95.961600 2 0 1404
97.107200 2 0 1404
98.246400 2 0 1404
99.392000 2 0 1404
100.531200 2 0 1404
101.676800 2 0 1404
102.816000 2 0 1404
103.961600 2 0 1404
105.100800 2 0 1404
106.246400 2 0 1404
107.385600 2 0 1404
108.531200 2 0 1404
109.670400 2 0 1404
110.816000 2 0 1404
111.955200 2 0 1404
113.100800 2 0 1404
114.233600 8 4 60
114.291200 2 0 1404
115.424000 2 0 1404
116.556800 2 0 1404
117.689600 2 0 1404
118.822400 2 0 1404
119.955200 2 0 1404
121.094400 2 0 1404
144.038400 8 4 60
150.304000 1 0 1404
151.443200 1 0 1404
152.588800 1 0 1404
153.728000 1 0 1404
154.873600 1 0 1404
156.012800 1 0 1404
157.158400 1 0 1404
158.297600 1 0 1404
159.443200 1 0 1404
160.582400 1 0 1404
161.728000 1 0 1404
162.867200 1 0 1404
164.012800 1 0 1404
165.152000 1 0 1404
166.297600 1 0 1404
167.436800 1 0 1404
168.582400 1 0 1404
169.721600 1 0 1404
170.867200 1 0 1404
172.006400 1 0 1404
173.152000 1 0 1404
174.291200 1 0 1404
175.436800 1 0 1404
176.576000 1 0 1404
177.721600 1 0 1404
178.860800 1 0 1404
180.006400 1 0 1404
181.145600 1 0 1404
182.291200 1 0 1404
183.430400 1 0 1404
184.576000 1 0 1404
185.715200 1 0 1404
186.860800 1 0 1404
188.000000 1 0 1404
189.145600 1 0 1404
190.284800 1 0 1404
191.430400 1 0 1404
192.569600 1 0 1404
193.715200 1 0 1404
194.854400 1 0 1404
196.000000 1 0 1404
197.139200 1 0 1404
198.284800 1 0 1404
199.424000 1 0 1404
200.569600 1 0 1404
201.708800 1 0 1404
202.854400 1 0 1404
203.993600 1 0 1404
205.139200 1 0 1404
206.278400 1 0 1404
207.424000 1 0 1404
208.563200 1 0 1404
209.708800 1 0 1404
210.848000 1 0 1404
211.993600 1 0 1404
213.132800 1 0 1404
214.278400 1 0 1404
215.417600 1 0 1404
216.563200 1 0 1404
217.702400 1 0 1404
218.848000 1 0 1404
219.987200 1 0 1404
221.132800 1 0 1404
222.272000 1 0 1404
223.417600 1 0 1404
224.556800 1 0 1404
225.702400 1 0 1404
226.841600 1 0 1404
227.987200 1 0 1404
229.126400 1 0 1404
230.272000 1 0 1404
231.411200 1 0 1404
232.556800 1 0 1404
233.696000 1 0 1404
234.841600 1 0 1404
235.980800 1 0 1404
237.126400 1 0 1404
238.265600 1 0 1404
239.411200 1 0 1404
240.550400 1 0 1404
241.696000 1 0 1404
242.835200 1 0 1404
243.980800 1 0 1404
245.120000 1 0 1404
246.265600 1 0 1404
247.404800 1 0 1404
248.550400 1 0 1404
249.689600 1 0 1404
250.835200 1 0 1404
251.974400 1 0 1404
253.120000 1 0 1404
254.259200 1 0 1404
255.404800 1 0 1404
256.544000 1 0 1404
257.689600 1 0 1404
258.828800 1 0 1404
259.974400 1 0 1404
261.113600 1 0 1404
262.259200 1 0 1404
263.398400 1 0 1404
264.544000 1 0 1404
265.683200 1 0 1404
266.828800 1 0 1404
267.968000 1 0 1404
269.113600 1 0 1404
270.252800 1 0 1404
271.398400 1 0 1404
272.537600 1 0 1404
273.683200 1 0 1404
274.822400 1 0 1404
275.968000 1 0 1404
277.107200 1 0 1404
278.252800 1 0 1404
279.392000 1 0 1404
280.537600 1 0 1404
281.676800 1 0 1404
282.822400 1 0 1404
283.961600 1 0 1404
285.107200 1 0 1404
286.252800 1 0 1404
287.398400 1 0 1404
288.537600 1 0 1404
289.683200 1 0 1404
290.822400 1 0 1404
291.968000 1 0 1404
293.107200 1 0 1404
294.252800 1 0 1404
295.392000 1 0 1404
296.537600 1 0 1404
297.676800 1 0 1404
298.822400 1 0 1404
299.961600 1 0 1404
301.107200 1 0 1404
302.246400 1 0 1404
303.392000 1 0 1404
304.531200 1 0 1404
305.676800 1 0 1404
306.816000 1 0 1404
307.961600 1 0 1404
309.100800 1 0 1404
310.246400 1 0 1404
311.385600 1 0 1404
312.531200 1 0 1404
313.670400 1 0 1404
314.816000 1 0 1404
315.955200 1 0 1404
317.100800 1 0 1404
318.240000 1 0 1404
319.385600 1 0 1404
320.524800 1 0 1404
321.670400 1 0 1404
322.809600 1 0 1404
323.955200 1 0 1404
325.094400 1 0 1404
326.227200 8 4 60
326.284800 1 0 1404
327.417600 1 0 1404
328.550400 1 0 1404
329.683200 1 0 1404
330.816000 1 0 1404
331.948800 1 0 1404
333.094400 1 0 1404
356.038400 8 4 60
362.867200 6 0 1404
364.006400 6 0 1404
365.152000 6 0 1404
366.291200 6 0 1404
367.436800 6 0 1404
368.576000 6 0 1404
369.721600 6 0 1404
370.860800 6 0 1404
372.006400 6 0 1404
373.145600 6 0 1404
374.291200 6 0 1404
375.430400 6 0 1404
376.576000 6 0 1404
377.715200 6 0 1404
378.860800 6 0 1404
380.000000 6 0 1404
381.145600 6 0 1404
382.284800 6 0 1404
383.430400 6 0 1404
384.569600 6 0 1404
385.715200 6 0 1404
386.854400 6 0 1404
388.000000 6 0 1404
389.139200 6 0 1404
390.284800 6 0 1404
391.424000 6 0 1404
392.569600 6 0 1404
393.708800 6 0 1404
394.854400 6 0 1404
395.993600 6 0 1404
397.139200 6 0 1404
398.278400 6 0 1404
399.424000 6 0 1404
400.563200 6 0 1404
401.708800 6 0 1404
402.848000 6 0 1404
403.993600 6 0 1404
405.132800 6 0 1404
406.278400 6 0 1404
407.417600 6 0 1404
408.563200 6 0 1404
409.702400 6 0 1404
410.848000 6 0 1404
411.987200 6 0 1404
413.132800 6 0 1404
414.272000 6 0 1404
415.417600 6 0 1404
416.556800 6 0 1404
417.702400 6 0 1404
418.841600 6 0 1404
419.987200 6 0 1404
421.126400 6 0 1404
422.272000 6 0 1404
423.411200 6 0 1404
424.556800 6 0 1404
425.696000 6 0 1404
426.841600 6 0 1404
427.980800 6 0 1404
429.126400 6 0 1404
430.265600 6 0 1404
431.411200 6 0 1404
432.550400 6 0 1404
433.696000 6 0 1404
434.835200 6 0 1404
435.980800 6 0 1404
437.120000 6 0 1404
438.265600 6 0 1404
439.404800 6 0 1404
440.550400 6 0 1404
441.689600 6 0 1404
442.835200 6 0 1404
443.974400 6 0 1404
445.120000 6 0 1404
446.259200 6 0 1404
447.404800 6 0 1404
448.544000 6 0 1404
449.689600 6 0 1404
450.828800 6 0 1404
451.974400 6 0 1404
453.113600 6 0 1404
454.259200 6 0 1404
455.398400 6 0 1404
456.544000 6 0 1404
457.683200 6 0 1404
458.828800 6 0 1404
459.968000 6 0 1404
461.113600 6 0 1404
462.252800 6 0 1404
463.398400 6 0 1404
464.537600 6 0 1404
465.683200 6 0 1404
466.822400 6 0 1404
467.968000 6 0 1404
469.107200 6 0 1404
470.252800 6 0 1404
471.392000 6 0 1404
472.537600 6 0 1404
473.676800 6 0 1404
474.822400 6 0 1404
475.961600 6 0 1404
477.107200 6 0 1404
478.246400 6 0 1404
479.392000 6 0 1404
480.531200 6 0 1404
481.676800 6 0 1404
482.816000 6 0 1404
483.961600 6 0 1404
485.100800 6 0 1404
486.246400 6 0 1404
487.385600 6 0 1404
488.531200 6 0 1404
489.670400 6 0 1404
490.816000 6 0 1404
491.955200 6 0 1404
493.100800 6 0 1404
494.240000 6 0 1404
495.385600 6 0 1404
496.524800 6 0 1404
497.670400 6 0 1404
498.809600 6 0 1404
499.955200 6 0 1404
501.094400 6 0 1404
502.240000 6 0 1404
503.379200 6 0 1404
504.524800 6 0 1404
505.664000 6 0 1404
506.809600 6 0 1404
507.948800 6 0 1404
509.094400 6 0 1404
510.233600 6 0 1404
511.379200 6 0 1404
512.518400 6 0 1404
513.664000 6 0 1404
514.803200 6 0 1404
515.948800 6 0 1404
517.088000 6 0 1404
518.233600 6 0 1404
519.372800 6 0 1404
520.518400 6 0 1404
521.657600 6 0 1404
522.803200 6 0 1404
523.942400 6 0 1404
525.088000 6 0 1404
526.227200 6 0 1404
527.372800 6 0 1404
528.512000 6 0 1404
529.657600 6 0 1404
530.796800 6 0 1404
531.942400 6 0 1404
533.081600 6 0 1404
534.227200 6 0 1404
535.366400 6 0 1404
536.512000 6 0 1404
537.651200 6 0 1404
538.796800 6 0 1404
539.936000 6 0 1404
541.081600 6 0 1404
542.214400 8 4 60
542.272000 6 0 1404
543.404800 6 0 1404
544.537600 6 0 1404
545.670400 6 0 1404
546.803200 6 0 1404
547.936000 6 0 1404
549.075200 6 0 1404
572.038400 8 4 60
573.094400 8 5 70
578.316800 3 0 1404
579.462400 3 0 1404
580.608000 3 0 1404
581.747200 3 0 1404
582.892800 3 0 1404
584.032000 3 0 1404
585.177600 3 0 1404
586.316800 3 0 1404
587.462400 3 0 1404
588.601600 3 0 1404
589.747200 3 0 1404
590.886400 3 0 1404
592.032000 3 0 1404
593.171200 3 0 1404
594.316800 3 0 1404
595.456000 3 0 1404
596.601600 3 0 1404
597.740800 3 0 1404
598.886400 3 0 1404
600.025600 3 0 1404
601.171200 3 0 1404
602.310400 3 0 1404
603.456000 3 0 1404
604.595200 3 0 1404
605.740800 3 0 1404
606.880000 3 0 1404
608.025600 3 0 1404
609.164800 3 0 1404
610.310400 3 0 1404
611.449600 3 0 1404
612.595200 3 0 1404
613.734400 3 0 1404
614.880000 3 0 1404
616.019200 3 0 1404
617.164800 3 0 1404
618.304000 3 0 1404
619.449600 3 0 1404
620.588800 3 0 1404
621.734400 3 0 1404
622.873600 3 0 1404
624.019200 3 0 1404
625.158400 3 0 1404
626.304000 3 0 1404
627.443200 3 0 1404
628.588800 3 0 1404
629.728000 3 0 1404
630.873600 3 0 1404
632.012800 3 0 1404
633.158400 3 0 1404
634.297600 3 0 1404
635.443200 3 0 1404
636.582400 3 0 1404
637.728000 3 0 1404
638.867200 3 0 1404
640.012800 3 0 1404
641.152000 3 0 1404
642.297600 3 0 1404
643.443200 3 0 1404
644.588800 3 0 1404
645.728000 3 0 1404
646.873600 3 0 1404
648.012800 3 0 1404
649.158400 3 0 1404
650.297600 3 0 1404
651.443200 3 0 1404
652.582400 3 0 1404
653.728000 3 0 1404
654.867200 3 0 1404
656.012800 3 0 1404
657.152000 3 0 1404
658.297600 3 0 1404
659.436800 3 0 1404
660.582400 3 0 1404
661.721600 3 0 1404
662.867200 3 0 1404
664.006400 3 0 1404
665.152000 3 0 1404
666.291200 3 0 1404
667.436800 3 0 1404
668.576000 3 0 1404
669.721600 3 0 1404
670.860800 3 0 1404
672.006400 3 0 1404
673.145600 3 0 1404
674.291200 3 0 1404
675.430400 3 0 1404
676.576000 3 0 1404
677.715200 3 0 1404
678.860800 3 0 1404
680.000000 3 0 1404
681.145600 3 0 1404
682.284800 3 0 1404
683.430400 3 0 1404
684.569600 3 0 1404
685.715200 3 0 1404
686.854400 3 0 1404
688.000000 3 0 1404
689.139200 3 0 1404
690.284800 3 0 1404
691.424000 3 0 1404
692.569600 3 0 1404
693.708800 3 0 1404
694.854400 3 0 1404
695.993600 3 0 1404
697.139200 3 0 1404
698.278400 3 0 1404
699.424000 3 0 1404
700.563200 3 0 1404
701.708800 3 0 1404
702.848000 3 0 1404
703.993600 3 0 1404
705.132800 3 0 1404
706.278400 3 0 1404
707.417600 3 0 1404
708.563200 3 0 1404
709.702400 3 0 1404
710.848000 3 0 1404
711.987200 3 0 1404
713.132800 3 0 1404
714.272000 3 0 1404
715.417600 3 0 1404
716.556800 3 0 1404
717.702400 3 0 1404
718.841600 3 0 1404
719.987200 3 0 1404
721.126400 3 0 1404
722.272000 3 0 1404
723.411200 3 0 1404
724.556800 3 0 1404
725.696000 3 0 1404
726.841600 3 0 1404
727.980800 3 0 1404
729.126400 3 0 1404
730.265600 3 0 1404
731.411200 3 0 1404
732.550400 3 0 1404
733.696000 3 0 1404
734.835200 3 0 1404
735.980800 3 0 1404
737.120000 3 0 1404
738.265600 3 0 1404
739.404800 3 0 1404
740.550400 3 0 1404
741.689600 3 0 1404
742.835200 3 0 1404
743.974400 3 0 1404
745.120000 3 0 1404
746.259200 3 0 1404
747.404800 3 0 1404
748.544000 3 0 1404
749.689600 3 0 1404
750.828800 3 0 1404
751.974400 3 0 1404
753.113600 3 0 1404
754.259200 3 0 1404
755.398400 3 0 1404
756.544000 3 0 1404
757.683200 3 0 1404
758.816000 8 4 60
758.873600 3 0 1404
760.006400 3 0 1404
761.139200 3 0 1404
762.272000 3 0 1404
763.404800 3 0 1404
764.537600 3 0 1404
788.038400 8 4 60
794.310400 0 0 1404
795.456000 0 0 1404
796.601600 0 0 1404
797.740800 0 0 1404
798.886400 0 0 1404
800.025600 0 0 1404
801.171200 0 0 1404
802.310400 0 0 1404
803.456000 0 0 1404
804.595200 0 0 1404
805.740800 0 0 1404
806.880000 0 0 1404
808.025600 0 0 1404
809.164800 0 0 1404
810.310400 0 0 1404
811.449600 0 0 1404
812.595200 0 0 1404
813.734400 0 0 1404
814.880000 0 0 1404
816.019200 0 0 1404
817.164800 0 0 1404
818.304000 0 0 1404
819.449600 0 0 1404
820.588800 0 0 1404
821.734400 0 0 1404
822.873600 0 0 1404
824.019200 0 0 1404
825.164800 0 0 1404
826.310400 0 0 1404
827.449600 0 0 1404
828.595200 0 0 1404
829.734400 0 0 1404
830.880000 0 0 1404
832.019200 0 0 1404
833.164800 0 0 1404
834.304000 0 0 1404
835.449600 0 0 1404
836.588800 0 0 1404
837.734400 0 0 1404
838.873600 0 0 1404
840.019200 0 0 1404
841.158400 0 0 1404
842.304000 0 0 1404
843.443200 0 0 1404
844.588800 0 0 1404
845.728000 0 0 1404
846.873600 0 0 1404
848.012800 0 0 1404
849.158400 0 0 1404
850.297600 0 0 1404
851.443200 0 0 1404
852.582400 0 0 1404
853.728000 0 0 1404
854.867200 0 0 1404
856.012800 0 0 1404
857.152000 0 0 1404
858.297600 0 0 1404
859.436800 0 0 1404
860.582400 0 0 1404
861.721600 0 0 1404
862.867200 0 0 1404
864.006400 0 0 1404
865.152000 0 0 1404
866.291200 0 0 1404
867.436800 0 0 1404
868.576000 0 0 1404
869.721600 0 0 1404
870.860800 0 0 1404
872.006400 0 0 1404
873.145600 0 0 1404
874.291200 0 0 1404
875.430400 0 0 1404
876.576000 0 0 1404
877.715200 0 0 1404
878.860800 0 0 1404
880.000000 0 0 1404
881.145600 0 0 1404
882.284800 0 0 1404
883.430400 0 0 1404
884.569600 0 0 1404
885.715200 0 0 1404
886.854400 0 0 1404
888.000000 0 0 1404
889.139200 0 0 1404
890.284800 0 0 1404
891.424000 0 0 1404
892.569600 0 0 1404
893.708800 0 0 1404
894.854400 0 0 1404
895.993600 0 0 1404
897.139200 0 0 1404
898.278400 0 0 1404
899.424000 0 0 1404
900.563200 0 0 1404
901.708800 0 0 1404
902.848000 0 0 1404
903.993600 0 0 1404
905.132800 0 0 1404
906.278400 0 0 1404
907.417600 0 0 1404
908.563200 0 0 1404
909.702400 0 0 1404
910.848000 0 0 1404
911.987200 0 0 1404
913.132800 0 0 1404
914.272000 0 0 1404
915.417600 0 0 1404
916.556800 0 0 1404
917.702400 0 0 1404
918.841600 0 0 1404
919.987200 0 0 1404
921.126400 0 0 1404
922.272000 0 0 1404
923.411200 0 0 1404
924.556800 0 0 1404
925.696000 0 0 1404
926.841600 0 0 1404
927.980800 0 0 1404
929.126400 0 0 1404
930.265600 0 0 1404
931.411200 0 0 1404
932.550400 0 0 1404
933.696000 0 0 1404
934.835200 0 0 1404
935.980800 0 0 1404
937.120000 0 0 1404
938.265600 0 0 1404
939.404800 0 0 1404
940.550400 0 0 1404
941.689600 0 0 1404
942.835200 0 0 1404
943.974400 0 0 1404
945.120000 0 0 1404
946.259200 0 0 1404
947.404800 0 0 1404
948.544000 0 0 1404
949.689600 0 0 1404
950.828800 0 0 1404
951.974400 0 0 1404
953.113600 0 0 1404
954.259200 0 0 1404
955.398400 0 0 1404
956.544000 0 0 1404
957.683200 0 0 1404
958.828800 0 0 1404
959.968000 0 0 1404
961.113600 0 0 1404
962.252800 0 0 1404
963.398400 0 0 1404
964.537600 0 0 1404
965.683200 0 0 1404
966.822400 0 0 1404
967.968000 0 0 1404
969.107200 0 0 1404
970.240000 -1 2 64
970.297600 8 4 60
970.355200 0 0 1404
971.488000 0 0 1404
972.620800 0 0 1404
973.753600 0 0 1404
974.886400 0 0 1404
976.019200 0 0 1404
977.152000 0 0 1404
1000.038400 8 4 60
1006.854400 6 0 1404
1008.000000 6 0 1404
1009.139200 6 0 1404
1010.284800 6 0 1404
1011.424000 6 0 1404
1012.569600 6 0 1404
1013.708800 6 0 1404
1014.854400 6 0 1404
1015.993600 6 0 1404
1017.139200 6 0 1404
1018.278400 6 0 1404
1019.424000 6 0 1404
1020.563200 6 0 1404
1021.708800 6 0 1404
1022.848000 6 0 1404
1023.993600 6 0 1404
1025.132800 6 0 1404
1026.278400 6 0 1404
1027.417600 6 0 1404
1028.563200 6 0 1404
1029.702400 6 0 1404
1030.848000 6 0 1404
1031.987200 6 0 1404
1033.132800 6 0 1404
1034.272000 6 0 1404
1035.417600 6 0 1404
1036.563200 6 0 1404
1037.708800 6 0 1404
1038.848000 6 0 1404
1039.993600 6 0 1404
1041.132800 6 0 1404
1042.278400 6 0 1404
1043.417600 6 0 1404
1044.563200 6 0 1404
1045.702400 6 0 1404
1046.848000 6 0 1404
1047.987200 6 0 1404
1049.132800 6 0 1404
1050.272000 6 0 1404
1051.417600 6 0 1404
1052.556800 6 0 1404
1053.702400 6 0 1404
1054.841600 6 0 1404
1055.987200 6 0 1404
1057.126400 6 0 1404
1058.272000 6 0 1404
1059.411200 6 0 1404
1060.556800 6 0 1404
1061.696000 6 0 1404
1062.841600 6 0 1404
1063.980800 6 0 1404
1065.126400 6 0 1404
1066.265600 6 0 1404
1067.411200 6 0 1404
1068.550400 6 0 1404
1069.696000 6 0 1404
1070.835200 6 0 1404
1071.980800 6 0 1404
1073.120000 6 0 1404
1074.265600 6 0 1404
1075.404800 6 0 1404
1076.550400 6 0 1404
1077.689600 6 0 1404
1078.835200 6 0 1404
1079.974400 6 0 1404
1081.120000 6 0 1404
1082.259200 6 0 1404
1083.404800 6 0 1404
1084.544000 6 0 1404
1085.689600 6 0 1404
1086.828800 6 0 1404
1087.974400 6 0 1404
1089.113600 6 0 1404
1090.259200 6 0 1404
1091.398400 6 0 1404
1092.544000 6 0 1404
1093.683200 6 0 1404
1094.828800 6 0 1404
1095.968000 6 0 1404
1097.113600 6 0 1404
1098.252800 6 0 1404
1099.398400 6 0 1404
1100.537600 6 0 1404
1101.683200 6 0 1404
1102.822400 6 0 1404
1103.968000 6 0 1404
1105.107200 6 0 1404
1106.252800 6 0 1404
1107.392000 6 0 1404
1108.537600 6 0 1404
1109.676800 6 0 1404
1110.822400 6 0 1404
1111.961600 6 0 1404
1113.107200 6 0 1404
1114.246400 6 0 1404
1115.392000 6 0 1404
1116.531200 6 0 1404
1117.676800 6 0 1404
1118.816000 6 0 1404
1119.961600 6 0 1404
1121.100800 6 0 1404
1122.246400 6 0 1404
1123.385600 6 0 1404
1124.531200 6 0 1404
1125.670400 6 0 1404
1126.816000 6 0 1404
1127.955200 6 0 1404
1129.100800 6 0 1404
1130.240000 6 0 1404
1131.385600 6 0 1404
1132.524800 6 0 1404
1133.670400 6 0 1404
1134.809600 6 0 1404
1135.955200 6 0 1404
1137.094400 6 0 1404
1138.240000 6 0 1404
1139.379200 6 0 1404
1140.524800 6 0 1404
1141.664000 6 0 1404
1142.809600 6 0 1404
1143.948800 6 0 1404
1145.094400 6 0 1404
1146.233600 6 0 1404
1147.379200 6 0 1404
1148.518400 6 0 1404
1149.664000 6 0 1404
1150.803200 6 0 1404
1151.948800 6 0 1404
1153.088000 6 0 1404
1154.233600 6 0 1404
1155.372800 6 0 1404
1156.518400 6 0 1404
1157.657600 6 0 1404
1158.803200 6 0 1404
1159.942400 6 0 1404
1161.088000 6 0 1404
1162.227200 6 0 1404
1163.372800 6 0 1404
1164.512000 6 0 1404
1165.657600 6 0 1404
1166.796800 6 0 1404
1167.942400 6 0 1404
1169.081600 6 0 1404
1170.227200 6 0 1404
1171.366400 6 0 1404
1172.512000 6 0 1404
1173.651200 6 0 1404
1174.796800 6 0 1404
1175.936000 6 0 1404
1177.081600 6 0 1404
1178.220800 6 0 1404
1179.366400 6 0 1404
1180.505600 6 0 1404
1181.651200 6 0 1404
1182.790400 6 0 1404
1183.936000 6 0 1404
1185.075200 6 0 1404
1186.208000 8 4 60
1186.265600 6 0 1404
1187.398400 6 0 1404
1188.531200 6 0 1404
1189.664000 6 0 1404
1190.796800 6 0 1404
1191.929600 6 0 1404
1216.038400 8 4 60
1222.860800 4 0 1404
1224.006400 4 0 1404
1225.145600 4 0 1404
1226.291200 4 0 1404
1227.430400 4 0 1404
1228.576000 4 0 1404
1229.715200 4 0 1404
1230.860800 4 0 1404
1232.000000 4 0 1404
1233.145600 4 0 1404
1234.284800 4 0 1404
1235.430400 4 0 1404
1236.569600 4 0 1404
1237.715200 4 0 1404
1238.854400 4 0 1404
1240.000000 4 0 1404
1241.139200 4 0 1404
1242.284800 4 0 1404
1243.424000 4 0 1404
1244.569600 4 0 1404
1245.708800 4 0 1404
1246.854400 4 0 1404
1247.993600 4 0 1404
1249.139200 4 0 1404
1250.278400 4 0 1404
1251.424000 4 0 1404
1252.563200 4 0 1404
1253.708800 4 0 1404
1254.848000 4 0 1404
1255.993600 4 0 1404
1257.132800 4 0 1404
1258.278400 4 0 1404
1259.417600 4 0 1404
1260.563200 4 0 1404
1261.702400 4 0 1404
1262.848000 4 0 1404
1263.987200 4 0 1404
1265.132800 4 0 1404
1266.272000 4 0 1404
1267.417600 4 0 1404
1268.556800 4 0 1404
1269.702400 4 0 1404
1270.841600 4 0 1404
1271.987200 4 0 1404
1273.126400 4 0 1404
1274.272000 4 0 1404
1275.411200 4 0 1404
1276.556800 4 0 1404
1277.696000 4 0 1404
1278.841600 4 0 1404
1279.980800 4 0 1404
1281.126400 4 0 1404
1282.265600 4 0 1404
1283.411200 4 0 1404
1284.550400 4 0 1404
1285.696000 4 0 1404
1286.835200 4 0 1404
1287.980800 4 0 1404
1289.120000 4 0 1404
1290.265600 4 0 1404
1291.404800 4 0 1404
1292.550400 4 0 1404
1293.689600 4 0 1404
1294.835200 4 0 1404
1295.974400 4 0 1404
1297.120000 4 0 1404
1298.259200 4 0 1404
1299.404800 4 0 1404
1300.544000 4 0 1404
1301.689600 4 0 1404
1302.828800 4 0 1404
1303.974400 4 0 1404
1305.113600 4 0 1404
1306.259200 4 0 1404
1307.398400 4 0 1404
1308.544000 4 0 1404
1309.683200 4 0 1404
1310.828800 4 0 1404
1311.968000 4 0 1404
1313.113600 4 0 1404
1314.252800 4 0 1404
1315.398400 4 0 1404
1316.537600 4 0 1404
1317.683200 4 0 1404
1318.822400 4 0 1404
1319.968000 4 0 1404
1321.107200 4 0 1404
1322.252800 4 0 1404
1323.392000 4 0 1404
1324.537600 4 0 1404
1325.676800 4 0 1404
1326.822400 4 0 1404
1327.961600 4 0 1404
1329.107200 4 0 1404
1330.252800 4 0 1404
1331.398400 4 0 1404
1332.537600 4 0 1404
1333.683200 4 0 1404
1334.822400 4 0 1404
1335.968000 4 0 1404
1337.107200 4 0 1404
1338.252800 4 0 1404
1339.392000 4 0 1404
1340.537600 4 0 1404
1341.676800 4 0 1404
1342.822400 4 0 1404
1343.961600 4 0 1404
1345.107200 4 0 1404
1346.246400 4 0 1404
1347.392000 4 0 1404
1348.531200 4 0 1404
1349.676800 4 0 1404
1350.816000 4 0 1404
1351.961600 4 0 1404
1353.100800 4 0 1404
1354.246400 4 0 1404
1355.385600 4 0 1404
1356.531200 4 0 1404
1357.670400 4 0 1404
1358.816000 4 0 1404
1359.955200 4 0 1404
1361.100800 4 0 1404
1362.240000 4 0 1404
1363.385600 4 0 1404
1364.524800 4 0 1404
1365.670400 4 0 1404
1366.809600 4 0 1404
1367.955200 4 0 1404
1369.094400 4 0 1404
1370.240000 4 0 1404
1371.379200 4 0 1404
1372.524800 4 0 1404
1373.664000 4 0 1404
1374.809600 4 0 1404
1375.948800 4 0 1404
1377.094400 4 0 1404
1378.233600 4 0 1404
1379.379200 4 0 1404
1380.518400 4 0 1404
1381.664000 4 0 1404
1382.803200 4 0 1404
1383.948800 4 0 1404
1385.088000 4 0 1404
1386.233600 4 0 1404
1387.372800 4 0 1404
1388.518400 4 0 1404
1389.657600 4 0 1404
1390.803200 4 0 1404
1391.942400 4 0 1404
1393.088000 4 0 1404
1394.227200 4 0 1404
1395.372800 4 0 1404
1396.512000 4 0 1404
1397.657600 4 0 1404
1398.796800 4 0 1404
1399.942400 4 0 1404
1401.081600 4 0 1404
1402.214400 8 4 60
1402.272000 4 0 1404
1403.404800 4 0 1404
1404.537600 4 0 1404
1405.670400 4 0 1404
1406.803200 4 0 1404
1407.936000 4 0 1404
1409.081600 4 0 1404
1432.038400 8 4 60
1438.304000 1 0 1404
1439.449600 1 0 1404
1440.588800 1 0 1404
1441.734400 1 0 1404
1442.873600 1 0 1404
1444.019200 1 0 1404
1445.158400 1 0 1404
1446.304000 1 0 1404
1447.443200 1 0 1404
1448.588800 1 0 1404
1449.728000 1 0 1404
1450.873600 1 0 1404
1452.012800 1 0 1404
1453.158400 1 0 1404
1454.297600 1 0 1404
1455.443200 1 0 1404
1456.582400 1 0 1404
1457.728000 1 0 1404
1458.867200 1 0 1404
1460.012800 1 0 1404
1461.152000 1 0 1404
1462.297600 1 0 1404
1463.436800 1 0 1404
1464.582400 1 0 1404
1465.721600 1 0 1404
1466.867200 1 0 1404
1468.006400 1 0 1404
1469.152000 1 0 1404
1470.291200 1 0 1404
1471.436800 1 0 1404
1472.576000 1 0 1404
1473.721600 1 0 1404
1474.860800 1 0 1404
1476.006400 1 0 1404
1477.145600 1 0 1404
1478.291200 1 0 1404
1479.430400 1 0 1404
1480.576000 1 0 1404
1481.715200 1 0 1404
1482.860800 1 0 1404
1484.000000 1 0 1404
1485.145600 1 0 1404
1486.284800 1 0 1404
1487.430400 1 0 1404
1488.569600 1 0 1404
1489.715200 1 0 1404
1490.854400 1 0 1404
1492.000000 1 0 1404
1493.139200 1 0 1404
1494.284800 1 0 1404
1495.424000 1 0 1404
1496.569600 1 0 1404
1497.708800 1 0 1404
1498.854400 1 0 1404
1499.993600 1 0 1404
1501.139200 1 0 1404
1502.278400 1 0 1404
1503.424000 1 0 1404
1504.563200 1 0 1404
1505.708800 1 0 1404
1506.848000 1 0 1404
1507.993600 1 0 1404
1509.132800 1 0 1404
1510.278400 1 0 1404
1511.417600 1 0 1404
1512.563200 1 0 1404
1513.702400 1 0 1404
1514.848000 1 0 1404
1515.987200 1 0 1404
1517.132800 1 0 1404
1518.272000 1 0 1404
1519.417600 1 0 1404
1520.556800 1 0 1404
1521.702400 1 0 1404
1522.841600 1 0 1404
1523.987200 1 0 1404
1525.126400 1 0 1404
1526.272000 1 0 1404
1527.411200 1 0 1404
1528.556800 1 0 1404
1529.696000 1 0 1404
1530.841600 1 0 1404
1531.980800 1 0 1404
1533.126400 1 0 1404
1534.265600 1 0 1404
1535.411200 1 0 1404
1536.550400 1 0 1404
1537.696000 1 0 1404
1538.835200 1 0 1404
1539.980800 1 0 1404
1541.120000 1 0 1404
1542.265600 1 0 1404
1543.404800 1 0 1404
1544.550400 1 0 1404
1545.689600 1 0 1404
1546.835200 1 0 1404
1547.974400 1 0 1404
1549.120000 1 0 1404
1550.259200 1 0 1404
1551.404800 1 0 1404
1552.544000 1 0 1404
1553.689600 1 0 1404
1554.828800 1 0 1404
1555.974400 1 0 1404
1557.113600 1 0 1404
1558.259200 1 0 1404
1559.398400 1 0 1404
1560.544000 1 0 1404
1561.683200 1 0 1404
1562.828800 1 0 1404
1563.968000 1 0 1404
1565.113600 1 0 1404
1566.252800 1 0 1404
1567.398400 1 0 1404
1568.537600 1 0 1404
1569.683200 1 0 1404
1570.822400 1 0 1404
1571.968000 1 0 1404
1573.107200 1 0 1404
1574.252800 1 0 1404
1575.392000 1 0 1404
1576.537600 1 0 1404
1577.676800 1 0 1404
1578.822400 1 0 1404
1579.961600 1 0 1404
1581.107200 1 0 1404
1582.246400 1 0 1404
1583.392000 1 0 1404
1584.531200 1 0 1404
1585.676800 1 0 1404
1586.816000 1 0 1404
1587.961600 1 0 1404
1589.100800 1 0 1404
1590.246400 1 0 1404
1591.385600 1 0 1404
1592.531200 1 0 1404
1593.670400 1 0 1404
1594.816000 1 0 1404
1595.955200 1 0 1404
1597.100800 1 0 1404
1598.240000 1 0 1404
1599.385600 1 0 1404
1600.524800 1 0 1404
1601.670400 1 0 1404
1602.809600 1 0 1404
1603.955200 1 0 1404
1605.094400 1 0 1404
1606.240000 1 0 1404
1607.379200 1 0 1404
1608.524800 1 0 1404
1609.664000 1 0 1404
1610.809600 1 0 1404
1611.948800 1 0 1404
1613.094400 1 0 1404
1614.227200 8 4 60
1614.284800 1 0 1404
1615.417600 1 0 1404
1616.550400 1 0 1404
1617.683200 1 0 1404
1618.816000 1 0 1404
1619.948800 1 0 1404
1621.088000 1 0 1404
1644.038400 8 4 60
1650.316800 0 0 1404
1651.456000 0 0 1404
1652.601600 0 0 1404
1653.740800 0 0 1404
1654.886400 0 0 1404
1656.025600 0 0 1404
1657.171200 0 0 1404
1658.316800 0 0 1404
1659.462400 0 0 1404
1660.601600 0 0 1404
1661.747200 0 0 1404
1662.886400 0 0 1404
1664.032000 0 0 1404
1665.171200 0 0 1404
1666.316800 0 0 1404
1667.456000 0 0 1404
1668.601600 0 0 1404
1669.740800 0 0 1404
1670.886400 0 0 1404
1672.025600 0 0 1404
1673.171200 0 0 1404
1674.310400 0 0 1404
1675.456000 0 0 1404
1676.595200 0 0 1404
1677.740800 0 0 1404
1678.880000 0 0 1404
1680.025600 0 0 1404
1681.164800 0 0 1404
1682.310400 0 0 1404
1683.449600 0 0 1404
1684.595200 0 0 1404
1685.734400 0 0 1404
1686.880000 0 0 1404
1688.019200 0 0 1404
1689.164800 0 0 1404
1690.304000 0 0 1404
1691.449600 0 0 1404
1692.588800 0 0 1404
1693.734400 0 0 1404
1694.873600 0 0 1404
1696.019200 0 0 1404
1697.158400 0 0 1404
1698.304000 0 0 1404
1699.443200 0 0 1404
1700.588800 0 0 1404
1701.728000 0 0 1404
1702.873600 0 0 1404
1704.012800 0 0 1404
1705.158400 0 0 1404
1706.297600 0 0 1404
1707.443200 0 0 1404
1708.582400 0 0 1404
1709.728000 0 0 1404
1710.867200 0 0 1404
1712.012800 0 0 1404
1713.152000 0 0 1404
1714.297600 0 0 1404
1715.436800 0 0 1404
1716.582400 0 0 1404
1717.721600 0 0 1404
1718.867200 0 0 1404
1720.006400 0 0 1404
1721.152000 0 0 1404
1722.291200 0 0 1404
1723.436800 0 0 1404
1724.576000 0 0 1404
1725.721600 0 0 1404
1726.860800 0 0 1404
1728.006400 0 0 1404
1729.145600 0 0 1404
1730.291200 0 0 1404
1731.430400 0 0 1404
1732.576000 0 0 1404
1733.715200 0 0 1404
1734.860800 0 0 1404
1736.000000 0 0 1404
1737.145600 0 0 1404
1738.284800 0 0 1404
1739.430400 0 0 1404
1740.569600 0 0 1404
1741.715200 0 0 1404
1742.854400 0 0 1404
1744.000000 0 0 1404
1745.139200 0 0 1404
1746.284800 0 0 1404
1747.424000 0 0 1404
1748.569600 0 0 1404
1749.708800 0 0 1404
1750.854400 0 0 1404
1751.993600 0 0 1404
1753.139200 0 0 1404
1754.278400 0 0 1404
1755.424000 0 0 1404
1756.563200 0 0 1404
1757.708800 0 0 1404
1758.848000 0 0 1404
1759.993600 0 0 1404
1761.132800 0 0 1404
1762.278400 0 0 1404
1763.417600 0 0 1404
1764.563200 0 0 1404
1765.702400 0 0 1404
1766.848000 0 0 1404
1767.987200 0 0 1404
1769.132800 0 0 1404
1770.272000 0 0 1404
1771.417600 0 0 1404
1772.556800 0 0 1404
1773.702400 0 0 1404
1774.841600 0 0 1404
1775.987200 0 0 1404
1777.126400 0 0 1404
1778.272000 0 0 1404
1779.411200 0 0 1404
1780.556800 0 0 1404
1781.696000 0 0 1404
1782.841600 0 0 1404
1783.980800 0 0 1404
1785.126400 0 0 1404
1786.265600 0 0 1404
1787.411200 0 0 1404
1788.550400 0 0 1404
1789.696000 0 0 1404
1790.835200 0 0 1404
1791.980800 0 0 1404
1793.120000 0 0 1404
1794.265600 0 0 1404
1795.404800 0 0 1404
1796.550400 0 0 1404
1797.689600 0 0 1404
1798.835200 0 0 1404
1799.974400 0 0 1404
1801.120000 0 0 1404
1802.259200 0 0 1404
1803.404800 0 0 1404
1804.544000 0 0 1404
1805.689600 0 0 1404
1806.828800 0 0 1404
1807.974400 0 0 1404
1809.113600 0 0 1404
1810.259200 0 0 1404
1811.398400 0 0 1404
1812.544000 0 0 1404
1813.683200 0 0 1404
1814.828800 0 0 1404
1815.968000 0 0 1404
1817.113600 0 0 1404
1818.252800 0 0 1404
1819.398400 0 0 1404
1820.537600 0 0 1404
1821.683200 0 0 1404
1822.822400 0 0 1404
1823.968000 0 0 1404
1825.107200 0 0 1404
1826.240000 8 4 60
1826.297600 0 0 1404
1827.430400 0 0 1404
1828.563200 0 0 1404
1829.696000 0 0 1404
1830.828800 0 0 1404
1831.961600 0 0 1404
1833.107200 0 0 1404
1856.038400 8 4 60
1862.304000 2 0 1404
1863.449600 2 0 1404
1864.588800 2 0 1404
1865.734400 2 0 1404
1866.873600 2 0 1404
1868.019200 2 0 1404
1869.158400 2 0 1404
1870.304000 2 0 1404
1871.443200 2 0 1404
1872.588800 2 0 1404
1873.728000 2 0 1404
1874.873600 2 0 1404
1876.012800 2 0 1404
1877.158400 2 0 1404
1878.297600 2 0 1404
1879.443200 2 0 1404
1880.582400 2 0 1404
1881.728000 2 0 1404
1882.867200 2 0 1404
1884.012800 2 0 1404
1885.152000 2 0 1404
1886.297600 2 0 1404
1887.436800 2 0 1404
1888.582400 2 0 1404
1889.721600 2 0 1404
1890.867200 2 0 1404
1892.006400 2 0 1404
1893.152000 2 0 1404
1894.291200 2 0 1404
1895.436800 2 0 1404
1896.576000 2 0 1404
1897.721600 2 0 1404
1898.860800 2 0 1404
1900.006400 2 0 1404
1901.145600 2 0 1404
1902.291200 2 0 1404
1903.430400 2 0 1404
1904.576000 2 0 1404
1905.715200 2 0 1404
1906.860800 2 0 1404
1908.000000 2 0 1404
1909.145600 2 0 1404
1910.284800 2 0 1404
1911.430400 2 0 1404
1912.576000 2 0 1404
1913.721600 2 0 1404
1914.867200 2 0 1404
1916.006400 2 0 1404
1917.152000 2 0 1404
1918.291200 2 0 1404
1919.436800 2 0 1404
1920.576000 2 0 1404
1921.721600 2 0 1404
1922.860800 2 0 1404
1924.006400 2 0 1404
1925.145600 2 0 1404
1926.291200 2 0 1404
1927.430400 2 0 1404
1928.576000 2 0 1404
1929.715200 2 0 1404
1930.860800 2 0 1404
1932.000000 2 0 1404
1933.145600 2 0 1404
1934.284800 2 0 1404
1935.430400 2 0 1404
1936.569600 2 0 1404
1937.715200 2 0 1404
1938.854400 2 0 1404
1940.000000 2 0 1404
1941.139200 2 0 1404
1942.284800 2 0 1404
1943.424000 2 0 1404
1944.569600 2 0 1404
1945.708800 2 0 1404
1946.854400 2 0 1404
1947.993600 2 0 1404
1949.139200 2 0 1404
1950.278400 2 0 1404
1951.424000 2 0 1404
1952.563200 2 0 1404
1953.708800 2 0 1404
1954.848000 2 0 1404
1955.993600 2 0 1404
1957.132800 2 0 1404
1958.278400 2 0 1404
1959.417600 2 0 1404
1960.563200 2 0 1404
1961.702400 2 0 1404
1962.848000 2 0 1404
1963.987200 2 0 1404
1965.132800 2 0 1404
1966.272000 2 0 1404
1967.417600 2 0 1404
1968.556800 2 0 1404
1969.702400 2 0 1404
1970.841600 2 0 1404
1971.987200 2 0 1404
1973.126400 2 0 1404
1974.272000 2 0 1404
1975.411200 2 0 1404
1976.556800 2 0 1404
1977.696000 2 0 1404
1978.841600 2 0 1404
1979.980800 2 0 1404
1981.126400 2 0 1404
1982.265600 2 0 1404
1983.411200 2 0 1404
1984.550400 2 0 1404
1985.696000 2 0 1404
1986.835200 2 0 1404
1987.980800 2 0 1404
1989.120000 2 0 1404
1990.265600 2 0 1404
1991.404800 2 0 1404
1992.550400 2 0 1404
1993.689600 2 0 1404
1994.835200 2 0 1404
1995.974400 2 0 1404
1997.120000 2 0 1404
1998.259200 2 0 1404
1999.404800 2 0 1404
2000.544000 2 0 1404
2001.689600 2 0 1404
2002.828800 2 0 1404
2003.974400 2 0 1404
2005.113600 2 0 1404
2006.259200 2 0 1404
2007.398400 2 0 1404
2008.544000 2 0 1404
2009.683200 2 0 1404
2010.828800 2 0 1404
2011.968000 2 0 1404
2013.113600 2 0 1404
2014.252800 2 0 1404
2015.398400 2 0 1404
2016.537600 2 0 1404
2017.683200 2 0 1404
2018.822400 2 0 1404
2019.968000 2 0 1404
2021.107200 2 0 1404
2022.252800 2 0 1404
2023.392000 2 0 1404
2024.537600 2 0 1404
2025.676800 2 0 1404
2026.822400 2 0 1404
2027.961600 2 0 1404
2029.107200 2 0 1404
2030.246400 2 0 1404
2031.392000 2 0 1404
2032.531200 2 0 1404
2033.676800 2 0 1404
2034.816000 2 0 1404
2035.961600 2 0 1404
2037.100800 2 0 1404
2038.233600 8 4 60
2038.291200 2 0 1404
2039.424000 2 0 1404
2040.556800 2 0 1404
2041.689600 2 0 1404
2042.822400 2 0 1404
2043.955200 2 0 1404
2045.100800 2 0 1404
2068.038400 8 4 60
2073.248000 8 5 70
2074.316800 3 0 1404
2075.456000 3 0 1404
2076.601600 3 0 1404
2077.740800 3 0 1404
2078.886400 3 0 1404
2080.025600 3 0 1404
2081.171200 3 0 1404
2082.310400 3 0 1404
2083.456000 3 0 1404
2084.595200 3 0 1404
2085.740800 3 0 1404
2086.880000 3 0 1404
2088.025600 3 0 1404
2089.164800 3 0 1404
2090.310400 3 0 1404
2091.449600 3 0 1404
2092.595200 3 0 1404
2093.734400 3 0 1404
2094.880000 3 0 1404
2096.019200 3 0 1404
2097.164800 3 0 1404
2098.304000 3 0 1404
2099.449600 3 0 1404
2100.588800 3 0 1404
2101.734400 3 0 1404
2102.873600 3 0 1404
2104.019200 3 0 1404
2105.158400 3 0 1404
2106.304000 3 0 1404
2107.443200 3 0 1404
2108.588800 3 0 1404
2109.728000 3 0 1404
2110.873600 3 0 1404
2112.012800 3 0 1404
2113.158400 3 0 1404
2114.297600 3 0 1404
2115.443200 3 0 1404
2116.582400 3 0 1404
2117.728000 3 0 1404
2118.867200 3 0 1404
2120.012800 3 0 1404
2121.152000 3 0 1404
2122.297600 3 0 1404
2123.436800 3 0 1404
2124.582400 3 0 1404
2125.721600 3 0 1404
2126.867200 3 0 1404
2128.006400 3 0 1404
2129.152000 3 0 1404
2130.291200 3 0 1404
2131.436800 3 0 1404
2132.576000 3 0 1404
2133.721600 3 0 1404
2134.860800 3 0 1404
2136.006400 3 0 1404
2137.145600 3 0 1404
2138.291200 3 0 1404
2139.430400 3 0 1404
2140.576000 3 0 1404
2141.715200 3 0 1404
2142.860800 3 0 1404
2144.000000 3 0 1404
2145.145600 3 0 1404
2146.284800 3 0 1404
2147.430400 3 0 1404
2148.569600 3 0 1404
2149.715200 3 0 1404
2150.854400 3 0 1404
2152.000000 3 0 1404
2153.139200 3 0 1404
2154.284800 3 0 1404
2155.424000 3 0 1404
2156.569600 3 0 1404
2157.708800 3 0 1404
2158.854400 3 0 1404
2159.993600 3 0 1404
2161.139200 3 0 1404
2162.278400 3 0 1404
2163.424000 3 0 1404
2164.563200 3 0 1404
2165.708800 3 0 1404
2166.848000 3 0 1404
2167.993600 3 0 1404
2169.132800 3 0 1404
2170.278400 3 0 1404
2171.417600 3 0 1404
2172.563200 3 0 1404
2173.702400 3 0 1404
2174.848000 3 0 1404
2175.987200 3 0 1404
2177.132800 3 0 1404
2178.272000 3 0 1404
2179.417600 3 0 1404
2180.563200 3 0 1404
2181.708800 3 0 1404
2182.848000 3 0 1404
2183.993600 3 0 1404
2185.132800 3 0 1404
2186.278400 3 0 1404
2187.417600 3 0 1404
2188.563200 3 0 1404
2189.702400 3 0 1404
2190.848000 3 0 1404
2191.987200 3 0 1404
2193.132800 3 0 1404
2194.272000 3 0 1404
2195.417600 3 0 1404
2196.556800 3 0 1404
2197.702400 3 0 1404
2198.841600 3 0 1404
2199.987200 3 0 1404
2201.126400 3 0 1404
2202.272000 3 0 1404
2203.411200 3 0 1404
2204.556800 3 0 1404
2205.696000 3 0 1404
2206.841600 3 0 1404
2207.980800 3 0 1404
2209.126400 3 0 1404
2210.265600 3 0 1404
2211.411200 3 0 1404
2212.550400 3 0 1404
2213.696000 3 0 1404
2214.835200 3 0 1404
2215.980800 3 0 1404
2217.120000 3 0 1404
2218.265600 3 0 1404
2219.404800 3 0 1404
2220.550400 3 0 1404
2221.689600 3 0 1404
2222.835200 3 0 1404
2223.974400 3 0 1404
2225.120000 3 0 1404
2226.259200 3 0 1404
2227.404800 3 0 1404
2228.544000 3 0 1404
2229.689600 3 0 1404
2230.828800 3 0 1404
2231.974400 3 0 1404
2233.113600 3 0 1404
2234.259200 3 0 1404
2235.398400 3 0 1404
2236.544000 3 0 1404
2237.683200 3 0 1404
2238.828800 3 0 1404
2239.968000 3 0 1404
2241.113600 3 0 1404
2242.252800 3 0 1404
2243.398400 3 0 1404
2244.537600 3 0 1404
2245.683200 3 0 1404
2246.822400 3 0 1404
2247.968000 3 0 1404
2249.107200 3 0 1404
2250.252800 3 0 1404
2251.392000 3 0 1404
2252.537600 3 0 1404
2253.676800 3 0 1404
2254.809600 8 4 60
2254.867200 3 0 1404
2256.000000 3 0 1404
2257.132800 3 0 1404
2258.265600 3 0 1404
2259.398400 3 0 1404
2260.531200 3 0 1404
2284.038400 8 4 60
2290.867200 5 0 1404
2292.006400 5 0 1404
2293.152000 5 0 1404
2294.291200 5 0 1404
2295.436800 5 0 1404
2296.576000 5 0 1404
2297.721600 5 0 1404
2298.860800 5 0 1404
2300.006400 5 0 1404
2301.145600 5 0 1404
2302.291200 5 0 1404
2303.430400 5 0 1404
2304.576000 5 0 1404
2305.715200 5 0 1404
2306.860800 5 0 1404
2308.000000 5 0 1404
2309.145600 5 0 1404
2310.284800 5 0 1404
2311.430400 5 0 1404
2312.569600 5 0 1404
2313.715200 5 0 1404
2314.854400 5 0 1404
2316.000000 5 0 1404
2317.139200 5 0 1404
2318.284800 5 0 1404
2319.424000 5 0 1404
2320.569600 5 0 1404
2321.708800 5 0 1404
2322.854400 5 0 1404
2323.993600 5 0 1404
2325.139200 5 0 1404
2326.278400 5 0 1404
2327.424000 5 0 1404
2328.563200 5 0 1404
2329.708800 5 0 1404
2330.848000 5 0 1404
2331.993600 5 0 1404
2333.132800 5 0 1404
2334.278400 5 0 1404
2335.417600 5 0 1404
2336.563200 5 0 1404
2337.702400 5 0 1404
2338.848000 5 0 1404
2339.987200 5 0 1404
2341.132800 5 0 1404
2342.272000 5 0 1404
2343.417600 5 0 1404
2344.556800 5 0 1404
2345.702400 5 0 1404
2346.841600 5 0 1404
2347.987200 5 0 1404
2349.126400 5 0 1404
2350.272000 5 0 1404
2351.411200 5 0 1404
2352.556800 5 0 1404
2353.696000 5 0 1404
2354.841600 5 0 1404
2355.980800 5 0 1404
2357.126400 5 0 1404
2358.265600 5 0 1404
2359.411200 5 0 1404
2360.550400 5 0 1404
2361.696000 5 0 1404
2362.835200 5 0 1404
2363.980800 5 0 1404
2365.120000 5 0 1404
2366.265600 5 0 1404
2367.404800 5 0 1404
2368.550400 5 0 1404
2369.689600 5 0 1404
2370.835200 5 0 1404
2371.974400 5 0 1404
2373.120000 5 0 1404
2374.259200 5 0 1404
2375.404800 5 0 1404
2376.544000 5 0 1404
2377.689600 5 0 1404
2378.828800 5 0 1404
2379.974400 5 0 1404
2381.113600 5 0 1404
2382.259200 5 0 1404
2383.398400 5 0 1404
2384.544000 5 0 1404
2385.683200 5 0 1404
2386.828800 5 0 1404
2387.968000 5 0 1404
2389.113600 5 0 1404
2390.252800 5 0 1404
2391.398400 5 0 1404
2392.537600 5 0 1404
2393.683200 5 0 1404
2394.822400 5 0 1404
2395.968000 5 0 1404
2397.107200 5 0 1404
2398.252800 5 0 1404
2399.392000 5 0 1404
2400.537600 5 0 1404
2401.676800 5 0 1404
2402.822400 5 0 1404
2403.961600 5 0 1404
2405.107200 5 0 1404
2406.246400 5 0 1404
2407.392000 5 0 1404
2408.531200 5 0 1404
2409.676800 5 0 1404
2410.816000 5 0 1404
2411.961600 5 0 1404
2413.100800 5 0 1404
2414.246400 5 0 1404
2415.385600 5 0 1404
2416.531200 5 0 1404
2417.670400 5 0 1404
2418.816000 5 0 1404
2419.955200 5 0 1404
2421.100800 5 0 1404
2422.240000 5 0 1404
2423.385600 5 0 1404
2424.524800 5 0 1404
2425.670400 5 0 1404
2426.809600 5 0 1404
2427.955200 5 0 1404
2429.094400 5 0 1404
2430.240000 5 0 1404
2431.379200 5 0 1404
2432.524800 5 0 1404
2433.664000 5 0 1404
2434.809600 5 0 1404
2435.948800 5 0 1404
2437.094400 5 0 1404
2438.233600 5 0 1404
2439.379200 5 0 1404
2440.518400 5 0 1404
2441.664000 5 0 1404
2442.803200 5 0 1404
2443.948800 5 0 1404
2445.088000 5 0 1404
2446.233600 5 0 1404
2447.372800 5 0 1404
2448.518400 5 0 1404
2449.657600 5 0 1404
2450.803200 5 0 1404
2451.942400 5 0 1404
2453.088000 5 0 1404
2454.227200 5 0 1404
2455.372800 5 0 1404
2456.512000 5 0 1404
2457.657600 5 0 1404
2458.796800 5 0 1404
2459.942400 5 0 1404
2461.081600 5 0 1404
2462.227200 5 0 1404
2463.366400 5 0 1404
2464.512000 5 0 1404
2465.651200 5 0 1404
2466.796800 5 0 1404
2467.936000 5 0 1404
2469.081600 5 0 1404
2470.214400 -1 2 64
2470.272000 8 4 60
2470.329600 5 0 1404
2471.462400 5 0 1404
2472.595200 5 0 1404
2473.728000 5 0 1404
2474.860800 5 0 1404
2475.993600 5 0 1404
2477.126400 5 0 1404
2500.038400 8 4 60
2506.316800 0 0 1404
2507.462400 0 0 1404
2508.608000 0 0 1404
2509.747200 0 0 1404
2510.892800 0 0 1404
2512.032000 0 0 1404
2513.177600 0 0 1404
2514.316800 0 0 1404
2515.462400 0 0 1404
2516.601600 0 0 1404
2517.747200 0 0 1404
2518.886400 0 0 1404
2520.032000 0 0 1404
2521.171200 0 0 1404
2522.316800 0 0 1404
2523.456000 0 0 1404
2524.601600 0 0 1404
2525.740800 0 0 1404
2526.886400 0 0 1404
2528.025600 0 0 1404
2529.171200 0 0 1404
2530.310400 0 0 1404
2531.456000 0 0 1404
2532.595200 0 0 1404
2533.740800 0 0 1404
2534.880000 0 0 1404
2536.025600 0 0 1404
2537.164800 0 0 1404
2538.310400 0 0 1404
2539.449600 0 0 1404
2540.595200 0 0 1404
2541.734400 0 0 1404
2542.880000 0 0 1404
2544.019200 0 0 1404
2545.164800 0 0 1404
2546.304000 0 0 1404
2547.449600 0 0 1404
2548.588800 0 0 1404
2549.734400 0 0 1404
2550.873600 0 0 1404
2552.019200 0 0 1404
2553.158400 0 0 1404
2554.304000 0 0 1404
2555.443200 0 0 1404
2556.588800 0 0 1404
2557.728000 0 0 1404
2558.873600 0 0 1404
2560.012800 0 0 1404
2561.158400 0 0 1404
2562.297600 0 0 1404
2563.443200 0 0 1404
2564.582400 0 0 1404
2565.728000 0 0 1404
2566.867200 0 0 1404
2568.012800 0 0 1404
2569.152000 0 0 1404
2570.297600 0 0 1404
2571.436800 0 0 1404
2572.582400 0 0 1404
2573.721600 0 0 1404
2574.867200 0 0 1404
2576.006400 0 0 1404
2577.152000 0 0 1404
2578.291200 0 0 1404
2579.436800 0 0 1404
2580.576000 0 0 1404
2581.721600 0 0 1404
2582.860800 0 0 1404
2584.006400 0 0 1404
2585.145600 0 0 1404
2586.291200 0 0 1404
2587.430400 0 0 1404
2588.576000 0 0 1404
2589.715200 0 0 1404
2590.860800 0 0 1404
2592.000000 0 0 1404
2593.145600 0 0 1404
2594.284800 0 0 1404
2595.430400 0 0 1404
2596.569600 0 0 1404
2597.715200 0 0 1404
2598.854400 0 0 1404
2600.000000 0 0 1404
2601.139200 0 0 1404
2602.284800 0 0 1404
2603.424000 0 0 1404
2604.569600 0 0 1404
2605.708800 0 0 1404
2606.854400 0 0 1404
2607.993600 0 0 1404
2609.139200 0 0 1404
2610.278400 0 0 1404
2611.424000 0 0 1404
2612.563200 0 0 1404
2613.708800 0 0 1404
2614.848000 0 0 1404
2615.993600 0 0 1404
2617.132800 0 0 1404
2618.278400 0 0 1404
2619.417600 0 0 1404
2620.563200 0 0 1404
2621.702400 0 0 1404
2622.848000 0 0 1404
2623.987200 0 0 1404
2625.132800 0 0 1404
2626.272000 0 0 1404
2627.417600 0 0 1404
2628.556800 0 0 1404
2629.702400 0 0 1404
2630.841600 0 0 1404
2631.987200 0 0 1404
2633.126400 0 0 1404
2634.272000 0 0 1404
2635.411200 0 0 1404
2636.556800 0 0 1404
2637.696000 0 0 1404
2638.841600 0 0 1404
2639.980800 0 0 1404
2641.126400 0 0 1404
2642.265600 0 0 1404
2643.411200 0 0 1404
2644.550400 0 0 1404
2645.696000 0 0 1404
2646.835200 0 0 1404
2647.980800 0 0 1404
2649.120000 0 0 1404
2650.265600 0 0 1404
2651.404800 0 0 1404
2652.550400 0 0 1404
2653.689600 0 0 1404
2654.835200 0 0 1404
2655.974400 0 0 1404
2657.120000 0 0 1404
2658.259200 0 0 1404
2659.404800 0 0 1404
2660.544000 0 0 1404
2661.689600 0 0 1404
2662.828800 0 0 1404
2663.974400 0 0 1404
2665.113600 0 0 1404
2666.259200 0 0 1404
2667.398400 0 0 1404
2668.544000 0 0 1404
2669.683200 0 0 1404
2670.828800 0 0 1404
2671.968000 0 0 1404
2673.113600 0 0 1404
2674.252800 0 0 1404
2675.398400 0 0 1404
2676.537600 0 0 1404
2677.683200 0 0 1404
2678.822400 0 0 1404
2679.968000 0 0 1404
2681.107200 0 0 1404
2682.240000 8 4 60
2682.297600 0 0 1404
2683.430400 0 0 1404
2684.563200 0 0 1404
2685.696000 0 0 1404
2686.828800 0 0 1404
2687.961600 0 0 1404
2689.107200 0 0 1404
2712.038400 8 4 60
2718.860800 4 0 1404
2720.006400 4 0 1404
2721.145600 4 0 1404
2722.291200 4 0 1404
2723.430400 4 0 1404
2724.576000 4 0 1404
2725.715200 4 0 1404
2726.860800 4 0 1404
2728.000000 4 0 1404
2729.145600 4 0 1404
2730.284800 4 0 1404
2731.430400 4 0 1404
2732.569600 4 0 1404
2733.715200 4 0 1404
2734.854400 4 0 1404
2736.000000 4 0 1404
2737.139200 4 0 1404
2738.284800 4 0 1404
2739.424000 4 0 1404
2740.569600 4 0 1404
2741.708800 4 0 1404
2742.854400 4 0 1404
2743.993600 4 0 1404
2745.139200 4 0 1404
2746.278400 4 0 1404
2747.424000 4 0 1404
2748.563200 4 0 1404
2749.708800 4 0 1404
2750.848000 4 0 1404
2751.993600 4 0 1404
2753.132800 4 0 1404
2754.278400 4 0 1404
2755.417600 4 0 1404
2756.563200 4 0 1404
2757.702400 4 0 1404
2758.848000 4 0 1404
2759.987200 4 0 1404
2761.132800 4 0 1404
2762.272000 4 0 1404
2763.417600 4 0 1404
2764.556800 4 0 1404
2765.702400 4 0 1404
2766.848000 4 0 1404
2767.993600 4 0 1404
2769.139200 4 0 1404
2770.278400 4 0 1404
2771.424000 4 0 1404
2772.563200 4 0 1404
2773.708800 4 0 1404
2774.848000 4 0 1404
2775.993600 4 0 1404
2777.132800 4 0 1404
2778.278400 4 0 1404
2779.417600 4 0 1404
2780.563200 4 0 1404
2781.702400 4 0 1404
2782.848000 4 0 1404
2783.987200 4 0 1404
2785.132800 4 0 1404
2786.272000 4 0 1404
2787.417600 4 0 1404
2788.556800 4 0 1404
2789.702400 4 0 1404
2790.841600 4 0 1404
2791.987200 4 0 1404
2793.126400 4 0 1404
2794.272000 4 0 1404
2795.411200 4 0 1404
2796.556800 4 0 1404
2797.696000 4 0 1404
2798.841600 4 0 1404
2799.980800 4 0 1404
2801.126400 4 0 1404
2802.265600 4 0 1404
2803.411200 4 0 1404
2804.550400 4 0 1404
2805.696000 4 0 1404
2806.835200 4 0 1404
2807.980800 4 0 1404
2809.120000 4 0 1404
2810.265600 4 0 1404
2811.404800 4 0 1404
2812.550400 4 0 1404
2813.689600 4 0 1404
2814.835200 4 0 1404
2815.974400 4 0 1404
2817.120000 4 0 1404
2818.259200 4 0 1404
2819.404800 4 0 1404
2820.544000 4 0 1404
2821.689600 4 0 1404
2822.828800 4 0 1404
2823.974400 4 0 1404
2825.113600 4 0 1404
2826.259200 4 0 1404
2827.398400 4 0 1404
2828.544000 4 0 1404
2829.683200 4 0 1404
2830.828800 4 0 1404
2831.968000 4 0 1404
2833.113600 4 0 1404
2834.252800 4 0 1404
2835.398400 4 0 1404
2836.537600 4 0 1404
2837.683200 4 0 1404
2838.822400 4 0 1404
2839.968000 4 0 1404
2841.107200 4 0 1404
2842.252800 4 0 1404
2843.392000 4 0 1404
2844.537600 4 0 1404
2845.676800 4 0 1404
2846.822400 4 0 1404
2847.961600 4 0 1404
2849.107200 4 0 1404
2850.246400 4 0 1404
2851.392000 4 0 1404
2852.531200 4 0 1404
2853.676800 4 0 1404
2854.816000 4 0 1404
2855.961600 4 0 1404
2857.100800 4 0 1404
2858.246400 4 0 1404
2859.385600 4 0 1404
2860.531200 4 0 1404
2861.670400 4 0 1404
2862.816000 4 0 1404
2863.955200 4 0 1404
2865.100800 4 0 1404
2866.240000 4 0 1404
2867.385600 4 0 1404
2868.524800 4 0 1404
2869.670400 4 0 1404
2870.809600 4 0 1404
2871.955200 4 0 1404
2873.094400 4 0 1404
2874.240000 4 0 1404
2875.379200 4 0 1404
2876.524800 4 0 1404
2877.664000 4 0 1404
2878.809600 4 0 1404
2879.948800 4 0 1404
2881.094400 4 0 1404
2882.233600 4 0 1404
2883.379200 4 0 1404
2884.518400 4 0 1404
2885.664000 4 0 1404
2886.803200 4 0 1404
2887.948800 4 0 1404
2889.088000 4 0 1404
2890.233600 4 0 1404
2891.372800 4 0 1404
2892.518400 4 0 1404
2893.657600 4 0 1404
2894.803200 4 0 1404
2895.942400 4 0 1404
2897.088000 4 0 1404
2898.220800 8 4 60
2898.278400 4 0 1404
2899.411200 4 0 1404
2900.544000 4 0 1404
2901.676800 4 0 1404
2902.809600 4 0 1404
2903.942400 4 0 1404
2905.081600 4 0 1404
2928.038400 8 4 60
2934.854400 5 0 1404
2936.000000 5 0 1404
2937.145600 5 0 1404
2938.284800 5 0 1404
2939.430400 5 0 1404
2940.569600 5 0 1404
2941.715200 5 0 1404
2942.854400 5 0 1404
2944.000000 5 0 1404
2945.139200 5 0 1404
2946.284800 5 0 1404
2947.424000 5 0 1404
2948.569600 5 0 1404
2949.708800 5 0 1404
2950.854400 5 0 1404
2951.993600 5 0 1404
2953.139200 5 0 1404
2954.278400 5 0 1404
2955.424000 5 0 1404
2956.563200 5 0 1404
2957.708800 5 0 1404
2958.848000 5 0 1404
2959.993600 5 0 1404
2961.132800 5 0 1404
2962.278400 5 0 1404
2963.417600 5 0 1404
2964.563200 5 0 1404
2965.702400 5 0 1404
2966.848000 5 0 1404
2967.987200 5 0 1404
2969.132800 5 0 1404
2970.272000 5 0 1404
2971.417600 5 0 1404
2972.556800 5 0 1404
2973.702400 5 0 1404
2974.841600 5 0 1404
2975.987200 5 0 1404
2977.126400 5 0 1404
2978.272000 5 0 1404
2979.411200 5 0 1404
2980.556800 5 0 1404
2981.696000 5 0 1404
2982.841600 5 0 1404
2983.980800 5 0 1404
2985.126400 5 0 1404
2986.265600 5 0 1404
2987.411200 5 0 1404
2988.550400 5 0 1404
2989.696000 5 0 1404
2990.835200 5 0 1404
2991.980800 5 0 1404
2993.120000 5 0 1404
2994.265600 5 0 1404
2995.404800 5 0 1404
2996.550400 5 0 1404
2997.689600 5 0 1404
2998.835200 5 0 1404
2999.974400 5 0 1404
3001.120000 5 0 1404
3002.259200 5 0 1404
3003.404800 5 0 1404
3004.544000 5 0 1404
3005.689600 5 0 1404
3006.828800 5 0 1404
3007.974400 5 0 1404
3009.113600 5 0 1404
3010.259200 5 0 1404
3011.398400 5 0 1404
3012.544000 5 0 1404
3013.683200 5 0 1404
3014.828800 5 0 1404
3015.968000 5 0 1404
3017.113600 5 0 1404
3018.252800 5 0 1404
3019.398400 5 0 1404
3020.537600 5 0 1404
3021.683200 5 0 1404
3022.822400 5 0 1404
3023.968000 5 0 1404
3025.107200 5 0 1404
3026.252800 5 0 1404
3027.392000 5 0 1404
3028.537600 5 0 1404
3029.676800 5 0 1404
3030.822400 5 0 1404
3031.961600 5 0 1404
3033.107200 5 0 1404
3034.246400 5 0 1404
3035.392000 5 0 1404
3036.531200 5 0 1404
3037.676800 5 0 1404
3038.816000 5 0 1404
3039.961600 5 0 1404
3041.100800 5 0 1404
3042.246400 5 0 1404
3043.385600 5 0 1404
3044.531200 5 0 1404
3045.670400 5 0 1404
3046.816000 5 0 1404
3047.955200 5 0 1404
3049.100800 5 0 1404
3050.240000 5 0 1404
3051.385600 5 0 1404
3052.524800 5 0 1404
3053.670400 5 0 1404
3054.809600 5 0 1404
3055.955200 5 0 1404
3057.094400 5 0 1404
3058.240000 5 0 1404
3059.379200 5 0 1404
3060.524800 5 0 1404
3061.664000 5 0 1404
3062.809600 5 0 1404
3063.948800 5 0 1404
3065.094400 5 0 1404
3066.233600 5 0 1404
3067.379200 5 0 1404
3068.518400 5 0 1404
3069.664000 5 0 1404
3070.803200 5 0 1404
3071.948800 5 0 1404
3073.088000 5 0 1404
3074.233600 5 0 1404
3075.372800 5 0 1404
3076.518400 5 0 1404
3077.657600 5 0 1404
3078.803200 5 0 1404
3079.942400 5 0 1404
3081.088000 5 0 1404
3082.227200 5 0 1404
3083.372800 5 0 1404
3084.512000 5 0 1404
3085.657600 5 0 1404
3086.796800 5 0 1404
3087.942400 5 0 1404
3089.081600 5 0 1404
3090.227200 5 0 1404
3091.366400 5 0 1404
3092.512000 5 0 1404
3093.657600 5 0 1404
3094.803200 5 0 1404
3095.942400 5 0 1404
3097.088000 5 0 1404
3098.227200 5 0 1404
3099.372800 5 0 1404
3100.512000 5 0 1404
3101.657600 5 0 1404
3102.796800 5 0 1404
3103.942400 5 0 1404
3105.081600 5 0 1404
3106.227200 5 0 1404
3107.366400 5 0 1404
3108.512000 5 0 1404
3109.651200 5 0 1404
3110.796800 5 0 1404
3111.936000 5 0 1404
3113.081600 5 0 1404
3114.214400 8 4 60
3114.272000 5 0 1404
3115.404800 5 0 1404
3116.537600 5 0 1404
3117.670400 5 0 1404
3118.803200 5 0 1404
3119.936000 5 0 1404
3121.075200 5 0 1404
3144.038400 8 4 60
3150.316800 1 0 1404
3151.456000 1 0 1404
3152.601600 1 0 1404
3153.740800 1 0 1404
3154.886400 1 0 1404
3156.025600 1 0 1404
3157.171200 1 0 1404
3158.310400 1 0 1404
3159.456000 1 0 1404
3160.595200 1 0 1404
3161.740800 1 0 1404
3162.880000 1 0 1404
3164.025600 1 0 1404
3165.164800 1 0 1404
3166.310400 1 0 1404
3167.449600 1 0 1404
3168.595200 1 0 1404
3169.734400 1 0 1404
3170.880000 1 0 1404
3172.019200 1 0 1404
3173.164800 1 0 1404
3174.304000 1 0 1404
3175.449600 1 0 1404
3176.588800 1 0 1404
3177.734400 1 0 1404
3178.873600 1 0 1404
3180.019200 1 0 1404
3181.158400 1 0 1404
3182.304000 1 0 1404
3183.443200 1 0 1404
3184.588800 1 0 1404
3185.728000 1 0 1404
3186.873600 1 0 1404
3188.012800 1 0 1404
3189.158400 1 0 1404
3190.297600 1 0 1404
3191.443200 1 0 1404
3192.582400 1 0 1404
3193.728000 1 0 1404
3194.867200 1 0 1404
3196.012800 1 0 1404
3197.152000 1 0 1404
3198.297600 1 0 1404
3199.436800 1 0 1404
3200.582400 1 0 1404
3201.721600 1 0 1404
3202.867200 1 0 1404
3204.006400 1 0 1404
3205.152000 1 0 1404
3206.291200 1 0 1404
3207.436800 1 0 1404
3208.576000 1 0 1404
3209.721600 1 0 1404
3210.860800 1 0 1404
3212.006400 1 0 1404
3213.145600 1 0 1404
3214.291200 1 0 1404
3215.430400 1 0 1404
3216.576000 1 0 1404
3217.715200 1 0 1404
3218.860800 1 0 1404
3220.000000 1 0 1404
3221.145600 1 0 1404
3222.284800 1 0 1404
3223.430400 1 0 1404
3224.569600 1 0 1404
3225.715200 1 0 1404
3226.854400 1 0 1404
3228.000000 1 0 1404
3229.139200 1 0 1404
3230.284800 1 0 1404
3231.424000 1 0 1404
3232.569600 1 0 1404
3233.708800 1 0 1404
3234.854400 1 0 1404
3235.993600 1 0 1404
3237.139200 1 0 1404
3238.278400 1 0 1404
3239.424000 1 0 1404
3240.563200 1 0 1404
3241.708800 1 0 1404
3242.848000 1 0 1404
3243.993600 1 0 1404
3245.132800 1 0 1404
3246.278400 1 0 1404
3247.417600 1 0 1404
3248.563200 1 0 1404
3249.702400 1 0 1404
3250.848000 1 0 1404
3251.987200 1 0 1404
3253.132800 1 0 1404
3254.272000 1 0 1404
3255.417600 1 0 1404
3256.556800 1 0 1404
3257.702400 1 0 1404
3258.841600 1 0 1404
3259.987200 1 0 1404
3261.126400 1 0 1404
3262.272000 1 0 1404
3263.411200 1 0 1404
3264.556800 1 0 1404
3265.696000 1 0 1404
3266.841600 1 0 1404
3267.980800 1 0 1404
3269.126400 1 0 1404
3270.265600 1 0 1404
3271.411200 1 0 1404
3272.550400 1 0 1404
3273.696000 1 0 1404
3274.835200 1 0 1404
3275.980800 1 0 1404
3277.120000 1 0 1404
3278.265600 1 0 1404
3279.404800 1 0 1404
3280.550400 1 0 1404
3281.689600 1 0 1404
3282.835200 1 0 1404
3283.974400 1 0 1404
3285.120000 1 0 1404
3286.259200 1 0 1404
3287.404800 1 0 1404
3288.544000 1 0 1404
3289.689600 1 0 1404
3290.828800 1 0 1404
3291.974400 1 0 1404
3293.113600 1 0 1404
3294.259200 1 0 1404
3295.398400 1 0 1404
3296.544000 1 0 1404
3297.683200 1 0 1404
3298.828800 1 0 1404
3299.968000 1 0 1404
3301.113600 1 0 1404
3302.252800 1 0 1404
3303.398400 1 0 1404
3304.537600 1 0 1404
3305.683200 1 0 1404
3306.822400 1 0 1404
3307.968000 1 0 1404
3309.107200 1 0 1404
3310.252800 1 0 1404
3311.392000 1 0 1404
3312.537600 1 0 1404
3313.676800 1 0 1404
3314.822400 1 0 1404
3315.961600 1 0 1404
3317.107200 1 0 1404
3318.246400 1 0 1404
3319.392000 1 0 1404
3320.531200 1 0 1404
3321.676800 1 0 1404
3322.816000 1 0 1404
3323.961600 1 0 1404
3325.100800 1 0 1404
3326.233600 8 4 60
3326.291200 1 0 1404
3327.424000 1 0 1404
3328.556800 1 0 1404
3329.689600 1 0 1404
3330.822400 1 0 1404
3331.955200 1 0 1404
3333.100800 1 0 1404
3356.038400 8 4 60
3362.323200 3 0 1404
3363.462400 3 0 1404
3364.608000 3 0 1404
3365.747200 3 0 1404
3366.892800 3 0 1404
3368.032000 3 0 1404
3369.177600 3 0 1404
3370.316800 3 0 1404
3371.462400 3 0 1404
3372.601600 3 0 1404
3373.747200 3 0 1404
3374.886400 3 0 1404
3376.032000 3 0 1404
3377.171200 3 0 1404
3378.316800 3 0 1404
3379.456000 3 0 1404
3380.601600 3 0 1404
3381.740800 3 0 1404
3382.886400 3 0 1404
3384.025600 3 0 1404
3385.171200 3 0 1404
3386.310400 3 0 1404
3387.456000 3 0 1404
3388.595200 3 0 1404
3389.740800 3 0 1404
3390.880000 3 0 1404
3392.025600 3 0 1404
3393.164800 3 0 1404
3394.310400 3 0 1404
3395.449600 3 0 1404
3396.595200 3 0 1404
3397.734400 3 0 1404
3398.880000 3 0 1404
3400.019200 3 0 1404
3401.164800 3 0 1404
3402.304000 3 0 1404
3403.449600 3 0 1404
3404.588800 3 0 1404
3405.734400 3 0 1404
3406.873600 3 0 1404
3408.019200 3 0 1404
3409.158400 3 0 1404
3410.304000 3 0 1404
3411.443200 3 0 1404
3412.588800 3 0 1404
3413.728000 3 0 1404
3414.873600 3 0 1404
3416.012800 3 0 1404
3417.158400 3 0 1404
3418.297600 3 0 1404
3419.443200 3 0 1404
3420.582400 3 0 1404
3421.728000 3 0 1404
3422.867200 3 0 1404
3424.012800 3 0 1404
3425.152000 3 0 1404
3426.297600 3 0 1404
3427.436800 3 0 1404
3428.582400 3 0 1404
3429.721600 3 0 1404
3430.867200 3 0 1404
3432.006400 3 0 1404
3433.152000 3 0 1404
3434.291200 3 0 1404
3435.436800 3 0 1404
3436.576000 3 0 1404
3437.721600 3 0 1404
3438.860800 3 0 1404
3440.006400 3 0 1404
3441.145600 3 0 1404
3442.291200 3 0 1404
3443.430400 3 0 1404
3444.576000 3 0 1404
3445.715200 3 0 1404
3446.860800 3 0 1404
3448.000000 3 0 1404
3449.145600 3 0 1404
3450.284800 3 0 1404
3451.430400 3 0 1404
3452.569600 3 0 1404
3453.715200 3 0 1404
3454.854400 3 0 1404
3456.000000 3 0 1404
3457.139200 3 0 1404
3458.284800 3 0 1404
3459.424000 3 0 1404
3460.569600 3 0 1404
3461.715200 3 0 1404
3462.860800 3 0 1404
3464.006400 3 0 1404
3465.145600 3 0 1404
3466.291200 3 0 1404
3467.430400 3 0 1404
3468.576000 3 0 1404
3469.715200 3 0 1404
3470.860800 3 0 1404
3472.000000 3 0 1404
3473.145600 3 0 1404
3474.284800 3 0 1404
3475.430400 3 0 1404
3476.569600 3 0 1404
3477.715200 3 0 1404
3478.854400 3 0 1404
3480.000000 3 0 1404
3481.139200 3 0 1404
3482.284800 3 0 1404
3483.424000 3 0 1404
3484.569600 3 0 1404
3485.708800 3 0 1404
3486.854400 3 0 1404
3487.993600 3 0 1404
3489.139200 3 0 1404
3490.278400 3 0 1404
3491.424000 3 0 1404
3492.563200 3 0 1404
3493.708800 3 0 1404
3494.848000 3 0 1404
3495.993600 3 0 1404
3497.132800 3 0 1404
3498.278400 3 0 1404
3499.417600 3 0 1404
3500.563200 3 0 1404
3501.702400 3 0 1404
3502.848000 3 0 1404
3503.987200 3 0 1404
3505.132800 3 0 1404
3506.272000 3 0 1404
3507.417600 3 0 1404
3508.556800 3 0 1404
3509.702400 3 0 1404
3510.841600 3 0 1404
3511.987200 3 0 1404
3513.126400 3 0 1404
3514.272000 3 0 1404
3515.411200 3 0 1404
3516.556800 3 0 1404
3517.696000 3 0 1404
3518.841600 3 0 1404
3519.980800 3 0 1404
3521.126400 3 0 1404
3522.265600 3 0 1404
3523.411200 3 0 1404
3524.550400 3 0 1404
3525.696000 3 0 1404
3526.835200 3 0 1404
3527.980800 3 0 1404
3529.120000 3 0 1404
3530.265600 3 0 1404
3531.404800 3 0 1404
3532.550400 3 0 1404
3533.689600 3 0 1404
3534.835200 3 0 1404
3535.974400 3 0 1404
3537.120000 3 0 1404
3538.259200 3 0 1404
3539.404800 3 0 1404
3540.544000 3 0 1404
3541.689600 3 0 1404
3542.822400 8 4 60
3542.880000 3 0 1404
3544.012800 3 0 1404
3545.145600 3 0 1404
3546.278400 3 0 1404
3547.411200 3 0 1404
3548.544000 3 0 1404
3572.038400 8 4 60
3574.073600 8 5 70
3578.310400 2 0 1404
3579.449600 2 0 1404
3580.595200 2 0 1404
3581.734400 2 0 1404
3582.880000 2 0 1404
3584.019200 2 0 1404
3585.164800 2 0 1404
3586.304000 2 0 1404
3587.449600 2 0 1404
3588.588800 2 0 1404
3589.734400 2 0 1404
3590.873600 2 0 1404
3592.019200 2 0 1404
3593.158400 2 0 1404
3594.304000 2 0 1404
3595.443200 2 0 1404
3596.588800 2 0 1404
3597.728000 2 0 1404
3598.873600 2 0 1404
3600.012800 2 0 1404
3601.158400 2 0 1404
3602.297600 2 0 1404
3603.443200 2 0 1404
3604.582400 2 0 1404
3605.728000 2 0 1404
3606.867200 2 0 1404
3608.012800 2 0 1404
3609.152000 2 0 1404
3610.297600 2 0 1404
3611.436800 2 0 1404
3612.582400 2 0 1404
3613.721600 2 0 1404
3614.867200 2 0 1404
3616.006400 2 0 1404
3617.152000 2 0 1404
3618.291200 2 0 1404
3619.436800 2 0 1404
3620.576000 2 0 1404
3621.721600 2 0 1404
3622.860800 2 0 1404
3624.006400 2 0 1404
3625.145600 2 0 1404
3626.291200 2 0 1404
3627.430400 2 0 1404
3628.576000 2 0 1404
3629.715200 2 0 1404
3630.860800 2 0 1404
3632.000000 2 0 1404
3633.145600 2 0 1404
3634.291200 2 0 1404
3635.430400 2 0 1404
3636.576000 2 0 1404
3637.715200 2 0 1404
3638.860800 2 0 1404
3640.000000 2 0 1404
3641.145600 2 0 1404
3642.284800 2 0 1404
3643.430400 2 0 1404
3644.569600 2 0 1404
3645.715200 2 0 1404
3646.854400 2 0 1404
3648.000000 2 0 1404
3649.139200 2 0 1404
3650.284800 2 0 1404
3651.424000 2 0 1404
3652.569600 2 0 1404
3653.708800 2 0 1404
3654.854400 2 0 1404
3655.993600 2 0 1404
3657.139200 2 0 1404
3658.278400 2 0 1404
3659.424000 2 0 1404
3660.563200 2 0 1404
3661.708800 2 0 1404
3662.848000 2 0 1404
3663.993600 2 0 1404
3665.132800 2 0 1404
3666.278400 2 0 1404
3667.417600 2 0 1404
3668.563200 2 0 1404
3669.702400 2 0 1404
3670.848000 2 0 1404
3671.987200 2 0 1404
3673.132800 2 0 1404
3674.272000 2 0 1404
3675.417600 2 0 1404
3676.556800 2 0 1404
3677.702400 2 0 1404
3678.841600 2 0 1404
3679.987200 2 0 1404
3681.126400 2 0 1404
3682.272000 2 0 1404
3683.411200 2 0 1404
3684.556800 2 0 1404
3685.696000 2 0 1404
3686.841600 2 0 1404
3687.980800 2 0 1404
3689.126400 2 0 1404
3690.265600 2 0 1404
3691.411200 2 0 1404
3692.550400 2 0 1404
3693.696000 2 0 1404
3694.835200 2 0 1404
3695.980800 2 0 1404
3697.120000 2 0 1404
3698.265600 2 0 1404
3699.404800 2 0 1404
3700.550400 2 0 1404
3701.689600 2 0 1404
3702.835200 2 0 1404
3703.974400 2 0 1404
3705.120000 2 0 1404
3706.259200 2 0 1404
3707.404800 2 0 1404
3708.544000 2 0 1404
3709.689600 2 0 1404
3710.828800 2 0 1404
3711.974400 2 0 1404
3713.113600 2 0 1404
3714.259200 2 0 1404
3715.398400 2 0 1404
3716.544000 2 0 1404
3717.683200 2 0 1404
3718.828800 2 0 1404
3719.968000 2 0 1404
3721.113600 2 0 1404
3722.252800 2 0 1404
3723.398400 2 0 1404
3724.537600 2 0 1404
3725.683200 2 0 1404
3726.822400 2 0 1404
3727.968000 2 0 1404
3729.107200 2 0 1404
3730.252800 2 0 1404
3731.392000 2 0 1404
3732.537600 2 0 1404
3733.676800 2 0 1404
3734.822400 2 0 1404
3735.961600 2 0 1404
3737.107200 2 0 1404
3738.246400 2 0 1404
3739.392000 2 0 1404
3740.531200 2 0 1404
3741.676800 2 0 1404
3742.816000 2 0 1404
3743.961600 2 0 1404
3745.100800 2 0 1404
3746.246400 2 0 1404
3747.385600 2 0 1404
3748.531200 2 0 1404
3749.670400 2 0 1404
3750.816000 2 0 1404
3751.955200 2 0 1404
3753.100800 2 0 1404
3754.233600 8 4 60
3754.291200 2 0 1404
3755.424000 2 0 1404
3756.556800 2 0 1404
3757.689600 2 0 1404
3758.822400 2 0 1404
3759.955200 2 0 1404
3761.094400 2 0 1404
3784.038400 8 4 60
3790.854400 6 0 1404
3792.000000 6 0 1404
3793.139200 6 0 1404
3794.284800 6 0 1404
3795.424000 6 0 1404
3796.569600 6 0 1404
3797.708800 6 0 1404
3798.854400 6 0 1404
3799.993600 6 0 1404
3801.139200 6 0 1404
3802.278400 6 0 1404
3803.424000 6 0 1404
3804.563200 6 0 1404
3805.708800 6 0 1404
3806.848000 6 0 1404
3807.993600 6 0 1404
3809.132800 6 0 1404
3810.278400 6 0 1404
3811.417600 6 0 1404
3812.563200 6 0 1404
3813.702400 6 0 1404
3814.848000 6 0 1404
3815.987200 6 0 1404
3817.132800 6 0 1404
3818.272000 6 0 1404
3819.417600 6 0 1404
3820.556800 6 0 1404
3821.702400 6 0 1404
3822.841600 6 0 1404
3823.987200 6 0 1404
3825.126400 6 0 1404
3826.272000 6 0 1404
3827.411200 6 0 1404
3828.556800 6 0 1404
3829.696000 6 0 1404
3830.841600 6 0 1404
3831.980800 6 0 1404
3833.126400 6 0 1404
3834.265600 6 0 1404
3835.411200 6 0 1404
3836.550400 6 0 1404
3837.696000 6 0 1404
3838.835200 6 0 1404
3839.980800 6 0 1404
3841.120000 6 0 1404
3842.265600 6 0 1404
3843.404800 6 0 1404
3844.550400 6 0 1404
3845.689600 6 0 1404
3846.835200 6 0 1404
3847.974400 6 0 1404
3849.120000 6 0 1404
3850.259200 6 0 1404
3851.404800 6 0 1404
3852.544000 6 0 1404
3853.689600 6 0 1404
3854.828800 6 0 1404
3855.974400 6 0 1404
3857.113600 6 0 1404
3858.259200 6 0 1404
3859.398400 6 0 1404
3860.544000 6 0 1404
3861.683200 6 0 1404
3862.828800 6 0 1404
3863.968000 6 0 1404
3865.113600 6 0 1404
3866.252800 6 0 1404
3867.398400 6 0 1404
3868.537600 6 0 1404
3869.683200 6 0 1404
3870.822400 6 0 1404
3871.968000 6 0 1404
3873.107200 6 0 1404
3874.252800 6 0 1404
3875.392000 6 0 1404
3876.537600 6 0 1404
3877.676800 6 0 1404
3878.822400 6 0 1404
3879.961600 6 0 1404
3881.107200 6 0 1404
3882.246400 6 0 1404
3883.392000 6 0 1404
3884.531200 6 0 1404
3885.676800 6 0 1404
3886.816000 6 0 1404
3887.961600 6 0 1404
3889.100800 6 0 1404
3890.246400 6 0 1404
3891.385600 6 0 1404
3892.531200 6 0 1404
3893.670400 6 0 1404
3894.816000 6 0 1404
3895.955200 6 0 1404
3897.100800 6 0 1404
3898.240000 6 0 1404
3899.385600 6 0 1404
3900.524800 6 0 1404
3901.670400 6 0 1404
3902.809600 6 0 1404
3903.955200 6 0 1404
3905.094400 6 0 1404
3906.240000 6 0 1404
3907.379200 6 0 1404
3908.524800 6 0 1404
3909.664000 6 0 1404
3910.809600 6 0 1404
3911.948800 6 0 1404
3913.094400 6 0 1404
3914.233600 6 0 1404
3915.379200 6 0 1404
3916.518400 6 0 1404
3917.664000 6 0 1404
3918.803200 6 0 1404
3919.948800 6 0 1404
3921.088000 6 0 1404
3922.233600 6 0 1404
3923.372800 6 0 1404
3924.518400 6 0 1404
3925.657600 6 0 1404
3926.803200 6 0 1404
3927.942400 6 0 1404
3929.088000 6 0 1404
3930.227200 6 0 1404
3931.372800 6 0 1404
3932.512000 6 0 1404
3933.657600 6 0 1404
3934.796800 6 0 1404
3935.942400 6 0 1404
3937.081600 6 0 1404
3938.227200 6 0 1404
3939.366400 6 0 1404
3940.512000 6 0 1404
3941.651200 6 0 1404
3942.796800 6 0 1404
3943.936000 6 0 1404
3945.081600 6 0 1404
3946.220800 6 0 1404
3947.366400 6 0 1404
3948.505600 6 0 1404
3949.651200 6 0 1404
3950.790400 6 0 1404
3951.936000 6 0 1404
3953.075200 6 0 1404
3954.220800 6 0 1404
3955.360000 6 0 1404
3956.505600 6 0 1404
3957.644800 6 0 1404
3958.790400 6 0 1404
3959.929600 6 0 1404
3961.075200 6 0 1404
3962.214400 6 0 1404
3963.360000 6 0 1404
3964.499200 6 0 1404
3965.644800 6 0 1404
3966.784000 6 0 1404
3967.929600 6 0 1404
3969.068800 6 0 1404
3970.201600 -1 2 64
3970.259200 8 4 60
3970.316800 6 0 1404
3971.449600 6 0 1404
3972.582400 6 0 1404
3973.715200 6 0 1404
3974.848000 6 0 1404
3975.980800 6 0 1404
3977.113600 6 0 1404
4000.038400 8 4 60
4006.297600 1 0 1404
4007.443200 1 0 1404
4008.588800 1 0 1404
4009.728000 1 0 1404
4010.873600 1 0 1404
4012.012800 1 0 1404
4013.158400 1 0 1404
4014.297600 1 0 1404
4015.443200 1 0 1404
4016.582400 1 0 1404
4017.728000 1 0 1404
4018.867200 1 0 1404
4020.012800 1 0 1404
4021.152000 1 0 1404
4022.297600 1 0 1404
4023.436800 1 0 1404
4024.582400 1 0 1404
4025.721600 1 0 1404
4026.867200 1 0 1404
4028.006400 1 0 1404
4029.152000 1 0 1404
4030.291200 1 0 1404
4031.436800 1 0 1404
4032.576000 1 0 1404
4033.721600 1 0 1404
4034.860800 1 0 1404
4036.006400 1 0 1404
4037.145600 1 0 1404
4038.291200 1 0 1404
4039.430400 1 0 1404
4040.576000 1 0 1404
4041.715200 1 0 1404
4042.860800 1 0 1404
4044.000000 1 0 1404
4045.145600 1 0 1404
4046.284800 1 0 1404
4047.430400 1 0 1404
4048.569600 1 0 1404
4049.715200 1 0 1404
4050.854400 1 0 1404
4052.000000 1 0 1404
4053.139200 1 0 1404
4054.284800 1 0 1404
4055.424000 1 0 1404
4056.569600 1 0 1404
4057.708800 1 0 1404
4058.854400 1 0 1404
4059.993600 1 0 1404
4061.139200 1 0 1404
4062.278400 1 0 1404
4063.424000 1 0 1404
4064.563200 1 0 1404
4065.708800 1 0 1404
4066.848000 1 0 1404
4067.993600 1 0 1404
4069.132800 1 0 1404
4070.278400 1 0 1404
4071.417600 1 0 1404
4072.563200 1 0 1404
4073.702400 1 0 1404
4074.848000 1 0 1404
4075.987200 1 0 1404
4077.132800 1 0 1404
4078.272000 1 0 1404
4079.417600 1 0 1404
4080.556800 1 0 1404
4081.702400 1 0 1404
4082.841600 1 0 1404
4083.987200 1 0 1404
4085.126400 1 0 1404
4086.272000 1 0 1404
4087.411200 1 0 1404
4088.556800 1 0 1404
4089.696000 1 0 1404
4090.841600 1 0 1404
4091.980800 1 0 1404
4093.126400 1 0 1404
4094.265600 1 0 1404
4095.411200 1 0 1404
4096.550400 1 0 1404
4097.696000 1 0 1404
4098.835200 1 0 1404
4099.980800 1 0 1404
4101.120000 1 0 1404
4102.265600 1 0 1404
4103.404800 1 0 1404
4104.550400 1 0 1404
4105.689600 1 0 1404
4106.835200 1 0 1404
4107.974400 1 0 1404
4109.120000 1 0 1404
4110.259200 1 0 1404
4111.404800 1 0 1404
4112.544000 1 0 1404
4113.689600 1 0 1404
4114.828800 1 0 1404
4115.974400 1 0 1404
4117.113600 1 0 1404
4118.259200 1 0 1404
4119.398400 1 0 1404
4120.544000 1 0 1404
4121.683200 1 0 1404
4122.828800 1 0 1404
4123.968000 1 0 1404
4125.113600 1 0 1404
4126.252800 1 0 1404
4127.398400 1 0 1404
4128.537600 1 0 1404
4129.683200 1 0 1404
4130.822400 1 0 1404
4131.968000 1 0 1404
4133.107200 1 0 1404
4134.252800 1 0 1404
4135.392000 1 0 1404
4136.537600 1 0 1404
4137.676800 1 0 1404
4138.822400 1 0 1404
4139.968000 1 0 1404
4141.113600 1 0 1404
4142.252800 1 0 1404
4143.398400 1 0 1404
4144.537600 1 0 1404
4145.683200 1 0 1404
4146.822400 1 0 1404
4147.968000 1 0 1404
4149.107200 1 0 1404
4150.252800 1 0 1404
4151.392000 1 0 1404
4152.537600 1 0 1404
4153.676800 1 0 1404
4154.822400 1 0 1404
4155.961600 1 0 1404
4157.107200 1 0 1404
4158.246400 1 0 1404
4159.392000 1 0 1404
4160.531200 1 0 1404
4161.676800 1 0 1404
4162.816000 1 0 1404
4163.961600 1 0 1404
4165.100800 1 0 1404
4166.246400 1 0 1404
4167.385600 1 0 1404
4168.531200 1 0 1404
4169.670400 1 0 1404
4170.816000 1 0 1404
4171.955200 1 0 1404
4173.100800 1 0 1404
4174.240000 1 0 1404
4175.385600 1 0 1404
4176.524800 1 0 1404
4177.670400 1 0 1404
4178.809600 1 0 1404
4179.955200 1 0 1404
4181.094400 1 0 1404
4182.227200 8 4 60
4182.284800 1 0 1404
4183.417600 1 0 1404
4184.550400 1 0 1404
4185.683200 1 0 1404
4186.816000 1 0 1404
4187.948800 1 0 1404
4189.094400 1 0 1404
4212.038400 8 4 60
4218.329600 3 0 1404
4219.468800 3 0 1404
4220.614400 3 0 1404
4221.753600 3 0 1404
4222.899200 3 0 1404
4224.038400 3 0 1404
4225.184000 3 0 1404
4226.323200 3 0 1404
4227.468800 3 0 1404
4228.608000 3 0 1404
4229.753600 3 0 1404
4230.892800 3 0 1404
4232.038400 3 0 1404
4233.177600 3 0 1404
4234.323200 3 0 1404
4235.462400 3 0 1404
4236.608000 3 0 1404
4237.747200 3 0 1404
4238.892800 3 0 1404
4240.032000 3 0 1404
4241.177600 3 0 1404
4242.316800 3 0 1404
4243.462400 3 0 1404
4244.601600 3 0 1404
4245.747200 3 0 1404
4246.886400 3 0 1404
4248.032000 3 0 1404
4249.171200 3 0 1404
4250.316800 3 0 1404
4251.456000 3 0 1404
4252.601600 3 0 1404
4253.740800 3 0 1404
4254.886400 3 0 1404
4256.025600 3 0 1404
4257.171200 3 0 1404
4258.310400 3 0 1404
4259.456000 3 0 1404
4260.595200 3 0 1404
4261.740800 3 0 1404
4262.880000 3 0 1404
4264.025600 3 0 1404
4265.164800 3 0 1404
4266.310400 3 0 1404
4267.449600 3 0 1404
4268.595200 3 0 1404
4269.734400 3 0 1404
4270.880000 3 0 1404
4272.019200 3 0 1404
4273.164800 3 0 1404
4274.304000 3 0 1404
4275.449600 3 0 1404
4276.588800 3 0 1404
4277.734400 3 0 1404
4278.873600 3 0 1404
4280.019200 3 0 1404
4281.158400 3 0 1404
4282.304000 3 0 1404
4283.443200 3 0 1404
4284.588800 3 0 1404
4285.728000 3 0 1404
4286.873600 3 0 1404
4288.012800 3 0 1404
4289.158400 3 0 1404
4290.297600 3 0 1404
4291.443200 3 0 1404
4292.582400 3 0 1404
4293.728000 3 0 1404
4294.867200 3 0 1404
4296.012800 3 0 1404
4297.152000 3 0 1404
4298.297600 3 0 1404
4299.436800 3 0 1404
4300.582400 3 0 1404
4301.721600 3 0 1404
4302.867200 3 0 1404
4304.006400 3 0 1404
4305.152000 3 0 1404
4306.291200 3 0 1404
4307.436800 3 0 1404
4308.576000 3 0 1404
4309.721600 3 0 1404
4310.860800 3 0 1404
4312.006400 3 0 1404
4313.145600 3 0 1404
4314.291200 3 0 1404
4315.430400 3 0 1404
4316.576000 3 0 1404
4317.715200 3 0 1404
4318.860800 3 0 1404
4320.000000 3 0 1404
4321.145600 3 0 1404
4322.284800 3 0 1404
4323.430400 3 0 1404
4324.569600 3 0 1404
4325.715200 3 0 1404
4326.854400 3 0 1404
4328.000000 3 0 1404
4329.139200 3 0 1404
4330.284800 3 0 1404
4331.424000 3 0 1404
4332.569600 3 0 1404
4333.708800 3 0 1404
4334.854400 3 0 1404
4335.993600 3 0 1404
4337.139200 3 0 1404
4338.278400 3 0 1404
4339.424000 3 0 1404
4340.563200 3 0 1404
4341.708800 3 0 1404
4342.848000 3 0 1404
4343.993600 3 0 1404
4345.132800 3 0 1404
4346.278400 3 0 1404
4347.417600 3 0 1404
4348.563200 3 0 1404
4349.702400 3 0 1404
4350.848000 3 0 1404
4351.987200 3 0 1404
4353.132800 3 0 1404
4354.272000 3 0 1404
4355.417600 3 0 1404
4356.556800 3 0 1404
4357.702400 3 0 1404
4358.841600 3 0 1404
4359.987200 3 0 1404
4361.126400 3 0 1404
4362.272000 3 0 1404
4363.411200 3 0 1404
4364.556800 3 0 1404
4365.696000 3 0 1404
4366.841600 3 0 1404
4367.980800 3 0 1404
4369.126400 3 0 1404
4370.265600 3 0 1404
4371.411200 3 0 1404
4372.550400 3 0 1404
4373.696000 3 0 1404
4374.835200 3 0 1404
4375.980800 3 0 1404
4377.120000 3 0 1404
4378.265600 3 0 1404
4379.404800 3 0 1404
4380.550400 3 0 1404
4381.689600 3 0 1404
4382.835200 3 0 1404
4383.974400 3 0 1404
4385.120000 3 0 1404
4386.259200 3 0 1404
4387.404800 3 0 1404
4388.544000 3 0 1404
4389.689600 3 0 1404
4390.828800 3 0 1404
4391.974400 3 0 1404
4393.113600 3 0 1404
4394.259200 3 0 1404
4395.398400 3 0 1404
4396.544000 3 0 1404
4397.683200 3 0 1404
4398.816000 8 4 60
4398.873600 3 0 1404
4400.006400 3 0 1404
4401.139200 3 0 1404
4402.272000 3 0 1404
4403.404800 3 0 1404
4404.537600 3 0 1404
4428.038400 8 4 60
4434.304000 2 0 1404
4435.449600 2 0 1404
4436.588800 2 0 1404
4437.734400 2 0 1404
4438.873600 2 0 1404
4440.019200 2 0 1404
4441.158400 2 0 1404
4442.304000 2 0 1404
4443.443200 2 0 1404
4444.588800 2 0 1404
4445.728000 2 0 1404
4446.873600 2 0 1404
4448.012800 2 0 1404
4449.158400 2 0 1404
4450.297600 2 0 1404
4451.443200 2 0 1404
4452.582400 2 0 1404
4453.728000 2 0 1404
4454.867200 2 0 1404
4456.012800 2 0 1404
4457.152000 2 0 1404
4458.297600 2 0 1404
4459.436800 2 0 1404
4460.582400 2 0 1404
4461.721600 2 0 1404
4462.867200 2 0 1404
4464.006400 2 0 1404
4465.152000 2 0 1404
4466.291200 2 0 1404
4467.436800 2 0 1404
4468.576000 2 0 1404
4469.721600 2 0 1404
4470.860800 2 0 1404
4472.006400 2 0 1404
4473.145600 2 0 1404
4474.291200 2 0 1404
4475.430400 2 0 1404
4476.576000 2 0 1404
4477.715200 2 0 1404
4478.860800 2 0 1404
4480.000000 2 0 1404
4481.145600 2 0 1404
4482.284800 2 0 1404
4483.430400 2 0 1404
4484.569600 2 0 1404
4485.715200 2 0 1404
4486.854400 2 0 1404
4488.000000 2 0 1404
4489.139200 2 0 1404
4490.284800 2 0 1404
4491.430400 2 0 1404
4492.576000 2 0 1404
4493.721600 2 0 1404
4494.860800 2 0 1404
4496.006400 2 0 1404
4497.145600 2 0 1404
4498.291200 2 0 1404
4499.430400 2 0 1404
4500.576000 2 0 1404
4501.715200 2 0 1404
4502.860800 2 0 1404
4504.000000 2 0 1404
4505.145600 2 0 1404
4506.284800 2 0 1404
4507.430400 2 0 1404
4508.569600 2 0 1404
4509.715200 2 0 1404
4510.854400 2 0 1404
4512.000000 2 0 1404
4513.139200 2 0 1404
4514.284800 2 0 1404
4515.424000 2 0 1404
4516.569600 2 0 1404
4517.708800 2 0 1404
4518.854400 2 0 1404
4519.993600 2 0 1404
4521.139200 2 0 1404
4522.278400 2 0 1404
4523.424000 2 0 1404
4524.563200 2 0 1404
4525.708800 2 0 1404
4526.848000 2 0 1404
4527.993600 2 0 1404
4529.132800 2 0 1404
4530.278400 2 0 1404
4531.417600 2 0 1404
4532.563200 2 0 1404
4533.702400 2 0 1404
4534.848000 2 0 1404
4535.987200 2 0 1404
4537.132800 2 0 1404
4538.272000 2 0 1404
4539.417600 2 0 1404
4540.556800 2 0 1404
4541.702400 2 0 1404
4542.841600 2 0 1404
4543.987200 2 0 1404
4545.126400 2 0 1404
4546.272000 2 0 1404
4547.411200 2 0 1404
4548.556800 2 0 1404
4549.696000 2 0 1404
4550.841600 2 0 1404
4551.980800 2 0 1404
4553.126400 2 0 1404
4554.265600 2 0 1404
4555.411200 2 0 1404
4556.550400 2 0 1404
4557.696000 2 0 1404
4558.835200 2 0 1404
4559.980800 2 0 1404
4561.120000 2 0 1404
4562.265600 2 0 1404
4563.404800 2 0 1404
4564.550400 2 0 1404
4565.689600 2 0 1404
4566.835200 2 0 1404
4567.974400 2 0 1404
4569.120000 2 0 1404
4570.259200 2 0 1404
4571.404800 2 0 1404
4572.544000 2 0 1404
4573.689600 2 0 1404
4574.828800 2 0 1404
4575.974400 2 0 1404
4577.113600 2 0 1404
4578.259200 2 0 1404
4579.398400 2 0 1404
4580.544000 2 0 1404
4581.683200 2 0 1404
4582.828800 2 0 1404
4583.968000 2 0 1404
4585.113600 2 0 1404
4586.252800 2 0 1404
4587.398400 2 0 1404
4588.537600 2 0 1404
4589.683200 2 0 1404
4590.822400 2 0 1404
4591.968000 2 0 1404
4593.107200 2 0 1404
4594.252800 2 0 1404
4595.392000 2 0 1404
4596.537600 2 0 1404
4597.676800 2 0 1404
4598.822400 2 0 1404
4599.961600 2 0 1404
4601.107200 2 0 1404
4602.246400 2 0 1404
4603.392000 2 0 1404
4604.531200 2 0 1404
4605.676800 2 0 1404
4606.816000 2 0 1404
4607.961600 2 0 1404
4609.100800 2 0 1404
4610.233600 8 4 60
4610.291200 2 0 1404
4611.424000 2 0 1404
4612.556800 2 0 1404
4613.689600 2 0 1404
4614.822400 2 0 1404
4615.955200 2 0 1404
4617.100800 2 0 1404
4640.038400 8 4 60
4646.854400 6 0 1404
4648.000000 6 0 1404
4649.139200 6 0 1404
4650.284800 6 0 1404
4651.430400 6 0 1404
4652.576000 6 0 1404
4653.715200 6 0 1404
4654.860800 6 0 1404
4656.000000 6 0 1404
4657.145600 6 0 1404
4658.284800 6 0 1404
4659.430400 6 0 1404
4660.569600 6 0 1404
4661.715200 6 0 1404
4662.854400 6 0 1404
4664.000000 6 0 1404
4665.139200 6 0 1404
4666.284800 6 0 1404
4667.424000 6 0 1404
4668.569600 6 0 1404
4669.708800 6 0 1404
4670.854400 6 0 1404
4671.993600 6 0 1404
4673.139200 6 0 1404
4674.278400 6 0 1404
4675.424000 6 0 1404
4676.563200 6 0 1404
4677.708800 6 0 1404
4678.848000 6 0 1404
4679.993600 6 0 1404
4681.132800 6 0 1404
4682.278400 6 0 1404
4683.417600 6 0 1404
4684.563200 6 0 1404
4685.702400 6 0 1404
4686.848000 6 0 1404
4687.987200 6 0 1404
4689.132800 6 0 1404
4690.272000 6 0 1404
4691.417600 6 0 1404
4692.556800 6 0 1404
4693.702400 6 0 1404
4694.841600 6 0 1404
4695.987200 6 0 1404
4697.126400 6 0 1404
4698.272000 6 0 1404
4699.411200 6 0 1404
