nze be neph bph nzph50 nzph90 bph50 bph90
51 0 7 0 7 7 0 0
50 0 7 0 7 7 0 0
53 0 7 0 7 7 0 0
50 0 7 0 6 7 0 0
50 0 7 0 7 7 0 0
51 0 7 0 7 7 0 0
52 0 7 0 7 7 0 0
50 0 7 0 6 7 0 0
50 0 7 0 6 7 0 0
52 0 7 0 7 7 0 0
49 0 7 0 6 7 0 0
52 0 7 0 7 7 0 0
50 0 7 0 6 7 0 0
51 0 7 0 7 7 0 0
50 0 7 0 7 7 0 0
50 0 7 0 6 7 0 0
51 0 7 0 7 7 0 0
49 0 7 0 7 7 0 0
49 0 7 0 6 7 0 0
50 0 7 0 6 7 0 0
52 0 7 0 7 7 0 0
50 0 7 0 7 7 0 0
50 0 7 0 6 7 0 0
49 0 7 0 6 7 0 0
52 0 7 0 7 7 0 0
53 0 7 0 7 7 0 0
51 0 7 0 6 7 0 0
51 0 7 0 7 7 0 0
49 0 7 0 6 7 0 0
48 0 7 0 6 7 0 0
53 0 7 0 7 7 0 0
52 0 7 0 7 7 0 0
54 0 7 0 7 7 0 0
52 0 7 0 7 7 0 0
51 0 7 0 6 7 0 0
50 0 7 0 6 7 0 0
50 0 7 0 7 7 0 0
50 0 7 0 6 7 0 0
50 0 7 0 6 7 0 0
51 0 7 0 7 7 0 0
52 0 7 0 7 7 0 0
52 0 7 0 7 7 0 0
50 0 7 0 6 7 0 0
50 0 7 0 6 7 0 0
49 0 7 0 7 7 0 0
50 0 7 0 6 7 0 0
48 0 7 0 6 7 0 0
48 0 7 0 6 7 0 0
50 0 7 0 6 7 0 0
50 0 7 0 6 7 0 0
51 0 7 0 7 7 0 0
48 0 7 0 6 7 0 0
48 0 7 0 6 7 0 0
52 0 7 0 7 7 0 0
51 0 7 0 6 7 0 0
56 0 7 0 7 7 0 0
44 0 7 0 6 7 0 0
50 0 7 0 6 7 0 0
53 0 7 0 7 7 0 0
52 0 7 0 7 7 0 0
53 0 7 0 7 7 0 0
48 0 7 0 7 7 0 0
50 0 7 0 6 7 0 0
50 0 7 0 6 7 0 0
50 0 7 0 7 7 0 0
47 0 7 0 6 7 0 0
50 0 7 0 6 7 0 0
48 0 7 0 6 7 0 0
48 0 7 0 6 7 0 0
50 0 7 0 6 7 0 0
47 0 7 0 6 7 0 0
48 0 7 0 6 7 0 0
52 0 7 0 7 7 0 0
51 0 7 0 6 7 0 0
52 0 7 0 7 7 0 0
52 0 7 0 7 7 0 0
52 0 7 0 7 7 0 0
51 0 7 0 7 7 0 0
53 0 7 0 7 7 0 0
52 0 7 0 7 7 0 0
50 0 7 0 6 7 0 0
54 0 7 0 7 7 0 0
51 0 7 0 6 7 0 0
50 0 7 0 6 7 0 0
48 0 7 0 6 7 0 0
50 0 7 0 7 7 0 0
50 0 7 0 7 7 0 0
52 0 7 0 7 7 0 0
53 0 7 0 7 7 0 0
47 0 7 0 6 7 0 0
50 0 7 0 7 7 0 0
51 0 7 0 7 7 0 0
52 0 7 0 7 7 0 0
49 0 7 0 6 7 0 0
55 0 7 0 7 7 0 0
47 0 7 0 6 7 0 0
50 0 7 0 6 7 0 0
52 0 7 0 7 7 0 0
48 0 7 0 6 7 0 0
47 0 7 0 6 7 0 0
46 0 7 0 6 7 0 0
52 0 7 0 7 7 0 0
50 0 7 0 6 7 0 0
48 0 7 0 6 7 0 0
48 0 7 0 6 7 0 0
51 0 7 0 7 7 0 0
49 0 7 0 6 7 0 0
50 0 7 0 6 7 0 0
51 0 7 0 6 7 0 0
50 0 7 0 6 7 0 0
50 0 7 0 7 7 0 0
53 0 7 0 7 7 0 0
50 0 7 0 6 7 0 0
50 0 7 0 7 7 0 0
50 0 7 0 7 7 0 0
51 0 7 0 7 7 0 0
52 0 7 0 7 7 0 0
54 0 7 0 7 7 0 0
50 0 7 0 7 7 0 0
50 0 7 0 6 7 0 0
51 0 7 0 6 7 0 0
54 0 7 0 7 7 0 0
49 0 7 0 6 7 0 0
51 0 7 0 7 7 0 0
49 0 7 0 6 7 0 0
54 0 7 0 7 7 0 0
50 0 7 0 7 7 0 0
51 0 7 0 7 7 0 0
51 0 7 0 7 7 0 0
54 0 7 0 7 7 0 0
49 0 7 0 6 7 0 0
54 0 7 0 7 7 0 0
52 0 7 0 7 7 0 0
52 0 7 0 7 7 0 0
52 0 7 0 7 7 0 0
47 0 7 0 6 7 0 0
49 0 7 0 6 7 0 0
51 0 7 0 7 7 0 0
51 0 7 0 6 7 0 0
51 0 7 0 6 7 0 0
51 0 7 0 7 7 0 0
48 0 7 0 6 7 0 0
49 0 7 0 7 7 0 0
52 0 7 0 7 7 0 0
49 0 7 0 6 7 0 0
52 0 7 0 7 7 0 0
54 0 7 0 7 7 0 0
50 0 7 0 6 7 0 0
51 0 7 0 7 7 0 0
49 0 7 0 6 7 0 0
52 0 7 0 7 7 0 0
52 0 7 0 7 7 0 0
48 0 7 0 6 7 0 0
52 0 7 0 7 7 0 0
52 0 7 0 7 7 0 0
53 0 7 0 7 7 0 0
47 0 7 0 6 7 0 0
51 0 7 0 6 7 0 0
50 0 7 0 7 7 0 0
51 0 7 0 6 7 0 0
52 0 7 0 7 7 0 0
52 0 7 0 7 7 0 0
44 0 7 0 6 6 0 0
52 0 7 0 7 7 0 0
51 0 7 0 7 7 0 0
54 0 7 0 7 7 0 0
