nday dem circ circq pack
1 10.583 1.049 0.000 9.534
1 16.271 6.669 0.000 9.602
1 15.926 6.698 0.015 9.213
1 13.607 4.695 0.000 8.912
1 16.666 6.535 0.000 10.131
1 18.844 9.214 0.000 9.630
1 18.057 8.848 0.024 9.185
2 16.971 7.363 0.000 9.608
3 18.172 8.844 0.181 9.148
3 18.042 8.317 0.000 9.725
2 17.613 8.351 0.151 9.111
2 17.425 8.084 0.000 9.341
2 18.769 9.990 0.172 8.608
3 19.273 9.338 0.000 9.935
3 20.670 11.014 0.092 9.564
2 21.145 11.587 0.000 9.558
3 19.347 10.767 0.223 8.357
3 21.627 11.830 0.018 9.780
5 23.386 13.767 0.258 9.361
4 21.606 12.250 0.112 9.245
3 21.850 12.797 0.071 8.982
4 22.633 12.802 0.168 9.662
3 23.289 13.990 0.211 9.088
4 25.095 15.348 0.117 9.630
5 26.466 17.003 0.498 8.965
6 25.230 15.467 0.169 9.594
6 25.962 16.568 0.406 8.988
6 24.047 14.592 0.256 9.199
5 26.613 16.634 0.110 9.869
8 26.503 17.052 0.914 8.537
6 23.568 13.906 0.055 9.608
7 26.555 16.693 0.661 9.202
6 25.049 15.421 0.167 9.461
8 28.731 18.655 0.626 9.450
8 26.889 16.736 0.416 9.737
7 28.985 18.745 0.489 9.751
7 28.247 18.549 0.476 9.221
9 29.012 18.901 0.653 9.458
8 29.057 18.948 0.309 9.799
8 29.350 19.165 0.510 9.674
9 28.346 18.408 0.570 9.368
8 29.496 19.285 0.735 9.477
7 29.783 19.706 0.619 9.458
8 30.019 19.777 0.822 9.421
10 28.926 17.927 0.583 10.416
9 30.562 19.783 0.851 9.929
9 29.414 18.920 0.515 9.979
10 30.449 20.154 0.741 9.553
9 30.439 19.889 0.575 9.976
10 31.008 20.610 0.839 9.560
9 28.944 18.769 0.659 9.515
11 30.216 19.409 0.858 9.949
10 29.772 19.561 0.851 9.360
10 29.724 19.230 0.619 9.874
9 31.001 20.561 0.718 9.721
8 30.782 20.550 0.836 9.396
9 31.762 21.476 0.597 9.688
9 32.138 21.816 0.620 9.702
10 32.275 21.867 0.845 9.563
10 30.238 19.650 1.043 9.544
10 29.132 18.695 0.587 9.849
11 30.535 19.785 1.008 9.742
11 30.523 19.838 0.794 9.890
10 32.401 21.976 0.867 9.558
11 31.818 21.279 0.702 9.837
11 33.122 22.425 0.996 9.701
10 31.733 21.001 0.869 9.863
11 33.161 22.209 0.957 9.995
8 33.742 23.378 0.794 9.570
12 34.237 23.078 1.148 10.011
10 33.133 21.938 0.699 10.496
11 34.634 23.831 0.864 9.939
12 34.543 23.871 0.952 9.721
13 37.078 25.982 1.281 9.815
12 37.293 26.513 0.801 9.980
12 39.215 28.152 1.234 9.829
10 37.555 26.891 0.723 9.940
11 38.730 27.714 0.984 10.032
12 38.166 27.459 1.023 9.684
13 39.199 28.117 1.294 9.788
11 38.101 27.044 1.028 10.029
10 37.660 26.814 1.165 9.681
12 36.486 25.214 0.829 10.443
12 38.141 27.085 1.192 9.864
9 38.175 27.278 0.631 10.265
9 39.541 28.812 1.159 9.570
11 38.054 27.339 0.774 9.941
9 39.010 28.836 1.157 9.017
10 38.024 27.994 0.592 9.438
10 40.665 30.038 1.381 9.246
10 38.410 27.623 0.545 10.241
8 41.378 30.676 1.210 9.492
11 39.187 28.838 0.587 9.762
12 40.398 29.161 1.368 9.868
11 39.348 28.570 0.606 10.173
10 41.060 30.489 1.283 9.289
12 39.890 28.527 0.966 10.397
10 40.508 30.127 1.035 9.345
12 39.831 29.186 0.645 9.999
10 40.259 29.446 1.351 9.462
13 37.705 27.014 0.997 9.695
11 39.524 28.385 1.377 9.762
14 38.490 27.836 1.237 9.418
12 40.330 29.630 1.195 9.505
12 40.424 28.706 1.505 10.213
11 38.794 27.214 1.280 10.301
14 40.183 28.889 1.345 9.948
10 39.794 28.729 1.039 10.026
10 40.451 28.793 1.913 9.745
12 38.206 26.568 1.629 10.009
14 39.731 27.744 1.801 10.185
13 38.796 27.011 1.366 10.418
13 40.739 28.713 1.943 10.082
