nze be neph bph nzph50 nzph90 bph50 bph90
4032 2 63 1 63 63 0 0
4032 6 63 1 63 63 0 0
4032 6 63 1 63 63 0 0
4032 7 63 1 63 63 0 1
4032 7 63 1 63 63 0 1
4032 9 63 1 63 63 0 1
4032 8 63 1 63 63 0 1
4032 9 63 2 63 63 0 1
4032 10 63 2 63 63 0 1
4032 10 63 2 63 63 0 1
4032 9 63 2 63 63 0 1
4032 9 63 2 63 63 0 1
4032 11 63 2 63 63 0 1
4032 12 63 2 63 63 0 1
4032 13 63 2 63 63 0 1
4032 11 63 2 63 63 0 1
4032 13 63 2 63 63 0 1
4032 14 63 2 63 63 0 1
4032 16 63 2 63 63 0 1
4032 14 63 2 63 63 0 1
4032 13 63 2 63 63 0 1
4032 14 63 2 63 63 0 1
4032 15 63 2 63 63 0 1
4032 19 63 2 63 63 0 1
4032 21 63 3 63 63 0 1
4032 21 63 3 63 63 0 1
4032 22 63 3 63 63 0 1
4032 20 63 3 63 63 0 1
4032 22 63 3 63 63 0 1
4032 22 63 3 63 63 0 1
4032 22 63 3 63 63 0 1
4032 22 63 3 63 63 0 1
4032 24 63 3 63 63 0 1
4032 24 63 3 63 63 0 1
4032 25 63 3 63 63 0 1
4032 27 63 3 63 63 0 1
4032 28 63 3 63 63 0 1
4032 29 63 3 63 63 0 1
4032 29 63 3 63 63 0 1
4032 29 63 3 63 63 0 1
4032 30 63 3 63 63 0 2
4032 31 63 3 63 63 0 2
4032 33 63 3 63 63 0 2
4032 34 63 3 63 63 0 2
4032 34 63 3 63 63 0 2
4032 32 63 3 63 63 0 2
4032 33 63 3 63 63 0 1
4032 32 63 3 63 63 0 1
4032 34 63 3 63 63 0 2
4032 36 63 4 63 63 0 2
4032 34 63 4 63 63 0 2
4032 34 63 4 63 63 0 2
4032 35 63 4 63 63 0 2
4032 34 63 4 63 63 0 2
4032 37 63 4 63 63 0 2
4032 37 63 4 63 63 0 2
4032 38 63 4 63 63 0 2
4032 37 63 4 63 63 0 2
4032 39 63 4 63 63 0 2
4032 40 63 4 63 63 0 2
4032 37 63 4 63 63 0 2
4032 39 63 4 63 63 0 2
4032 42 63 4 63 63 0 2
4032 39 63 4 63 63 0 2
4032 40 63 4 63 63 0 2
4032 40 63 4 63 63 0 2
4032 42 63 4 63 63 0 2
4032 42 63 4 63 63 0 2
4032 45 63 4 63 63 0 2
4032 46 63 4 63 63 0 2
4032 43 63 4 63 63 0 2
4032 46 63 4 63 63 0 2
4032 45 63 3 63 63 0 2
4032 49 63 3 63 63 1 2
4032 50 63 3 63 63 1 2
4032 52 63 3 63 63 1 2
4032 51 63 3 63 63 1 2
4032 50 63 3 63 63 1 2
4032 53 63 3 63 63 1 2
4032 52 63 3 63 63 1 2
4032 51 63 3 63 63 1 2
4032 51 63 3 63 63 1 2
4032 50 63 3 63 63 1 2
4032 52 63 3 63 63 1 2
4032 50 63 3 63 63 1 2
4032 51 63 4 63 63 1 2
4032 53 63 3 63 63 1 2
4032 53 63 3 63 63 1 2
4032 52 63 3 63 63 1 2
4032 53 63 3 63 63 1 2
4032 53 63 3 63 63 1 2
4032 54 63 3 63 63 1 2
4032 53 63 3 63 63 1 2
4032 57 63 4 63 63 1 2
4032 57 63 4 63 63 1 2
4032 56 63 4 63 63 1 2
4032 60 63 4 63 63 1 3
4032 59 63 4 63 63 1 3
4032 60 63 4 63 63 1 3
4032 61 63 5 63 63 1 3
4032 61 63 5 63 63 1 3
4032 60 63 4 63 63 1 2
4032 60 63 4 63 63 1 2
4032 63 63 4 63 63 1 3
4032 64 63 4 63 63 1 3
4032 61 63 4 63 63 1 3
4032 60 63 4 63 63 1 2
4032 60 63 4 63 63 1 2
4032 61 63 4 63 63 1 3
4032 64 63 5 63 63 1 3
4032 62 63 5 63 63 1 2
4032 64 63 5 63 63 1 3
4032 68 63 5 63 63 1 3
