nday dem circ circq pack
1 4.638 0.000 0.000 4.638
1 5.448 0.285 0.000 5.163
1 5.921 1.358 0.000 4.562
1 6.579 2.108 0.000 4.471
1 9.279 4.600 0.000 4.679
1 11.227 6.427 0.000 4.801
2 13.806 8.993 0.000 4.813
1 12.897 8.403 0.000 4.494
1 12.708 7.734 0.000 4.974
1 11.433 6.954 0.000 4.480
1 12.691 7.995 0.000 4.696
1 13.003 8.013 0.000 4.990
1 14.056 9.303 0.000 4.752
2 13.975 9.338 0.000 4.637
2 13.987 9.389 0.000 4.598
2 15.004 10.564 0.000 4.440
2 15.710 11.097 0.031 4.582
2 14.495 10.003 0.000 4.491
2 13.899 9.518 0.023 4.358
2 14.370 9.777 0.000 4.594
2 14.192 9.445 0.016 4.731
2 13.616 9.188 0.000 4.429
2 14.248 9.603 0.031 4.614
2 15.046 10.324 0.000 4.722
2 15.295 10.652 0.021 4.622
2 15.973 11.451 0.000 4.523
2 16.742 11.919 0.019 4.804
2 16.841 12.323 0.000 4.517
2 17.238 12.740 0.029 4.469
2 16.943 12.124 0.000 4.819
2 15.495 10.808 0.007 4.680
2 13.841 9.719 0.003 4.118
2 14.671 10.121 0.000 4.550
3 14.437 10.222 0.012 4.204
3 13.545 8.899 0.000 4.646
2 14.745 10.044 0.016 4.684
3 13.187 8.878 0.000 4.309
4 14.048 9.344 0.019 4.685
3 12.999 8.112 0.000 4.887
2 15.114 10.579 0.039 4.496
3 16.131 11.441 0.007 4.683
2 18.056 13.582 0.000 4.473
2 18.245 13.477 0.000 4.769
2 20.199 15.710 0.015 4.474
2 19.257 14.714 0.020 4.523
2 19.224 14.868 0.000 4.356
3 21.573 16.710 0.009 4.854
4 21.084 16.308 0.000 4.776
2 20.806 16.417 0.025 4.364
3 19.484 15.026 0.000 4.458
3 19.262 14.600 0.023 4.639
2 18.224 13.728 0.000 4.496
3 18.755 14.280 0.014 4.461
3 21.647 17.210 0.000 4.437
2 22.074 17.299 0.000 4.775
2 20.624 16.196 0.003 4.424
3 20.453 15.543 0.005 4.905
2 21.298 16.989 0.006 4.303
2 19.644 15.072 0.000 4.572
3 19.138 14.698 0.010 4.430
2 18.960 14.848 0.000 4.112
1 19.216 14.610 0.000 4.607
1 19.166 14.476 0.000 4.690
1 19.404 14.595 0.000 4.809
1 19.325 14.652 0.000 4.674
1 19.771 14.969 0.000 4.802
2 19.304 14.540 0.000 4.764
2 18.246 13.843 0.000 4.403
1 16.510 11.784 0.000 4.726
2 16.333 11.432 0.000 4.901
2 16.772 11.846 0.000 4.927
2 17.003 12.165 0.000 4.838
2 16.756 12.117 0.029 4.610
2 16.613 11.968 0.000 4.644
3 17.319 12.214 0.000 5.105
1 17.017 12.136 0.000 4.881
2 17.461 12.726 0.000 4.735
1 16.726 12.117 0.000 4.610
1 17.540 12.830 0.000 4.710
1 17.668 13.049 0.000 4.619
1 17.622 12.701 0.000 4.921
1 17.375 12.876 0.000 4.499
3 17.941 13.237 0.002 4.702
3 19.297 14.553 0.029 4.715
2 20.416 15.809 0.000 4.607
3 19.507 14.876 0.078 4.553
3 18.826 14.000 0.007 4.820
4 19.394 14.497 0.101 4.797
4 19.385 14.803 0.094 4.488
5 17.737 12.971 0.086 4.681
4 17.992 13.071 0.000 4.921
4 17.047 12.480 0.079 4.488
4 16.499 11.988 0.029 4.481
4 16.367 11.644 0.045 4.677
5 17.519 12.837 0.176 4.506
3 17.141 12.906 0.017 4.218
4 17.878 13.081 0.131 4.666
4 16.723 12.122 0.030 4.570
3 17.589 12.880 0.054 4.656
4 17.333 12.697 0.051 4.586
4 16.990 12.159 0.012 4.819
4 16.494 12.040 0.063 4.391
3 16.522 11.973 0.016 4.533
4 16.819 12.005 0.046 4.769
5 16.911 12.270 0.067 4.574
4 18.688 13.869 0.025 4.793
3 18.622 13.828 0.000 4.794
3 17.683 13.008 0.002 4.672
2 16.835 11.748 0.000 5.087
2 17.028 12.766 0.023 4.239
2 16.478 11.717 0.000 4.760
2 16.765 11.996 0.013 4.756
3 18.454 13.803 0.000 4.651
4 19.433 14.532 0.084 4.817
3 18.752 13.971 0.014 4.768
4 19.291 14.417 0.054 4.820
5 19.250 14.562 0.026 4.661
5 18.667 14.165 0.046 4.457
6 19.636 15.062 0.032 4.541
6 20.247 15.609 0.107 4.532
4 19.974 15.340 0.000 4.634
5 21.372 16.527 0.166 4.680
6 19.263 14.233 0.029 5.000
5 18.588 13.737 0.058 4.793
4 19.901 14.833 0.003 5.065
4 20.131 15.562 0.102 4.467
6 20.475 15.457 0.147 4.870
4 20.593 16.126 0.039 4.429
5 20.520 15.821 0.087 4.613
6 19.905 15.353 0.105 4.446
6 20.295 15.664 0.060 4.571
4 21.189 16.784 0.054 4.352
4 19.659 15.151 0.104 4.404
6 19.436 14.952 0.152 4.332
5 21.436 16.619 0.012 4.805
5 22.969 18.249 0.216 4.505
5 21.382 16.448 0.009 4.925
5 21.433 16.848 0.161 4.424
4 20.101 15.005 0.041 5.054
5 20.742 15.791 0.155 4.796
5 18.588 13.823 0.021 4.744
6 19.541 14.693 0.158 4.690
6 17.672 13.127 0.133 4.412
5 17.426 12.781 0.000 4.645
4 19.003 14.204 0.155 4.643
5 18.401 13.459 0.017 4.925
5 19.395 14.706 0.119 4.569
5 18.163 13.317 0.000 4.846
4 19.546 14.862 0.145 4.539
5 18.677 14.255 0.046 4.376
5 19.285 14.405 0.020 4.860
5 19.078 14.170 0.000 4.908
4 19.602 14.818 0.130 4.654
5 17.062 12.494 0.000 4.568
4 18.879 14.203 0.107 4.568
4 18.858 13.995 0.022 4.840
5 18.691 13.721 0.055 4.915
5 18.063 13.375 0.000 4.688
4 18.496 13.591 0.027 4.878
4 16.806 12.092 0.000 4.714
5 16.935 11.930 0.114 4.890
4 17.403 12.890 0.005 4.508
4 17.150 12.416 0.000 4.734
2 17.707 13.086 0.002 4.620
3 18.185 13.873 0.035 4.277
3 18.345 13.841 0.019 4.485
