8 16 32 64 128 256 512 1024
38 219 341 929 2315 7495 14939 37469
36 149 548 1070 3163 6671 17008 41698
46 146 373 1099 2584 6833 15778 41136
52 192 363 1022 2686 7188 16920 40670
35 220 474 1221 2282 6667 15975 42901
26 163 402 889 3245 8061 17967 42844
28 160 469 1185 3337 8027 19480 37637
25 135 418 1086 3129 8212 17352 39054
47 190 567 1079 2788 7335 15804 45441
66 150 397 958 2907 8156 17743 40861
76 229 470 1181 2973 7237 18134 42258
28 128 540 1080 2856 7413 16502 40802
56 143 355 1176 2457 7139 15833 41778
34 125 384 1157 3527 7039 16703 35545
41 135 413 986 2384 6685 16993 50204
44 138 339 1126 3158 6182 16201 40389
22 137 602 1174 3253 6575 16122 41939
67 176 557 1219 2240 7704 18926 41200
30 109 421 1076 3621 9458 20047 45943
46 196 579 1272 2907 7289 17128 39048
70 179 498 896 3372 7367 18907 43096
50 154 432 1146 2715 7349 19073 36006
28 149 473 1244 2488 6775 15208 38011
18 183 430 868 3079 7088 15489 34757
49 213 480 1351 2551 8097 18111 41850
53 174 415 1290 2487 8702 14333 37929
82 185 467 1338 2681 6700 16887 42814
21 181 420 1110 3046 7938 19140 43308
46 197 350 1315 3704 7026 19034 42730
68 141 450 1028 3163 8700 14328 43639
55 112 505 1179 2960 7070 20793 36519
41 180 488 1147 2759 7923 18129 40875
59 159 392 1114 3200 6405 15416 37549
38 195 467 1151 2821 7125 15575 38704
69 182 426 996 2636 6841 17571 35449
65 106 487 1183 3052 6577 17663 45525
53 124 492 1431 2840 6661 17022 43239
47 223 610 985 2953 7706 17465 38148
69 105 544 922 2513 6835 18561 35948
73 187 581 1326 2918 7109 16440 40028
49 171 409 1378 2448 8122 17975 43639
39 125 367 1373 2628 7664 16592 42585
58 192 455 1261 2729 7462 17434 44933
55 101 414 1126 3245 7708 16920 36978
32 115 363 1184 3443 8204 19777 40293
62 142 408 1270 3931 7541 18798 40962
40 139 398 1349 3003 6592 14479 47597
38 228 474 1184 3655 8152 17135 46132
59 140 698 1011 3206 5706 16957 38201
53 143 403 1647 2448 8121 17037 43903
53 180 388 1316 2578 7833 17903 44721
52 179 513 1039 2341 6934 14883 38672
41 133 378 1170 3220 7509 20265 43441
29 216 333 870 3231 6265 17451 43297
27 111 361 1126 2671 6987 18589 37664
38 233 520 1289 2944 6656 17723 39624
36 214 501 1202 2837 6930 17757 43957
56 155 363 864 2638 8215 15841 40469
57 226 438 1038 3104 6878 18058 40712
42 214 452 980 2813 7403 18284 39855
86 209 406 1069 3417 8277 17640 39509
37 184 388 1015 2684 6310 17826 40172
47 213 461 1119 2715 7621 16340 40291
55 148 607 1003 2962 7881 16874 37985
41 174 462 946 2694 6024 18225 42093
25 140 474 1342 2881 7483 19294 38306
51 221 393 1161 2930 7235 17591 40284
66 218 523 1447 2836 7447 19738 40105
40 143 415 1085 2698 6174 16063 38877
25 184 448 955 2761 5973 16512 41718
26 153 365 1627 2893 6267 17224 39307
41 86 363 1343 3210 6335 17818 42529
23 165 393 1114 2966 9761 15830 36259
36 269 541 1104 3234 7528 17057 47516
44 182 344 1043 3310 6875 16189 38705
47 181 470 783 3466 7107 16694 44160
41 198 438 1115 2583 6790 15845 39679
41 158 372 1351 3124 6636 15794 41077
23 94 490 974 3428 7952 16691 39672
67 137 494 873 2857 6560 15363 40519
36 164 432 1112 2897 7234 18482 39217
37 190 390 1457 3185 8016 17165 39222
48 240 591 942 2906 5996 17321 40096
34 153 402 1114 2627 7142 17503 37706
33 151 417 1331 2509 6322 18684 37887
52 208 442 1225 2221 8295 18061 38899
79 220 555 1182 3144 6417 18101 36612
37 165 529 994 2925 6866 18224 46575
42 105 347 1064 3017 7110 19205 37605
34 213 427 1173 2944 7268 16600 40131
12 181 385 1140 4130 7715 15195 41225
59 136 438 987 3110 7311 18658 37280
26 187 576 787 3227 7091 15560 39153
33 124 372 1102 2715 6857 18016 38489
39 264 566 1002 3042 6790 15914 40694
42 89 598 1204 3411 7511 16989 40361
40 125 446 1112 2556 9260 19563 37707
38 218 523 1113 2960 7394 19245 43693
74 150 418 1076 3509 8497 17529 41754
35 195 277 1146 2650 8322 19134 35685
47 137 393 1415 2941 7476 17876 41954
60 196 429 1169 3173 7257 14599 42518
48 166 410 1238 2157 7688 15804 34938
31 128 345 928 2679 7219 19818 37110
30 166 454 1145 2624 7704 17004 41240
43 203 474 1246 2931 6409 14723 39848
53 109 406 1332 3472 5994 17586 48561
59 174 441 1146 3135 7432 16541 40163
29 198 339 1369 2810 7053 17853 42477
54 170 391 777 3295 7289 20708 37107
46 245 317 962 2720 6901 17215 44624
47 92 382 985 3784 8505 17712 37717
62 109 599 1090 3070 6202 15713 35059
36 164 373 1268 2919 7631 19059 37110
33 189 431 1103 2483 6345 17450 43630
66 167 483 940 3006 8217 17629 38151
66 174 522 1058 3183 6006 18118 35949
28 150 319 1180 3057 6890 17351 40243
40 129 533 1356 2479 7901 18093 39983
47 151 413 940 3108 9639 16965 38628
32 155 387 1364 2752 7015 16680 38212
41 115 526 1158 3100 5852 18358 35487
61 201 412 1007 2740 5723 16620 43285
57 214 405 1309 2926 6650 15775 46366
15 99 466 1159 2772 6258 17817 43414
36 100 353 1031 2808 7086 20505 40293
44 89 481 1410 3221 7159 19146 41348
17 86 398 1181 2767 6942 14569 38724
47 113 302 1030 3193 7296 17766 40648
34 217 460 1334 3495 6286 17143 40173
32 132 347 1470 2635 6468 16303 39396
49 168 367 1047 2641 7009 16442 44679
61 206 445 1252 2700 6773 16155 40317
74 210 383 1034 3706 7452 18078 35031
29 193 419 1334 2664 7227 16258 43692
39 211 502 1162 2757 6475 16654 40555
53 227 426 1279 3228 7735 19559 38816
46 114 511 889 2580 8207 16119 42539
39 146 531 844 3072 8907 17652 38614
44 122 535 1078 3135 7244 15948 39248
53 245 544 1463 2687 7515 16542 35980
28 153 373 1179 3541 7695 14701 42800
18 87 273 1199 2558 8530 16707 38987
50 197 460 1117 2762 7595 14802 37767
44 159 595 920 3292 7023 14471 43003
62 177 446 942 2378 7887 16040 43882
47 123 475 1097 3378 6673 19381 40355
32 137 294 1299 2842 8112 17971 37815
37 80 280 1517 3151 6290 18208 40390
37 158 451 1149 3088 7071 13972 42691
57 206 382 1122 2912 6958 18604 44649
34 143 327 971 2890 6979 18491 41028
43 171 444 1352 3254 6444 18437 38994
37 132 392 1255 2799 7042 16246 39676
45 285 638 1099 2971 7247 18182 37222
39 231 481 930 2337 6885 18000 42531
52 161 421 1290 3343 8450 17893 42087
42 145 382 1244 2593 7318 15898 40934
45 164 369 1186 2619 6148 18334 41053
51 178 366 1243 2408 7080 16301 46476
52 196 397 960 2504 6002 18133 42828
55 134 392 1122 3449 6916 18334 37807
66 221 445 1180 2614 6937 18090 39202
40 220 504 1082 3330 6976 18618 36403
25 157 400 1235 2313 6431 17861 35273
34 190 428 1168 2822 7686 19688 34552
66 177 640 1126 3064 7964 17325 43322
54 134 484 1121 3158 6587 19770 36943
39 99 387 947 2845 7566 18308 43582
64 168 489 1120 3103 9210 14981 38348
37 212 529 1090 3787 7368 17846 41010
36 82 362 856 2871 6405 18196 38122
26 210 466 1482 2838 6701 15535 44387
35 173 380 1177 3704 6782 19086 36171
21 139 424 1385 2784 7770 18857 45676
28 269 332 1414 2795 7425 20262 39790
47 162 484 1239 3140 6396 17838 43909
40 221 527 1193 2535 6412 16548 47416
49 167 380 1148 2660 7681 15129 35753
34 171 395 958 2782 6865 17242 45908
44 171 328 1156 3477 8449 18035 39284
43 97 617 1062 2801 7603 15362 42213
40 138 545 1254 2517 7826 16310 45454
51 204 612 1071 3591 8090 15574 37196
48 160 540 1032 3719 7264 18364 39196
30 225 480 1131 2840 6981 15697 41067
33 205 489 1066 2644 7101 17561 37096
40 110 589 1157 2758 8970 16332 40119
40 139 459 1054 3070 6050 19615 36677
33 171 421 1062 2592 7444 15908 38773
62 100 319 981 3186 8120 19104 38613
32 126 580 1304 3331 7618 18829 45173
39 114 536 851 2596 8259 17941 40837
54 244 498 1369 2558 5968 18225 47980
17 123 364 1099 2806 7607 17283 40112
62 172 395 1089 3029 5657 17298 38466
36 168 329 1470 2969 7330 17391 45084
48 182 605 939 3256 7255 15489 45314
37 188 367 932 3182 7523 15035 42614
49 138 395 1241 3654 6190 18029 42126
44 163 390 1119 2777 5168 18593 36818
47 163 361 1188 2582 6693 18986 38730
32 137 487 1052 3589 7978 14728 43006
15 204 542 1202 2568 7366 18594 38885
59 186 438 1020 2642 8178 16763 36073
73 131 424 1130 3145 5690 17497 43077
39 182 401 1197 2672 7080 16372 40381
33 133 506 1270 3323 6688 17077 41174
54 148 513 996 2609 7054 18877 37740
50 157 384 1105 2880 7061 14968 38995
81 118 471 956 3364 8292 14724 43854
27 296 441 1508 2397 6857 15220 41455
27 192 379 995 2614 6798 15430 48751
56 161 427 1428 3032 7099 17724 40589
56 193 366 1138 3552 8857 16801 45539
27 206 517 899 2785 7740 16978 39676
37 161 504 1344 2942 6851 14513 40545
40 242 311 1141 3150 8244 17116 41569
27 168 347 1242 3185 7736 16961 42001
42 171 373 1128 2891 5987 16296 37578
55 213 557 981 3553 8095 19326 39126
30 217 595 1227 2769 7372 18411 38289
46 161 386 917 2686 8537 16117 37068
44 192 467 1317 2716 7710 17884 38837
51 215 337 1137 2622 6351 19887 43687
49 141 469 1147 3003 9088 19693 36535
30 164 402 1223 2778 8087 17370 40486
16 158 637 1205 3024 7678 15333 38582
34 200 400 921 4044 6298 19871 39861
20 184 360 1157 3475 8100 17189 43220
31 187 442 1095 2860 7505 17067 40771
26 128 305 1033 2300 6458 20066 45152
47 256 386 1179 3342 6767 15714 40064
61 219 593 1169 3216 6874 15959 38664
46 155 418 876 2389 8832 17962 37543
27 235 377 1456 3233 8293 16961 36857
45 147 480 747 3021 6559 15857 41250
37 215 348 783 2416 6721 16245 44930
43 110 464 873 3750 6500 19316 40809
61 148 472 1314 3587 6262 17924 44846
38 123 339 1303 3490 6704 15017 44594
40 179 415 903 3234 7492 17144 35640
68 162 480 1301 3105 5992 16796 43991
27 179 450 1127 3028 7282 20466 40466
86 139 425 1337 3596 8334 17352 44338
54 130 448 943 2947 7112 15917 44712
46 177 473 1154 3530 5866 20373 41042
28 158 468 1159 2963 6279 16072 40058
30 227 606 920 3241 7388 16513 42072
37 162 604 1175 2471 6322 17898 40200
53 171 596 1267 2705 6232 17416 36163
40 139 409 1045 3718 6873 18637 35231
61 176 291 1582 2884 7886 18192 36633
53 214 367 996 3118 5927 16435 41913
57 139 447 919 2469 6709 18544 41361
25 169 488 1381 3234 5881 17707 47087
34 189 324 1545 2977 7837 18838 39795
40 157 476 1174 2858 6446 16376 41619
26 108 403 1556 3074 6671 14441 43059
57 177 544 1144 2829 7908 17057 40964
34 170 631 1072 3662 7561 18373 41802
47 211 521 1369 2975 8241 19064 37238
21 148 567 1234 3146 8070 16841 40100
50 147 337 1162 2911 6590 17067 44287
19 150 468 924 2896 7465 15474 41761
25 130 545 1037 2875 7235 16776 37747
72 154 420 1142 2800 8211 17350 42461
55 214 326 935 2792 7839 15873 38374
46 164 422 1043 2300 7096 21401 44259
32 162 377 1299 2907 6691 16938 38099
54 171 308 1153 3216 5476 19606 41909
47 217 292 1117 3217 7039 18904 42736
40 191 454 1103 2963 7453 16849 37473
47 110 364 1086 2438 7440 18696 44785
34 198 395 1023 3121 6606 17940 43597
62 255 545 1160 2579 6892 17658 40697
27 266 325 669 2341 7037 16595 42134
42 111 411 1095 2380 6911 15380 45985
40 137 421 1134 3475 6640 18492 38288
66 138 351 848 3462 8396 18850 38556
35 175 363 1137 3776 7121 15858 43504
36 190 480 1235 2855 5854 17027 41192
53 164 436 1252 3256 8042 17197 40434
47 197 525 1361 2911 8423 21536 36920
45 245 473 1117 3110 7736 17189 40393
9 145 402 1377 2537 6593 17911 40126
84 202 541 1238 2562 7954 19350 38924
62 194 557 1037 2959 7418 17444 36702
65 154 508 1412 3383 7510 15526 41965
49 78 404 1197 3136 8176 16637 40154
44 178 575 1207 3310 5856 17353 45855
31 158 459 909 3167 7166 18970 41477
39 123 616 976 3197 8070 17191 40122
65 214 507 1321 3596 7765 16905 43057
51 156 481 1140 2753 6336 18285 37934
40 153 264 1354 3266 7505 17591 43283
71 183 389 1122 3697 6513 17775 44845
21 156 525 1418 3037 6670 16981 43395
35 164 552 1465 3304 6005 17422 37236
45 116 379 1533 2584 6698 16193 43708
45 176 472 1280 3016 7331 15064 48175
41 193 275 1553 2960 6467 15834 38873
35 162 393 911 3136 6938 17236 41296
95 246 382 1316 2981 6764 17623 44733
47 178 387 1264 3294 7510 16598 43088
38 145 523 1032 2965 7712 16897 38504
67 124 451 1172 2756 6523 16717 42108
57 187 478 1394 3549 8057 19373 41483
50 207 408 1319 3314 7723 14780 44812
41 194 356 1306 2807 7028 18776 39461
49 174 524 1360 2646 8081 15997 38598
62 132 422 1091 3172 6496 16621 43269
35 163 357 1234 2559 6734 17689 44477
44 166 652 1278 3181 7639 18199 39622
63 112 425 1094 3077 7599 19183 41472
53 188 520 1335 3326 8674 20032 41025
42 134 471 1409 3520 7385 17148 40434
70 193 432 1225 3186 7698 20158 41164
69 113 496 1270 3627 7171 16742 36117
60 210 590 972 2528 6787 18455 41237
47 184 521 1464 3969 8446 15081 40807
39 143 417 1267 2653 6633 17952 41424
59 185 331 1371 2773 7043 18122 38205
45 83 346 1126 3216 7027 14548 43892
35 163 404 1088 3373 6979 18953 40234
65 131 581 868 3129 5865 17487 37832
71 210 551 1381 2980 8017 17388 38085
37 121 313 1370 3634 6332 17445 37226
39 161 258 1178 2508 7306 15407 41883
70 135 479 1320 2874 6813 16616 38527
37 160 399 1061 3466 6356 18435 40206
50 140 413 1231 3225 8701 21017 35849
49 167 330 1175 3152 8136 18332 39422
32 98 380 1027 3239 6722 14506 40424
53 124 591 1418 2893 7954 18113 41332
44 226 547 1126 2589 7270 18663 42741
46 229 462 1198 2586 7637 18229 39710
32 131 538 1055 3265 6993 18545 38670
61 218 462 1192 2694 7486 17537 36267
50 245 331 1174 3343 7371 19873 38193
29 149 444 1188 3041 7408 18046 44283
58 196 514 1199 2958 7915 17769 43579
46 199 428 1242 3497 7829 17999 39438
47 218 290 1110 3670 7161 18383 41229
40 116 418 926 2856 7409 19024 43403
40 169 398 1326 3098 6809 16590 42370
63 172 347 1206 2714 7453 19547 39004
52 206 422 1292 2558 8438 18107 42517
59 185 444 1023 3247 7814 19321 42207
41 118 274 1388 2998 7079 14556 39498
51 180 532 903 2933 6797 18009 47391
40 184 395 1386 2792 8307 19290 37326
40 151 376 1261 2800 6462 18222 44312
53 129 388 1062 2920 5864 17123 44129
37 95 290 1733 2979 7018 19375 37472
39 185 399 1184 2889 7706 17499 37443
38 125 319 1065 3064 7119 17579 42671
54 218 484 1259 3396 7134 16228 39404
30 145 524 1108 2913 7246 17660 36366
29 114 370 996 3361 7443 16320 41872
25 85 415 1140 2721 6311 18901 46913
44 105 344 998 2500 7477 16141 39510
59 181 334 1162 3117 7541 20931 42567
62 128 708 1175 2230 6376 16227 44937
64 143 362 850 3273 5655 16945 41539
34 164 614 1075 2949 8646 18513 40652
61 189 429 1013 2854 6680 15975 43987
58 199 524 954 2468 6801 18580 40127
38 166 493 1309 3577 7290 16655 38893
63 180 344 910 2787 7314 18706 40461
70 208 465 1301 3064 7403 17586 41987
38 200 599 994 3357 8212 19170 38494
54 168 342 923 3388 7661 15170 37811
59 178 489 1031 2412 7191 16877 41052
88 149 506 1049 2954 8522 19293 37842
66 139 496 1571 2523 6002 15837 40795
44 186 540 971 3440 7486 16210 39894
60 199 518 1010 2738 6993 16211 40290
22 141 362 1284 2640 7410 18513 35254
41 186 345 1001 2873 8544 19433 42914
41 156 535 1043 2540 6028 17999 40385
45 198 531 889 3440 7946 16718 40420
43 145 500 1003 2963 7586 16326 41943
44 163 486 1190 2931 7229 18024 42036
48 177 468 842 2504 6853 19655 39938
41 108 383 889 2553 7358 14225 43046
38 154 285 1023 2719 7283 18016 35074
36 186 452 1042 3259 7919 16586 39770
44 226 523 1319 3024 5991 15645 48805
45 134 437 1302 2908 7653 15836 42829
82 175 360 1259 2753 7051 16652 44352
30 199 456 829 2536 7887 17904 42929
65 221 514 1065 3346 6912 17412 40095
41 187 457 1527 2619 7571 17344 41601
37 212 556 1184 2920 6902 15607 40882
50 143 615 1114 2633 6114 17199 39274
37 204 384 1190 2884 7229 19698 42922
38 129 342 963 3375 7225 17053 36281
22 160 352 897 2821 6582 16390 37480
28 160 431 1455 3259 6581 20207 44566
51 261 541 1209 3035 6979 16321 36855
28 127 479 1473 2426 7375 14953 42927
53 120 408 1123 3573 6103 16137 41406
40 176 387 1123 2773 7642 16682 39647
39 131 314 956 3063 6228 19287 42740
30 129 268 922 2605 7922 17631 39948
36 113 469 1256 2599 7776 18242 41543
36 91 448 1466 2834 8760 17279 45177
48 137 496 1147 3146 8602 15068 38896
31 232 448 950 2911 8017 15630 37033
50 163 346 987 2942 6935 18445 49094
45 177 471 1105 3003 7509 18807 37424
46 180 329 1237 3170 6542 18370 41162
45 177 434 1068 2609 8674 18706 40926
40 188 414 1253 2869 7477 15814 38142
61 110 453 1220 2409 7368 14765 46518
30 202 359 1160 3083 7219 21000 38527
36 173 474 1371 2898 7476 15098 37951
33 179 378 943 2993 7389 16107 45806
26 158 419 1171 3118 6618 15899 44556
20 190 472 1371 2887 6561 17149 43457
45 198 500 1039 2368 7403 19006 46522
65 221 417 1152 3042 7206 17597 40123
51 180 414 889 3080 6850 16237 38900
43 214 488 1115 2546 6747 17760 42175
39 125 498 1031 2729 7367 16496 45706
38 179 453 1135 2914 6868 17511 42972
48 209 503 1629 2980 7607 17791 39560
41 182 395 913 2772 7917 15851 41384
44 206 401 1174 3658 6700 19282 39761
70 161 506 1340 2755 6973 16039 38397
43 141 450 958 3283 8746 16967 35573
39 158 461 1274 3478 7730 17890 39071
47 124 494 1187 2771 7756 16960 46823
58 90 370 1130 3089 7647 17667 35561
38 244 397 1278 2980 7940 17955 39116
24 118 388 1275 2985 6173 15286 42322
37 178 453 1332 3461 7234 14972 39939
42 166 479 982 2628 7163 15966 42554
52 200 501 1054 2597 7576 15824 39191
52 178 312 1158 3047 6440 14926 38877
28 194 575 1107 2545 7297 15095 39546
66 183 438 896 2164 7359 16941 37724
40 143 356 1349 2727 7074 18964 49410
43 194 494 1358 3555 6591 16726 40889
42 122 479 1150 3282 7867 16029 38455
60 165 445 1138 3080 6775 20404 43061
39 204 347 1107 3103 7583 19053 45946
47 166 438 1099 3331 7101 17743 36240
36 119 540 1244 2934 6362 17176 37788
40 175 495 955 2896 6178 17000 42881
39 160 445 918 2866 7247 19844 36479
51 112 490 1039 2843 7704 14805 44815
30 188 318 1257 2369 6954 17535 38442
50 136 380 1140 3574 7479 17218 40665
39 193 440 1399 2814 8659 16742 40952
35 131 501 1322 2782 7146 17451 40713
31 138 524 1277 2566 8440 16719 43769
28 125 372 907 3112 8073 19678 47052
53 198 459 1193 3632 7514 18875 40306
58 177 491 1225 2604 8581 15385 38640
46 201 477 988 3431 6541 18867 44907
53 181 570 968 3051 6831 18397 38630
49 216 329 1070 2814 7508 17003 36809
70 126 392 906 2399 7800 18007 42756
45 187 441 1128 3412 8014 18163 40220
45 215 528 1276 2736 6884 18027 36637
34 160 464 1441 2261 7674 20185 36824
52 238 387 1254 2613 7340 18012 36757
56 140 426 1217 3446 6676 20021 41878
62 130 497 1361 3167 7648 16435 40210
41 175 330 1130 3497 8041 18005 37903
41 269 451 1204 3109 7529 19975 41085
51 171 456 1083 2782 7302 18647 44225
47 119 460 1352 3369 6688 15913 40760
51 203 389 993 2445 7487 16136 38073
36 197 319 1200 3088 7129 15995 38468
57 110 460 1107 2874 7248 14492 39081
54 179 461 1350 3440 6962 16799 45231
57 213 376 1155 2478 7278 17685 47662
39 211 350 880 2576 7199 18528 41348
33 180 426 941 3090 6729 19278 39283
56 124 515 1161 2730 6319 17356 39214
62 122 559 1271 2714 9137 18394 40938
42 170 419 1145 2820 8355 16571 43628
15 132 461 1313 3291 5731 20640 45306
41 188 316 1185 2870 6473 16427 41196
79 211 302 1197 3080 7750 16327 37558
56 193 335 1197 3126 7763 16779 39098
47 169 348 1391 2309 6807 16807 36119
34 157 427 976 3322 7532 18626 42537
47 167 582 1168 3181 7650 17584 38177
55 179 441 1443 2973 6711 17151 44192
36 232 324 987 2290 8705 16725 38544
40 189 440 1231 2681 7012 16860 38118
61 184 472 1048 2243 7893 18442 42216
68 101 568 1312 2825 6876 17865 40582
41 116 416 1219 2810 7459 18576 40767
45 191 410 1241 2512 7312 17898 39741
51 153 449 1120 3006 7590 16484 39166
51 137 453 1404 3237 6953 17814 38240
82 223 422 1200 3049 5861 16063 37687
74 230 522 1342 2901 7553 16388 44484
43 260 437 1104 3358 6717 16590 46198
49 142 393 1421 2835 7618 15851 39284
57 168 493 1088 2811 8068 17189 38722
40 136 379 930 2945 7085 19354 36242
36 190 379 1163 2352 7939 18646 44085
35 124 329 1143 2683 8075 19372 37246
26 251 465 955 2636 7587 17319 46272
48 218 579 1171 4232 7136 17511 42148
44 174 478 1076 2804 6347 16172 38843
42 178 519 1187 2863 5984 18046 42287
27 137 388 1200 2341 6481 19945 40711
27 206 589 1056 3727 7425 15611 42381
45 188 399 1000 3056 8295 16815 37568
36 118 495 1008 3148 6152 19394 41051
29 190 474 896 2714 7900 16836 44815
27 191 431 1009 2579 7136 16844 41280
59 158 447 943 2679 7457 15836 38754
42 234 455 1143 3038 7590 16289 39509
48 210 411 1192 3273 6657 17506 39172
57 249 430 977 2739 6634 17202 38832
28 215 348 1334 3187 6665 16847 37722
77 197 535 972 3113 6820 17783 41053
64 236 334 1423 2181 6875 17437 43483
46 225 433 1087 3055 5905 16619 41504
43 174 485 1272 2946 7208 18086 36405
40 103 553 1100 2930 6360 16831 37089
49 167 585 906 2429 7047 18219 44190
39 170 414 1201 3467 7678 14387 39544
21 279 561 1193 2932 7542 15439 41491
63 139 425 1137 3915 6462 20283 46200
77 195 337 1493 2952 7338 20590 39200
45 161 463 1029 3113 6939 18315 39261
48 179 455 1279 2414 7055 15969 41597
34 168 513 1477 2773 7312 18833 40422
41 162 609 1036 2851 7195 17899 39913
65 154 411 1076 2174 7098 17933 36113
43 162 396 1151 2436 7543 16053 36171
42 185 453 1244 2532 8501 14774 39328
50 184 585 1103 2886 7360 23411 44569
48 155 508 1115 3147 8030 17343 38383
50 256 479 743 3344 6279 17567 41604
64 155 593 1318 3400 7136 17989 39287
71 182 521 851 3298 6886 16129 34352
21 203 535 1182 2310 7373 16806 36026
64 213 406 999 2440 8832 17983 37288
43 286 433 1187 3082 8820 16015 40687
57 201 492 1153 2548 8531 20087 45568
74 121 471 1037 2972 6937 19927 40231
58 168 423 925 2910 7603 17675 41835
27 190 534 1427 2755 7145 17785 36809
54 142 480 989 3079 6488 18896 44561
14 124 389 1370 3091 6119 16849 41567
49 214 534 1113 2641 7740 19208 40032
27 166 601 1385 3097 7153 15369 37637
57 201 408 1205 2912 8521 19351 37948
44 148 446 1234 2683 6806 19176 35941
55 115 325 1104 3571 6622 16290 45179
39 198 485 1017 3052 7849 19630 40739
40 197 438 1178 2809 8715 14494 41836
51 138 405 1424 3097 7088 20457 41386
44 180 388 934 2886 6375 15436 42969
40 167 470 1157 3420 6735 17422 37813
41 169 361 877 3405 7814 16168 40835
45 124 473 1237 2454 7107 19275 35573
47 205 469 1174 2709 6539 17557 39758
49 215 425 1185 3480 6837 17195 40736
56 151 510 1139 2987 8531 17966 40478
51 160 533 1052 2886 6985 17903 45337
36 110 469 1419 3365 6451 18048 42818
39 177 504 1534 2925 7023 15597 39753
43 130 491 1192 2925 7412 17860 41823
14 135 354 870 2865 6553 18490 42555
34 146 380 1028 2306 7177 16394 49505
38 128 521 1405 2982 6257 14119 38690
71 198 460 938 2639 6520 17321 41540
37 108 363 1263 3190 7885 15358 43713
31 177 447 1273 3309 6115 17859 38345
40 219 479 1352 2792 8069 18284 39045
35 208 350 1093 2004 6643 18050 38702
34 194 454 1090 3861 7412 16367 40606
47 225 468 1268 3825 8275 20443 42166
57 142 384 1581 2436 7199 15644 42639
56 99 497 1058 3217 6184 18306 43124
70 201 460 1437 2424 7987 16603 40293
27 149 251 1043 2721 7512 17414 40672
43 261 495 1159 3510 8289 17096 42667
69 136 418 1110 2871 7484 17117 46524
51 207 408 1197 2888 6516 17236 39248
49 147 317 1353 3129 6693 16623 39335
40 163 403 998 3518 6611 16030 39844
51 161 642 1115 2770 7027 16710 40008
51 201 453 1332 2269 7735 16068 37647
16 138 537 984 2839 7576 16809 44655
26 160 431 1150 2527 6731 16355 41241
38 216 505 1108 2661 6937 15227 41176
69 154 437 956 2415 7894 18009 36122
31 163 389 1310 2286 6770 14528 41934
25 128 426 1047 2779 7422 17932 40405
47 291 475 1191 3275 7873 16830 36801
34 99 433 1175 2922 6775 19431 45922
36 142 421 1425 2861 6715 17690 41837
41 219 466 1155 2892 7584 17175 42126
42 170 438 1224 3006 7891 19715 41510
38 225 266 1192 2796 7080 17259 44695
51 132 506 1122 3024 7450 17464 39150
46 177 450 1161 2788 8113 15337 39609
59 204 529 1044 3156 7002 17702 44884
47 156 489 1496 2841 7698 19972 37561
19 131 266 1047 3280 8098 15708 42192
57 186 436 1377 3251 8444 16647 37934
32 184 550 1072 3131 6865 19415 40836
55 189 392 994 3072 5919 19690 45227
46 179 479 1036 2681 6745 16279 41285
51 215 350 1247 3262 8273 14784 43291
67 178 470 1136 2930 7552 18928 40062
47 224 477 1374 2996 6730 18124 39706
78 145 492 882 2339 7193 18895 41547
33 203 451 1159 3075 6458 16221 41256
63 181 562 1013 2826 7678 15776 43737
48 174 494 1371 2721 7216 17391 42301
37 173 617 1093 3248 6975 15582 43217
25 188 451 1103 2884 6569 17721 39888
58 129 450 1152 2681 8198 17610 42193
50 127 317 947 2718 7545 14916 44975
41 213 472 929 3572 7718 18087 43239
35 139 440 1415 3157 6878 17801 35467
41 114 598 1063 2667 8554 17111 43777
40 157 542 1252 2549 7796 16168 43832
23 154 505 983 3441 7678 17353 36235
78 177 474 1392 3354 7326 18305 47604
33 229 547 854 3103 7287 19100 38693
32 148 520 1268 3095 7431 15542 44514
54 139 414 1056 2922 7079 16308 37518
47 196 448 951 3011 8172 19547 46226
47 194 395 1187 2635 7641 16423 43219
36 180 376 1307 3006 6853 16244 42715
77 160 513 1270 3026 7721 17643 39923
44 194 497 1021 3335 7366 17302 42840
60 158 410 793 2538 8598 14951 40389
34 122 519 1014 2746 7040 15644 41755
44 219 342 1131 4067 7036 15297 38188
30 161 464 899 3089 6408 19011 38429
41 144 477 1070 2823 6457 16698 38782
40 268 563 1033 2769 8355 14208 38487
65 135 442 1257 3429 7152 18701 43639
61 176 544 931 3023 6946 16644 40348
26 177 432 1107 3538 5226 16297 40465
61 146 379 1160 3055 5742 18123 46100
36 106 479 1287 2661 7135 18636 38258
45 97 378 1085 3033 8410 15540 45153
60 218 495 1110 2633 6398 18340 44415
30 195 340 1415 3365 6748 17673 38445
44 148 427 896 2874 7847 16217 38357
39 210 409 962 2338 7360 17042 38457
49 187 516 1304 2992 7798 18459 40495
41 117 325 1316 3566 9277 15926 42766
62 199 452 892 2560 7083 17986 36768
68 189 584 1110 3378 6658 16815 40074
35 112 443 1299 3263 7227 17316 39397
45 189 501 1038 2926 6511 19797 46063
30 212 323 981 2990 7473 17359 43048
54 184 479 1392 2914 7338 21172 39204
66 165 422 1093 2667 7435 17231 45003
63 139 476 1006 3663 7215 18902 35888
35 256 433 1306 3013 6721 15846 47185
46 268 420 1331 2587 7498 18775 44844
47 147 385 1209 3182 6351 17056 37108
43 162 430 1151 2922 6266 16540 43175
33 200 407 1084 2845 8134 17573 43427
55 210 468 1523 2699 6422 16688 39574
66 161 486 1286 3235 7829 18624 43334
35 190 513 1030 2781 7645 16975 36965
55 284 397 704 2526 6728 19352 38943
36 181 628 967 2797 7099 18293 49006
31 114 350 996 3441 8200 17858 37340
44 229 535 918 3556 8033 17273 40260
39 262 717 1292 3400 6978 16660 40215
29 154 344 1066 3034 6174 15391 39586
45 164 309 971 2578 8332 17560 40490
73 143 407 1319 3497 6586 17936 40032
29 110 462 1279 2817 6851 17326 38807
53 89 442 1052 3034 7513 15414 43022
54 145 388 1180 3089 7054 19240 49882
34 130 495 1030 2926 6890 16622 45640
37 149 453 1012 2959 6945 19100 37739
25 245 475 1389 2558 7765 18890 46332
54 186 394 1387 3014 7020 15009 39260
76 223 485 1365 2949 9152 16843 46013
74 156 453 1074 2599 6983 17715 43210
30 184 331 1341 3468 7597 19083 37666
39 149 544 1268 2538 6052 14662 37941
30 164 426 1239 3284 7616 17246 37888
53 182 320 1265 2473 7538 18969 39102
42 151 401 1173 2719 7364 18709 39453
43 140 422 1182 2899 7186 18643 39573
58 206 644 1400 3400 7189 19169 37966
15 134 499 1306 3449 7996 18793 41732
60 107 463 877 3001 7428 18351 37649
28 148 446 990 2975 8281 17235 42434
36 144 430 982 2709 5891 16630 37495
37 102 488 1042 2339 6202 15692 40359
33 215 376 1004 2766 8369 19499 40116
51 201 528 1191 2651 6572 17343 39811
44 153 403 1042 2925 8329 14689 37837
45 158 414 1233 2794 6823 16604 42254
35 141 332 1069 3096 6660 17386 43741
25 206 471 1334 2969 8200 18526 39574
31 128 492 1054 2452 8701 18175 39550
36 180 421 1413 3074 9399 15376 40729
38 147 399 1001 2716 7605 15411 44031
40 167 521 1038 2748 7737 15329 38360
54 182 439 1258 2687 7448 20356 44787
30 192 541 975 2433 7113 16828 37748
40 232 609 870 2781 7511 16950 42951
41 231 431 1225 3325 7510 19732 42860
38 158 353 1365 2662 7541 18176 40202
31 201 572 1388 2654 7878 16432 38094
38 191 551 815 2886 7382 17692 39177
69 209 718 1035 2297 7815 18530 43118
39 165 429 1141 2602 7070 19270 36567
26 193 454 1078 2459 9191 20098 42128
67 199 562 1246 2773 7053 16684 40546
48 92 323 945 3196 8888 18027 42515
58 205 421 1018 3360 7409 14927 40352
58 195 412 985 3571 6163 18767 41616
36 156 477 1522 2371 6165 17364 38492
50 189 408 1107 3372 7289 20767 44057
49 189 472 1282 2989 6682 17840 45501
55 143 342 1321 2836 6478 17901 39886
33 179 494 964 3362 7605 16216 42459
14 149 451 1219 2727 6611 19062 42731
52 130 449 1480 2598 7962 16622 39300
53 123 543 1238 2374 7374 19323 37970
51 148 409 1124 3227 7051 16906 42770
55 106 666 1143 2291 8589 17444 41870
73 131 434 1095 2989 7707 16376 42801
43 227 485 929 2875 7469 16417 42502
45 201 396 1104 3534 6833 15765 41610
41 207 446 1477 2676 7117 19664 42426
38 201 383 1396 3034 7923 17930 43321
32 100 432 1302 2784 9454 19832 39352
28 156 525 1068 2824 7321 17854 37115
48 261 372 1005 2301 6921 19176 40792
59 147 441 1003 2346 6442 15358 36392
59 195 435 984 3055 6528 18499 36732
34 167 348 1217 2156 6814 16904 41106
41 169 377 1103 2626 6824 18315 41952
31 211 458 1411 2437 7437 16916 43971
58 181 400 1262 2828 6834 17944 37662
29 160 468 1002 2595 7521 18087 38093
75 143 316 997 2475 6255 17336 38047
24 112 292 1423 3232 6845 17117 40352
42 115 410 1439 2840 7155 15892 41979
38 108 614 1201 3034 6945 16873 40644
59 206 426 1256 2659 6382 20006 41012
33 174 541 877 3001 8220 18899 37228
36 197 537 1090 3274 6551 14994 38989
58 170 490 1033 3273 5856 18082 39021
61 148 317 1084 3579 6757 19344 36633
24 202 372 1176 2883 6659 19899 37231
57 187 477 1173 3131 6687 19212 42749
41 213 355 954 3626 5994 16826 40133
53 133 576 1117 3030 7711 19699 39845
53 203 452 1155 2812 8196 16442 36760
77 170 498 1214 2800 7369 18583 46975
56 156 484 1134 2892 7004 16159 41156
32 172 296 898 3118 7461 18964 46065
56 175 497 1099 3129 6424 15153 39951
36 237 419 884 3131 7325 16882 39090
70 213 572 1188 2947 6429 17966 39609
25 189 497 824 2933 7773 16004 39777
37 202 514 1058 2374 7541 18246 43398
51 166 483 1090 2540 7910 21368 42894
46 123 457 1154 3184 7707 16691 46348
45 194 435 897 2513 6746 17107 45400
68 192 500 1109 3411 7010 22064 47302
34 221 456 1048 3455 7387 16523 40741
57 169 352 1019 3412 7985 17197 37871
28 130 415 761 2920 6893 18291 45372
49 173 405 1001 2665 6743 16782 38159
36 186 360 944 2852 6981 17757 37316
57 117 463 909 2472 8377 15965 41434
33 175 404 1447 3074 7407 17640 40875
62 167 418 1162 2556 6963 21666 42916
40 153 309 1328 4025 7618 20120 47699
33 194 503 1345 2843 7333 18281 38997
60 193 490 1411 3498 7482 15838 41587
32 158 341 1408 2739 6434 17313 39877
27 247 663 1016 2852 7328 18338 37539
23 155 399 997 3639 6825 15988 43217
53 238 496 953 3034 7791 17324 40026
48 184 440 1016 2981 8309 16366 45123
43 124 431 1164 3230 7697 16968 43383
49 209 353 1609 2481 7885 18754 40244
35 129 423 1106 3222 5956 17140 40035
51 170 427 1349 2977 6536 14903 40896
24 166 389 1189 3033 7276 16725 37582
38 124 468 1162 3044 7014 16492 39538
27 160 603 901 2708 8449 18815 40639
73 184 415 1122 3227 7911 18764 40286
75 159 414 1067 2634 6911 21145 38899
38 195 400 1332 2813 6483 18632 40998
29 125 435 1147 2516 7844 18880 36563
41 201 347 1074 3418 7242 16559 37766
31 153 354 1272 2232 7960 20399 48248
40 149 283 1105 3350 8039 17545 38701
37 207 322 1158 2572 7528 19527 41158
52 206 475 1143 2373 7053 20822 41986
11 136 488 1071 3266 6737 18117 44867
62 135 413 1051 2480 8203 18976 39938
93 111 483 1066 3283 6780 16806 43609
32 175 494 1066 2324 7367 17752 40604
65 274 447 1224 2645 6633 16564 43362
43 169 493 1319 3045 7539 15766 41301
52 145 501 1002 2789 7616 17798 37308
22 191 554 1392 2873 6820 17285 39211
45 146 377 1300 3767 8454 17939 36931
68 104 406 1070 2755 7044 15434 39221
44 109 594 1186 2576 8387 19562 39718
55 173 534 1114 3064 7482 15826 37828
62 222 413 1268 2929 7183 16756 35105
51 135 433 1703 2769 6391 17498 42315
40 195 383 1065 3109 6584 18087 44922
36 202 381 1034 2709 8023 16709 42540
54 163 467 1080 3242 6092 20147 45241
45 168 466 1121 2623 6841 19412 44992
49 149 389 1413 2845 7665 18134 41964
57 125 306 955 2982 6886 17439 38203
46 218 448 1009 2972 7095 18154 46580
60 145 416 1143 2834 6621 16754 43704
26 157 560 1085 3257 6086 17020 45391
35 93 525 1071 3142 6911 18098 39643
41 116 487 1298 3317 6526 14570 41140
27 134 552 980 2799 7020 14906 35289
45 161 518 1466 3488 6728 18505 42569
46 180 486 887 2866 7294 17568 42052
47 132 483 1414 3259 5865 16868 39683
57 182 409 1010 3702 7314 15245 41922
51 240 365 1555 3198 6196 18193 43336
38 149 417 1078 2493 7385 17821 38613
79 155 427 1240 2936 8723 17095 38157
43 212 368 1129 2751 5763 16298 38946
41 208 483 1239 2533 7225 14069 35665
51 169 527 1005 2979 6985 15080 41167
57 173 421 1084 3086 7536 19568 46175
44 194 669 1118 3456 7963 15224 46625
48 261 376 1087 2960 7447 16385 37274
37 135 365 1137 3103 8172 15755 35480
28 182 432 828 2572 7690 15732 36618
50 170 396 987 2639 7041 17829 40209
50 226 430 1141 3138 6342 16028 41468
67 281 601 1169 3484 7673 18254 37257
52 156 404 805 2522 5679 15458 42405
38 158 503 1307 2799 6857 18702 42878
59 176 432 1142 3259 6903 17420 39066
46 163 359 1274 3187 6485 18860 46441
48 186 439 876 2809 7638 16893 41478
31 190 372 1176 2628 6952 18571 44829
44 118 498 1352 2843 7323 17782 39912
45 105 411 1093 2714 6548 19395 43024
32 190 492 920 2993 7011 18924 41235
42 199 393 1117 2579 7152 17664 39305
47 165 353 1194 2891 7866 19526 42298
42 180 620 1082 2607 6280 15017 41966
62 151 459 1062 3140 7596 19120 41439
48 243 423 1060 3011 7459 16774 42100
47 158 338 1370 2835 7184 17201 41272
35 143 427 1210 2761 6596 18889 39493
47 153 645 1160 3074 6167 17106 41748
60 97 440 1488 2402 6984 17039 39472
35 175 608 1085 3073 7085 17820 40572
50 152 428 987 2842 7276 17880 40336
57 157 290 1080 2325 6548 17032 44643
47 76 425 1124 3164 6811 15192 47588
22 125 482 1189 2952 7481 18752 37780
79 145 470 1437 2821 7010 17690 40273
41 115 598 1134 2527 8426 16565 36470
37 150 591 1366 3206 7926 16261 39862
26 110 381 1219 2791 7369 17598 38123
52 183 480 1285 2937 7088 15979 45704
57 150 399 1137 3334 7784 16385 43674
55 141 328 1010 3043 6664 16474 41928
29 119 399 1078 3390 7138 17421 42475
43 185 469 1176 2743 6848 20118 38821
61 107 564 1044 3116 7357 17670 40498
46 174 529 1572 2605 8083 17487 36520
64 150 545 764 3588 7981 18409 39833
45 208 510 1428 3182 6487 20111 46304
19 158 421 1002 3624 7753 14568 43631
63 109 451 1017 2982 8094 17637 39386
94 200 414 933 2916 6578 16266 41866
36 137 404 1394 2178 7475 16010 39414
52 189 335 1137 2851 7686 15437 40235
53 217 367 1033 3138 6174 18014 39142
57 130 402 1338 2335 6729 15591 42975
32 104 529 1012 2851 8198 17983 44725
48 225 499 1215 3702 6722 16208 39776
53 161 493 1146 2384 7612 17274 42535
40 109 607 985 2930 8103 14877 40497
59 170 556 1081 3125 6986 19704 41638
59 189 465 900 3137 6787 16496 37079
47 154 323 1270 3599 7019 17764 40713
27 257 370 1323 3000 7055 17612 40837
35 156 534 1433 2883 6036 16920 37897
23 114 481 1049 3065 6005 17953 44385
41 185 504 942 3564 7373 18013 43012
35 157 434 951 2534 9070 16696 44051
47 144 620 1134 2529 8013 19835 39307
36 151 496 1033 3130 7298 19289 43658
53 199 417 1161 3889 7806 16027 39075
46 164 474 1176 2593 7140 18055 40882
46 212 420 1232 2917 7642 15076 38187
58 187 489 1101 3124 8148 19701 44964
71 198 336 1093 3214 6677 18686 44098
57 93 532 1323 2689 7147 19024 41684
45 126 449 1137 3099 7839 16858 41854
50 194 556 1106 2904 7188 18601 41323
52 148 399 1171 3057 7314 21454 38127
51 187 314 1388 2726 7987 17148 37579
51 170 343 1883 2952 8418 17113 38153
47 134 419 1093 3366 7541 16034 37181
41 196 457 993 2431 7121 16274 43243
39 186 655 1188 2759 7926 19880 40423
68 166 481 1195 2799 7535 19209 37847
30 124 439 1270 2367 6890 17886 37918
94 213 414 1174 2921 7397 20210 39007
47 256 494 974 2531 7105 16373 42286
45 159 352 1194 3578 6952 18665 37035
38 113 520 955 2638 7789 17106 38108
37 211 507 1487 3100 8183 18889 45308
50 178 509 1076 2925 7104 15162 34931
55 119 430 899 2912 7346 16800 41350
55 134 403 970 2958 8804 16807 41977
57 198 513 1148 2395 7577 17901 38675
42 157 424 1060 3144 6502 15708 40104
78 193 506 1367 2854 7577 18315 39108
51 247 466 1296 2801 7848 16177 39840
40 168 462 1087 3572 6556 16902 43359
34 156 536 1501 2996 6836 17184 48679
43 149 443 1179 2590 8674 19803 37664
33 106 545 1260 3144 7789 18538 42262
50 125 480 1043 3032 6371 19471 43341
60 201 538 1385 2727 6963 16077 37515
58 145 463 1345 2799 7455 17825 41759
48 145 484 856 2414 6272 17999 37691
27 110 405 1037 2777 6524 17714 41679
43 124 359 1229 2639 6810 19732 41257
45 187 607 1391 2867 6345 17094 41898
41 140 556 1048 2897 7006 17082 43647
26 248 310 1257 3307 6261 19617 39330
53 160 348 1362 2681 6776 15267 37092
44 114 431 1035 3020 6385 17765 44945
48 154 484 1084 3157 6369 14946 43228
51 151 604 1058 2393 6911 16666 40413
31 156 452 1087 2871 6319 16213 42362
36 224 365 1262 3303 6690 18107 40206
34 172 520 1423 2791 6127 18962 34582
40 101 368 971 2465 8325 18458 43798
29 189 513 928 2956 7477 22322 41338
49 172 439 882 2522 7437 16399 33468
18 120 321 1194 3104 7746 15529 45111
45 168 503 1242 2862 6102 18275 37841
46 146 427 1277 2895 6294 18146 35183
60 183 445 1336 3245 7532 15787 42236
23 203 498 769 3030 6941 15538 37240
63 132 386 980 2626 6717 17555 44209
38 154 450 1144 2718 7489 18286 42187
53 144 371 1079 3311 7060 18650 41370
25 123 331 1046 3500 7504 19004 42338
30 109 379 1036 3403 6364 18922 44551
51 154 437 1300 2479 6677 16526 39091
36 142 328 1361 3393 7988 15880 43299
50 122 336 1853 2721 6831 17588 42811
42 131 446 1324 3069 6949 14511 43125
26 163 432 1265 2873 6767 17611 42809
52 82 645 971 3585 7088 17763 39256
56 102 427 1242 2743 7736 16320 46140
60 114 361 1465 3144 7053 18330 40368
64 189 573 1045 2975 7768 17473 39311
82 169 414 833 2753 6656 17786 41677
53 160 428 1203 2366 6764 15159 44958
38 273 449 1125 3045 7984 16507 42925
49 111 341 1122 2561 7156 17894 40890
63 159 369 1459 2221 7227 16528 39164
55 185 301 1187 2863 8157 17880 41271
30 201 474 981 2707 6913 15875 43121
39 164 573 900 2929 6746 17638 41709
61 117 521 1363 2692 8207 17348 37807
29 140 425 1112 3032 8926 17848 40277
36 156 537 980 3117 7456 21199 44223
21 202 445 1296 2679 6442 16880 42552
51 170 502 1012 2793 6581 15763 40255
33 182 467 1064 2864 7860 16230 43202
51 221 317 1028 2872 7208 16460 40730
38 238 463 870 2466 7627 16425 39066
36 186 434 1338 2835 7685 14954 41965
75 186 560 1088 2561 8055 19701 36665
