nday dem circ circq pack
1 2.292 2.208 0.084 0.000
1 2.615 2.373 0.242 0.000
1 5.762 5.064 0.698 0.000
2 5.934 4.933 1.001 0.000
4 6.790 5.644 1.138 0.008
1 8.436 7.227 1.210 0.000
1 11.738 10.429 1.309 0.000
2 10.167 8.586 1.571 0.009
1 12.036 10.301 1.735 0.000
1 12.909 10.974 1.936 0.000
2 13.424 11.171 2.253 0.000
5 13.108 10.923 2.184 0.000
6 13.841 11.332 2.493 0.016
5 15.440 12.687 2.753 0.000
6 18.466 15.102 3.364 0.000
4 19.719 16.283 3.435 0.000
4 21.157 17.420 3.723 0.014
5 23.597 19.595 4.002 0.000
3 27.342 22.739 4.603 0.000
3 28.207 23.584 4.623 0.000
2 28.829 24.312 4.517 0.000
2 26.705 22.200 4.505 0.000
2 25.867 21.612 4.255 0.000
1 24.081 20.230 3.851 0.000
1 24.216 20.656 3.560 0.000
5 22.254 18.125 4.129 0.000
5 22.405 18.613 3.792 0.000
3 21.634 18.041 3.594 0.000
3 22.273 18.421 3.853 0.000
2 25.846 22.092 3.754 0.000
4 24.637 20.366 4.271 0.000
5 23.548 19.333 4.215 0.000
6 23.372 19.202 4.170 0.000
4 24.447 20.243 4.188 0.017
7 26.929 21.966 4.946 0.017
7 26.035 21.184 4.848 0.003
6 27.244 22.195 5.049 0.000
4 24.761 20.475 4.252 0.034
6 24.251 19.976 4.263 0.012
7 25.448 20.777 4.671 0.000
5 23.853 19.449 4.404 0.000
6 22.496 18.248 4.248 0.000
4 22.748 18.744 4.004 0.000
6 23.976 19.544 4.419 0.013
4 25.639 21.136 4.494 0.009
7 24.485 19.911 4.574 0.000
7 24.720 19.886 4.807 0.028
4 24.232 19.873 4.359 0.000
5 25.352 21.007 4.322 0.022
10 26.854 21.306 5.541 0.007
10 28.479 22.670 5.809 0.000
9 29.481 23.415 6.066 0.000
4 29.469 24.485 4.984 0.000
8 30.633 24.665 5.968 0.000
6 31.655 25.983 5.672 0.000
7 30.824 25.087 5.737 0.000
7 31.687 25.848 5.839 0.000
6 32.002 26.062 5.940 0.000
6 32.769 26.669 6.100 0.000
6 31.001 25.187 5.812 0.002
9 30.414 24.097 6.317 0.000
7 30.244 24.322 5.922 0.000
6 30.983 25.326 5.657 0.000
6 31.293 25.794 5.471 0.028
7 31.703 26.030 5.673 0.000
4 31.935 26.201 5.692 0.042
7 32.679 26.564 6.113 0.002
8 31.185 24.939 6.246 0.000
5 30.985 25.403 5.582 0.000
4 29.672 24.333 5.319 0.020
5 29.883 24.482 5.372 0.029
9 30.279 24.195 6.065 0.019
4 27.946 23.008 4.938 0.000
5 26.625 22.173 4.452 0.001
6 26.147 21.332 4.815 0.000
9 26.794 21.541 5.253 0.000
4 27.546 22.740 4.806 0.000
7 25.308 20.467 4.832 0.010
4 25.605 21.067 4.538 0.000
7 24.488 19.885 4.603 0.000
4 23.721 19.809 3.877 0.035
8 23.103 18.478 4.625 0.000
4 23.102 18.948 4.138 0.016
8 22.996 18.343 4.653 0.000
7 24.592 20.067 4.526 0.000
8 25.270 20.181 5.089 0.000
11 25.000 19.792 5.208 0.000
10 25.656 20.363 5.274 0.018
9 26.851 21.398 5.420 0.033
8 26.346 21.038 5.307 0.000
4 30.106 25.172 4.935 0.000
11 30.268 24.028 6.240 0.000
8 29.678 24.587 5.059 0.032
9 28.225 22.420 5.805 0.001
13 28.403 21.925 6.478 0.000
9 28.199 22.416 5.776 0.008
7 27.106 21.844 5.262 0.000
11 26.344 20.888 5.456 0.000
7 26.452 21.485 4.948 0.020
7 27.742 22.443 5.299 0.000
8 29.717 24.154 5.563 0.000
9 28.767 23.247 5.519 0.001
8 28.798 23.065 5.703 0.030
9 29.366 23.549 5.790 0.027
10 28.757 22.639 6.118 0.000
9 28.970 23.004 5.965 0.001
7 30.065 24.270 5.795 0.000
9 29.643 23.839 5.804 0.000
6 31.923 26.076 5.847 0.000
9 31.288 25.317 5.963 0.008
6 33.783 27.654 6.127 0.002
6 36.126 29.429 6.697 0.000
6 35.092 28.901 6.191 0.000
7 32.958 26.613 6.346 0.000
5 33.038 27.307 5.712 0.019
8 34.779 28.083 6.696 0.000
8 36.093 29.221 6.872 0.000
8 35.798 28.911 6.887 0.000
8 34.744 27.823 6.921 0.001
9 36.174 29.179 6.995 0.000
4 36.123 29.802 6.281 0.040
9 37.227 29.652 7.575 0.000
9 36.457 29.009 7.448 0.000
10 37.328 29.654 7.658 0.016
11 37.821 29.622 8.200 0.000
7 36.407 29.606 6.802 0.000
8 37.260 29.964 7.284 0.012
10 37.516 29.777 7.739 0.000
9 36.478 29.203 7.275 0.000
8 36.348 29.342 7.007 0.000
10 34.894 27.885 7.010 0.000
9 32.942 26.446 6.496 0.000
6 32.513 26.690 5.823 0.000
11 29.244 23.419 5.825 0.000
7 27.577 22.399 5.164 0.014
9 27.556 22.205 5.351 0.000
8 27.685 22.454 5.231 0.000
10 30.118 23.843 6.275 0.000
10 32.298 26.023 6.274 0.000
8 31.424 25.354 6.070 0.000
9 32.055 25.713 6.343 0.000
9 32.750 26.054 6.696 0.000
9 32.631 25.850 6.781 0.000
7 33.535 27.161 6.374 0.000
5 33.550 27.579 5.971 0.000
8 36.224 29.446 6.745 0.034
11 37.277 29.528 7.749 0.000
11 38.011 29.784 8.212 0.016
11 38.020 30.203 7.817 0.000
9 37.195 29.787 7.384 0.024
7 34.617 28.087 6.530 0.000
11 34.675 27.404 7.271 0.000
9 36.226 28.937 7.290 0.000
9 36.952 29.472 7.480 0.000
11 37.017 29.263 7.754 0.000
12 36.812 28.966 7.846 0.000
10 36.696 29.092 7.470 0.134
8 36.382 29.451 6.926 0.005
14 36.547 28.451 8.095 0.001
12 37.595 29.931 7.663 0.000
11 36.812 29.048 7.764 0.000
11 36.546 29.377 7.168 0.000
9 35.899 28.689 7.210 0.000
11 37.003 29.738 7.266 0.000
12 36.109 28.498 7.611 0.000
12 36.093 28.379 7.714 0.000
10 34.907 27.682 7.222 0.002
10 33.618 26.723 6.862 0.033
12 33.134 26.036 7.099 0.000
13 33.983 26.519 7.464 0.000
11 34.679 27.449 7.230 0.000
12 33.580 26.107 7.473 0.000
10 34.145 26.920 7.224 0.000
9 33.290 26.732 6.534 0.024
13 32.572 25.202 7.370 0.000
13 32.973 25.521 7.452 0.000
10 32.898 26.270 6.598 0.030
12 33.844 26.786 7.043 0.014
12 33.810 26.601 7.190 0.019
12 34.611 27.292 7.318 0.000
13 35.178 27.621 7.557 0.000
12 35.752 28.443 7.283 0.027
12 36.026 28.514 7.488 0.024
12 34.675 28.113 6.559 0.003
12 33.297 26.380 6.917 0.000
12 33.208 26.264 6.944 0.000
9 34.020 27.457 6.557 0.007
11 34.875 28.303 6.572 0.000
14 35.504 28.078 7.408 0.018
13 35.594 28.731 6.863 0.000
13 37.335 29.192 8.143 0.000
15 34.896 27.255 7.641 0.000
14 36.053 27.900 8.134 0.019
12 37.250 30.079 7.165 0.006
12 40.476 32.294 8.182 0.000
14 42.483 33.268 9.215 0.000
11 40.030 32.304 7.707 0.019
8 40.381 33.214 7.162 0.005
13 40.640 32.233 8.407 0.000
13 42.219 33.257 8.962 0.000
10 37.556 30.212 7.319 0.025
12 36.828 29.098 7.730 0.000
13 35.913 28.204 7.708 0.001
13 34.043 26.677 7.357 0.009
13 32.760 25.662 7.088 0.010
11 31.427 25.117 6.310 0.000
11 31.732 25.814 5.904 0.013
13 32.330 25.543 6.787 0.000
12 34.118 27.247 6.872 0.000
13 34.023 27.079 6.928 0.016
13 34.462 27.263 7.199 0.000
15 33.644 26.184 7.442 0.018
14 33.994 26.343 7.651 0.000
12 34.405 27.432 6.973 0.000
13 34.539 27.691 6.846 0.002
12 33.992 26.964 7.019 0.009
12 34.087 27.248 6.839 0.000
14 32.634 25.515 7.118 0.000
11 31.599 25.681 5.918 0.000
13 31.226 25.010 6.199 0.017
11 31.027 25.516 5.502 0.009
12 29.814 24.005 5.809 0.000
10 29.386 24.114 5.272 0.000
10 30.972 25.125 5.832 0.015
10 30.333 24.912 5.422 0.000
9 33.226 27.231 5.983 0.012
10 33.055 27.226 5.830 0.000
11 33.637 27.111 6.520 0.006
12 33.117 26.649 6.411 0.058
11 31.877 25.971 5.888 0.017
13 31.705 25.202 6.503 0.000
13 34.582 27.539 7.022 0.021
13 33.607 26.791 6.798 0.017
11 31.373 25.731 5.642 0.000
11 32.121 26.111 5.939 0.071
12 30.311 24.941 5.369 0.002
11 29.956 24.030 5.925 0.001
10 28.799 23.435 5.363 0.001
10 28.379 23.163 5.216 0.000
11 28.085 22.802 5.283 0.000
10 28.096 22.737 5.349 0.010
13 27.447 21.965 5.482 0.000
10 29.990 24.530 5.461 0.000
11 30.330 24.129 6.177 0.024
13 31.485 25.423 6.047 0.016
9 31.986 25.677 6.308 0.000
12 31.374 24.955 6.419 0.000
11 29.647 23.709 5.939 0.000
13 29.060 23.029 6.008 0.023
11 28.367 22.681 5.591 0.095
12 28.036 22.237 5.798 0.001
11 27.669 22.283 5.370 0.016
13 28.898 22.814 6.084 0.000
13 29.466 23.832 5.635 0.000
11 29.631 24.073 5.540 0.018
12 29.210 23.584 5.621 0.005
12 28.166 22.729 5.417 0.020
12 26.473 21.349 5.123 0.000
10 28.156 22.629 5.527 0.000
12 26.805 21.448 5.358 0.000
12 26.873 21.310 5.562 0.000
8 26.109 21.196 4.904 0.008
12 26.185 20.566 5.619 0.000
11 26.995 21.539 5.457 0.000
12 28.145 22.296 5.848 0.000
13 28.626 22.289 6.324 0.013
16 29.144 22.512 6.631 0.000
13 29.225 23.082 6.129 0.014
15 28.900 22.209 6.645 0.046
11 29.094 23.442 5.625 0.028
12 30.674 24.655 5.952 0.067
11 30.081 24.341 5.730 0.010
10 27.938 22.973 4.944 0.021
10 27.861 22.737 5.124 0.000
10 28.771 23.497 5.274 0.000
13 29.333 23.287 6.046 0.000
10 29.589 23.828 5.761 0.000
10 30.183 24.441 5.742 0.000
10 31.045 25.217 5.811 0.017
9 32.925 27.092 5.825 0.009
9 30.904 25.524 5.359 0.021
9 31.389 25.913 5.460 0.016
9 30.878 25.327 5.547 0.003
8 29.442 24.198 5.244 0.000
8 29.108 23.888 5.220 0.000
8 28.337 23.309 5.003 0.025
10 29.160 23.545 5.615 0.000
13 29.390 23.404 5.974 0.013
11 28.751 23.259 5.492 0.000
9 29.881 24.419 5.462 0.000
10 30.131 24.630 5.496 0.005
13 30.368 24.137 6.222 0.010
13 30.346 24.273 6.072 0.000
10 32.311 26.264 6.016 0.031
10 32.011 26.075 5.931 0.005
11 30.786 24.582 6.204 0.000
10 30.578 24.974 5.604 0.000
9 27.900 23.123 4.776 0.001
11 28.300 22.810 5.481 0.009
10 29.374 24.049 5.289 0.036
9 31.698 26.091 5.607 0.000
11 30.787 24.910 5.878 0.000
10 29.833 24.140 5.691 0.001
10 31.134 24.848 6.276 0.010
9 31.441 25.438 5.994 0.010
9 31.936 25.585 6.351 0.000
10 32.464 26.106 6.348 0.010
9 32.841 26.604 6.231 0.006
12 34.269 27.572 6.697 0.000
9 32.374 26.450 5.906 0.018
8 31.761 25.851 5.905 0.004
10 32.918 26.835 6.083 0.000
9 30.439 24.974 5.465 0.000
7 31.603 25.994 5.609 0.000
11 31.312 25.463 5.849 0.000
7 32.080 26.596 5.483 0.000
7 32.359 26.888 5.466 0.005
10 34.003 27.384 6.618 0.000
7 34.976 28.773 6.190 0.013
9 34.210 27.531 6.671 0.008
11 33.112 26.846 6.261 0.005
11 32.239 25.561 6.678 0.000
10 32.484 26.040 6.444 0.000
11 33.778 26.786 6.966 0.026
10 34.063 27.380 6.683 0.000
7 30.110 24.804 5.307 0.000
8 30.511 24.697 5.795 0.019
11 30.665 24.226 6.437 0.002
8 32.649 26.355 6.282 0.012
11 32.305 25.878 6.399 0.028
9 33.786 27.500 6.226 0.060
12 35.547 28.156 7.391 0.000
11 36.802 28.971 7.831 0.000
