nze be neph bph nzph50 nzph90 bph50 bph90
3 2 1 1 0 0 0 0
5 4 1 1 0 0 0 0
6 6 1 1 0 0 0 0
5 5 2 2 0 0 0 0
11 8 3 2 0 1 0 1
7 7 1 1 0 1 0 1
10 10 1 1 0 1 0 1
9 8 2 2 0 1 0 1
10 10 1 1 0 1 0 1
11 10 1 1 0 1 0 1
11 11 2 2 0 1 0 1
16 15 5 4 0 1 0 1
18 15 5 4 0 1 0 1
16 16 3 3 0 1 0 1
19 18 3 3 0 1 0 1
17 17 2 2 0 1 0 1
20 19 2 2 0 1 0 1
22 21 2 2 0 1 0 1
22 21 2 2 0 1 0 1
23 23 2 2 0 1 0 1
23 23 2 2 0 1 0 1
19 19 2 2 0 1 0 1
21 20 2 2 0 1 0 1
18 18 1 1 0 1 0 1
17 17 1 1 0 1 0 1
19 18 3 3 0 1 0 1
23 22 2 2 0 1 0 1
19 19 2 2 0 1 0 1
18 18 2 2 0 1 0 1
19 19 2 2 0 1 0 1
21 21 3 3 0 1 0 1
20 20 3 3 0 1 0 1
22 22 3 3 0 1 0 1
25 23 3 3 0 1 0 1
28 27 3 3 0 1 0 1
29 27 3 3 0 1 0 1
27 27 3 3 0 1 0 1
26 24 3 3 0 1 0 1
29 26 3 3 0 1 0 1
26 26 3 3 0 1 0 1
23 22 3 3 0 1 0 1
25 22 3 3 0 1 0 1
22 22 3 3 0 1 0 1
26 25 3 3 0 1 0 1
25 24 3 3 0 1 0 1
25 25 3 3 0 1 0 1
29 25 3 3 0 1 0 1
26 26 3 3 0 1 0 1
35 32 3 3 0 2 0 1
33 31 3 3 0 2 0 1
33 33 3 3 0 1 0 1
33 33 3 3 0 1 0 1
30 30 3 3 0 1 0 1
33 32 3 3 0 1 0 1
33 33 3 3 0 1 0 1
33 32 3 3 0 1 0 1
35 34 3 3 0 1 0 1
35 35 3 3 0 1 0 1
36 36 3 3 0 1 0 1
36 35 3 3 0 2 0 1
34 34 3 3 0 1 0 1
34 34 3 3 0 1 0 1
34 34 3 3 0 1 0 1
39 38 3 3 0 2 0 1
40 39 4 3 0 2 0 2
35 33 4 3 0 1 0 1
36 35 5 4 0 1 0 1
37 37 3 3 0 2 0 2
34 33 3 3 0 1 0 1
33 32 3 3 0 1 0 1
35 34 4 3 0 1 0 1
38 37 4 4 0 2 0 2
34 32 3 3 0 1 0 1
37 34 3 3 0 2 0 2
34 33 3 3 0 2 0 2
35 34 3 3 0 2 0 2
32 31 3 3 0 1 0 1
32 31 3 3 0 1 0 1
31 31 3 3 0 1 0 1
32 32 3 3 0 2 0 2
34 32 3 3 0 2 0 2
31 29 3 3 0 2 0 1
30 29 3 3 0 1 0 1
28 28 3 3 0 1 0 1
30 30 3 3 0 2 0 2
30 30 3 3 0 2 0 2
31 30 3 3 0 2 0 2
35 33 3 3 0 2 0 1
35 32 3 3 0 2 0 2
31 31 3 3 0 1 0 1
34 34 3 3 0 1 0 1
41 39 3 3 0 2 0 2
41 39 4 3 0 2 0 2
37 36 5 5 0 2 0 2
39 37 5 5 0 2 0 2
40 39 5 4 0 2 0 2
38 38 4 4 0 2 0 2
40 39 4 4 0 2 0 2
41 39 4 4 0 2 0 2
37 37 4 4 0 2 0 2
41 40 4 3 0 2 0 2
41 40 3 3 0 2 0 2
40 39 4 3 0 2 0 2
42 39 4 3 0 2 0 2
39 37 3 3 0 2 0 2
40 39 3 3 0 2 0 2
37 37 3 3 0 2 0 2
39 37 3 3 0 2 0 2
39 39 3 3 0 2 0 2
41 40 3 3 0 2 0 2
44 43 3 3 0 2 0 2
44 41 3 3 1 2 0 2
38 37 3 3 0 2 0 2
36 36 4 4 0 2 0 2
40 38 4 3 0 2 0 2
39 39 3 3 0 2 0 2
43 41 3 3 1 2 0 2
50 48 4 4 1 2 1 2
45 44 4 4 0 2 0 2
45 43 4 4 1 2 1 2
43 42 4 3 1 2 1 2
45 44 4 3 1 2 0 2
48 46 4 4 1 2 1 2
49 48 5 5 1 2 1 2
48 48 4 4 1 2 1 2
49 49 4 4 1 2 1 2
47 46 4 4 1 2 1 2
50 50 4 4 1 2 1 2
51 49 4 4 1 2 1 2
46 46 4 4 1 2 1 2
49 48 4 4 1 2 1 2
44 44 4 4 0 2 0 2
41 41 4 4 0 2 0 2
40 39 4 4 0 2 0 2
39 36 4 4 0 2 0 2
39 38 4 4 0 2 0 2
40 39 3 3 0 2 0 2
42 40 4 4 0 2 0 2
41 41 4 4 0 2 0 2
43 43 4 4 0 2 0 2
42 42 4 4 0 2 0 2
45 45 4 4 0 2 0 2
42 42 4 4 0 2 0 2
43 43 4 4 1 2 1 2
41 41 3 3 0 2 0 2
46 45 4 3 1 2 1 2
51 50 4 4 1 2 1 2
51 47 4 4 1 2 1 2
52 51 4 4 1 2 1 2
50 47 4 4 1 2 1 2
45 44 4 4 0 2 0 2
46 45 4 4 0 2 0 2
47 45 4 4 1 2 0 2
46 46 4 4 1 2 1 2
50 49 5 5 1 2 1 2
48 48 5 5 1 2 1 2
50 46 4 4 1 2 1 2
53 51 4 4 1 2 1 2
54 53 4 4 1 2 1 2
58 57 4 4 1 2 1 2
57 54 4 4 1 2 1 2
56 55 4 4 1 2 1 2
51 51 4 4 1 2 1 2
56 56 4 4 1 2 1 2
54 53 4 4 1 2 1 2
58 56 4 4 1 2 1 2
57 53 5 4 1 2 1 2
55 52 5 4 1 2 0 2
52 51 4 4 0 2 0 2
50 50 4 4 0 2 0 2
51 51 4 4 0 2 0 2
51 50 4 4 0 2 0 2
54 54 4 4 1 3 1 3
57 54 4 4 1 3 1 3
55 54 4 4 1 3 0 3
55 53 4 4 1 3 0 3
59 56 4 4 1 3 1 2
55 52 5 5 1 2 0 2
53 51 5 5 1 2 0 2
51 50 6 5 1 2 0 2
55 54 6 6 1 2 1 2
58 57 6 6 1 2 1 2
56 55 6 6 1 2 1 2
57 56 6 6 1 2 1 2
50 50 6 6 0 2 0 2
51 50 6 6 0 2 0 2
49 48 6 6 0 2 0 2
57 57 6 6 1 2 1 2
56 54 6 6 1 2 1 2
63 60 6 6 1 2 1 2
54 53 6 6 1 2 1 2
58 57 6 6 1 2 1 2
54 53 6 6 1 2 1 2
58 57 6 6 1 2 1 2
57 55 6 6 1 2 1 2
57 56 6 6 1 2 1 2
61 60 6 6 1 2 1 2
55 54 6 6 1 2 1 2
57 57 6 6 1 2 1 2
57 57 6 6 1 2 1 2
58 55 6 6 1 2 1 2
54 54 6 6 1 2 1 2
56 55 6 6 1 3 1 2
57 55 6 6 1 2 1 2
52 50 6 6 0 2 0 2
50 48 6 6 0 2 0 2
56 54 6 6 1 2 0 2
54 54 6 6 0 2 0 2
56 53 6 6 1 2 0 2
57 54 6 6 1 2 1 2
55 54 7 7 0 2 0 2
57 52 7 6 1 2 0 2
56 53 6 6 1 2 0 2
56 55 6 6 1 2 1 2
58 56 6 6 1 2 1 2
54 52 6 6 0 2 0 2
52 51 6 6 0 2 0 2
50 50 6 6 0 2 0 2
48 48 6 6 0 2 0 2
50 49 7 7 0 2 0 2
48 46 7 6 0 2 0 2
44 44 6 6 0 2 0 2
46 45 6 6 0 2 0 2
45 44 6 6 0 2 0 2
43 42 6 6 0 2 0 2
51 49 6 6 1 2 0 2
48 48 6 6 0 2 0 2
48 46 6 6 0 2 0 2
51 49 6 6 0 2 0 2
49 47 6 6 0 2 0 2
46 46 6 6 0 2 0 2
49 47 7 7 0 2 0 2
48 46 7 6 0 2 0 2
48 47 7 7 0 2 0 2
44 42 7 6 0 2 0 2
54 49 7 7 0 2 0 2
47 45 6 6 0 2 0 2
46 43 6 6 0 2 0 2
41 41 6 6 0 2 0 2
40 40 6 6 0 2 0 2
45 43 6 6 0 2 0 2
43 43 6 6 0 2 0 2
49 47 6 6 0 2 0 2
48 46 6 6 0 2 0 2
49 46 6 6 0 2 0 2
46 45 6 6 0 2 0 2
46 46 6 6 0 2 0 2
45 44 6 6 0 2 0 2
48 43 5 5 0 2 0 2
49 44 5 5 0 2 0 2
46 45 5 5 0 2 0 2
47 46 5 5 0 2 0 2
44 44 5 5 0 2 0 2
47 46 5 5 0 2 0 2
45 42 5 5 0 2 0 2
46 44 5 5 0 2 0 2
43 41 5 5 0 2 0 2
41 40 5 5 0 2 0 2
40 40 5 5 0 2 0 2
42 42 5 5 0 2 0 2
43 42 5 5 0 2 0 2
43 41 4 4 0 2 0 2
41 40 5 5 0 2 0 2
44 44 5 5 0 2 0 2
45 44 5 5 0 2 0 2
45 42 5 5 0 2 0 2
50 49 5 5 0 2 0 2
48 45 6 5 0 2 0 2
44 42 5 5 0 2 0 2
47 43 6 5 0 2 0 2
51 46 5 5 0 2 0 2
44 42 5 5 0 2 0 2
48 44 5 5 0 2 0 2
42 40 5 4 0 2 0 2
40 40 4 4 0 2 0 2
44 43 5 5 0 2 0 2
43 42 5 4 0 2 0 2
44 44 4 4 0 2 0 2
44 42 4 4 0 2 0 2
45 43 5 4 1 2 1 2
44 43 5 5 0 2 0 2
43 42 4 4 0 2 0 2
43 41 5 4 0 2 0 2
40 40 5 5 0 2 0 2
39 39 4 4 0 2 0 2
39 37 5 4 0 2 0 2
46 44 4 4 0 2 0 2
43 42 5 4 0 2 0 2
45 45 5 5 0 2 0 2
40 40 4 4 0 2 0 2
46 43 5 4 1 2 0 2
45 42 5 5 0 2 0 2
49 49 4 4 0 2 0 2
49 44 4 4 1 2 0 2
48 45 5 4 0 2 0 2
45 45 5 5 0 2 0 2
42 41 4 3 0 2 0 2
42 41 4 3 0 2 0 2
43 41 5 4 0 2 0 2
43 40 3 3 0 2 0 2
44 44 4 4 0 2 0 2
45 44 3 3 0 2 0 2
45 44 4 4 0 2 0 2
42 40 3 3 0 2 0 2
42 41 3 3 0 2 0 2
41 40 3 3 0 2 0 2
42 40 4 3 0 2 0 2
41 39 3 3 0 2 0 2
45 44 3 3 1 2 1 2
43 39 3 3 0 2 0 2
39 37 3 3 0 2 0 2
39 38 3 3 0 2 0 2
37 36 3 3 0 2 0 2
37 36 3 3 0 2 0 2
44 42 3 3 1 2 1 2
41 40 3 3 0 2 0 2
43 40 3 3 0 2 0 2
46 45 3 3 1 2 0 2
46 44 4 3 1 2 1 2
46 45 4 4 0 2 0 2
50 47 4 3 0 2 0 2
42 42 3 3 0 2 0 2
40 40 3 3 0 2 0 2
43 40 4 4 0 2 0 2
44 42 3 3 1 2 0 2
43 40 3 3 0 2 0 2
41 39 4 3 0 2 0 2
44 42 4 4 0 2 0 2
42 40 3 3 0 2 0 2
46 43 4 4 0 2 0 2
46 43 4 4 0 2 0 2
54 50 5 4 1 2 1 2
48 47 4 4 1 2 0 2
