1.059200 -1 2 64
1.116800 8 4 60
1.174400 5 0 1404
2.307200 5 0 1404
3.542400 5 0 1404
4.899200 5 0 1404
6.064000 5 0 1404
30.057600 8 4 60
34.915200 5 0 1404
36.060800 5 0 1404
37.200000 5 0 1404
38.345600 5 0 1404
39.484800 5 0 1404
40.630400 5 0 1404
41.769600 5 0 1404
42.915200 5 0 1404
44.054400 5 0 1404
45.200000 5 0 1404
46.339200 5 0 1404
47.484800 5 0 1404
48.624000 5 0 1404
49.769600 5 0 1404
50.908800 5 0 1404
52.054400 5 0 1404
53.193600 5 0 1404
54.339200 5 0 1404
55.478400 5 0 1404
56.624000 5 0 1404
57.763200 5 0 1404
58.908800 5 0 1404
60.048000 5 0 1404
61.193600 5 0 1404
62.332800 5 0 1404
63.478400 5 0 1404
64.617600 5 0 1404
65.763200 5 0 1404
66.902400 5 0 1404
68.048000 5 0 1404
69.187200 5 0 1404
70.332800 5 0 1404
71.472000 5 0 1404
72.617600 5 0 1404
73.763200 5 0 1404
74.908800 5 0 1404
76.048000 5 0 1404
77.193600 5 0 1404
78.332800 5 0 1404
79.478400 5 0 1404
80.617600 5 0 1404
81.763200 5 0 1404
82.902400 5 0 1404
84.048000 5 0 1404
85.187200 5 0 1404
86.332800 5 0 1404
87.472000 5 0 1404
88.617600 5 0 1404
89.756800 5 0 1404
90.902400 5 0 1404
92.041600 5 0 1404
93.187200 5 0 1404
94.326400 5 0 1404
95.472000 5 0 1404
96.611200 5 0 1404
97.756800 5 0 1404
98.896000 5 0 1404
100.041600 5 0 1404
101.180800 5 0 1404
102.326400 5 0 1404
103.465600 5 0 1404
104.611200 5 0 1404
105.750400 5 0 1404
106.896000 5 0 1404
108.035200 5 0 1404
109.180800 5 0 1404
110.320000 5 0 1404
111.465600 5 0 1404
112.604800 5 0 1404
113.750400 5 0 1404
114.889600 5 0 1404
116.035200 5 0 1404
117.219200 5 0 1404
118.358400 5 0 1404
119.830400 5 0 1404
120.976000 5 0 1404
122.211200 5 0 1404
123.536000 5 0 1404
124.675200 5 0 1404
125.968000 5 0 1404
127.126400 5 0 1404
128.444800 5 0 1404
129.756800 5 0 1404
131.075200 5 0 1404
132.220800 5 0 1404
133.360000 5 0 1404
134.812800 5 0 1404
135.958400 5 0 1404
137.123200 5 0 1404
138.467200 5 0 1404
139.728000 5 0 1404
140.880000 5 0 1404
142.166400 5 0 1404
143.363200 5 0 1404
144.579200 5 0 1404
145.936000 5 0 1404
147.305600 5 0 1404
148.444800 5 0 1404
149.596800 5 0 1404
150.947200 5 0 1404
152.092800 5 0 1404
153.411200 5 0 1404
154.684800 5 0 1404
156.003200 5 0 1404
157.142400 5 0 1404
158.371200 5 0 1404
159.644800 5 0 1404
160.988800 5 0 1404
162.307200 5 0 1404
163.593600 5 0 1404
164.739200 5 0 1404
165.878400 5 0 1404
167.292800 5 0 1404
168.713600 5 0 1404
169.859200 5 0 1404
170.998400 5 0 1404
172.220800 5 0 1404
173.468800 5 0 1404
174.665600 5 0 1404
175.945600 5 0 1404
177.264000 5 0 1404
178.569600 5 0 1404
179.715200 5 0 1404
180.918400 5 0 1404
182.217600 5 0 1404
183.408000 5 0 1404
184.649600 5 0 1404
185.916800 5 0 1404
187.350400 5 0 1404
188.707200 5 0 1404
189.846400 5 0 1404
190.992000 5 0 1404
192.195200 5 0 1404
193.552000 5 0 1404
194.883200 5 0 1404
196.048000 5 0 1404
197.187200 5 0 1404
198.371200 5 0 1404
199.798400 5 0 1404
200.944000 5 0 1404
202.204800 5 0 1404
203.555200 5 0 1404
204.694400 5 0 1404
205.878400 5 0 1404
207.312000 5 0 1404
208.720000 5 0 1404
209.865600 5 0 1404
214.281600 5 0 1404
218.691200 5 0 1404
222.064000 5 0 1404
226.390400 5 0 1404
230.460800 5 0 1404
234.153600 5 0 1404
239.132800 5 0 1404
243.376000 5 0 1404
247.075200 5 0 1404
251.420800 5 0 1404
255.177600 5 0 1404
259.280000 5 0 1404
262.979200 5 0 1404
268.214400 5 0 1404
272.105600 5 0 1404
276.348800 5 0 1404
280.086400 5 0 1404
284.323200 5 0 1404
288.041600 5 0 1404
293.193600 5 0 1404
297.008000 5 0 1404
301.436800 5 0 1404
305.033600 5 0 1404
309.353600 5 0 1404
313.072000 5 0 1404
317.360000 5 0 1404
321.910400 5 0 1404
326.588800 5 0 1404
330.000000 5 0 1404
334.179200 5 0 1404
338.185600 5 0 1404
342.121600 5 0 1404
347.164800 5 0 1404
352.880000 5 0 1404
355.113600 5 0 1404
359.324800 5 0 1404
363.088000 5 0 1404
367.260800 5 0 1404
371.849600 5 0 1404
377.206400 5 0 1404
380.956800 5 0 1404
385.520000 5 0 1404
389.379200 5 0 1404
393.097600 5 0 1404
396.835200 5 0 1404
401.443200 5 0 1404
405.680000 5 0 1404
409.532800 5 0 1404
413.123200 5 0 1404
418.204800 5 0 1404
421.929600 5 0 1404
426.512000 5 0 1404
430.736000 5 0 1404
434.928000 5 0 1404
438.755200 5 0 1404
442.729600 5 0 1404
446.710400 5 0 1404
452.796800 5 0 1404
456.368000 5 0 1404
460.060800 5 0 1404
462.902400 5 0 1404
466.889600 5 0 1404
470.928000 5 0 1404
474.908800 5 0 1404
479.715200 5 0 1404
485.008000 5 0 1404
488.924800 5 0 1404
493.193600 5 0 1404
496.841600 5 0 1404
500.073600 8 4 60
500.867200 5 0 1404
504.604800 5 0 1404
530.057600 8 4 60
534.908800 4 0 1404
536.054400 4 0 1404
537.200000 4 0 1404
538.339200 4 0 1404
539.484800 4 0 1404
540.624000 4 0 1404
541.769600 4 0 1404
542.908800 4 0 1404
544.054400 4 0 1404
545.193600 4 0 1404
546.339200 4 0 1404
547.478400 4 0 1404
548.624000 4 0 1404
549.763200 4 0 1404
550.908800 4 0 1404
552.048000 4 0 1404
553.193600 4 0 1404
554.332800 4 0 1404
555.478400 4 0 1404
556.617600 4 0 1404
557.763200 4 0 1404
558.902400 4 0 1404
560.048000 4 0 1404
561.187200 4 0 1404
562.332800 4 0 1404
563.472000 4 0 1404
564.617600 4 0 1404
565.756800 4 0 1404
566.902400 4 0 1404
568.041600 4 0 1404
569.187200 4 0 1404
570.326400 4 0 1404
571.472000 4 0 1404
572.611200 4 0 1404
573.756800 4 0 1404
574.896000 4 0 1404
576.041600 4 0 1404
577.180800 4 0 1404
578.326400 4 0 1404
579.465600 4 0 1404
580.611200 4 0 1404
581.750400 4 0 1404
582.896000 4 0 1404
584.035200 4 0 1404
585.180800 4 0 1404
586.320000 4 0 1404
587.465600 4 0 1404
588.604800 4 0 1404
589.750400 4 0 1404
590.889600 4 0 1404
592.035200 4 0 1404
593.174400 4 0 1404
594.320000 4 0 1404
595.459200 4 0 1404
596.604800 4 0 1404
597.744000 4 0 1404
598.889600 4 0 1404
600.028800 4 0 1404
601.174400 4 0 1404
602.313600 4 0 1404
603.459200 4 0 1404
604.598400 4 0 1404
605.744000 4 0 1404
606.883200 4 0 1404
608.028800 4 0 1404
609.168000 4 0 1404
610.313600 4 0 1404
611.452800 4 0 1404
612.598400 4 0 1404
613.737600 4 0 1404
614.883200 4 0 1404
616.022400 4 0 1404
617.168000 4 0 1404
618.307200 4 0 1404
619.510400 4 0 1404
620.841600 4 0 1404
622.019200 4 0 1404
623.324800 4 0 1404
624.604800 4 0 1404
625.750400 4 0 1404
626.896000 4 0 1404
628.304000 4 0 1404
629.449600 4 0 1404
630.640000 4 0 1404
631.920000 4 0 1404
633.264000 4 0 1404
634.537600 4 0 1404
635.683200 4 0 1404
636.944000 4 0 1404
638.243200 4 0 1404
639.568000 4 0 1404
640.809600 4 0 1404
641.955200 4 0 1404
643.152000 4 0 1404
644.592000 4 0 1404
645.737600 4 0 1404
646.902400 4 0 1404
648.214400 4 0 1404
649.545600 4 0 1404
650.691200 4 0 1404
651.952000 4 0 1404
653.328000 4 0 1404
654.480000 4 0 1404
655.708800 4 0 1404
657.136000 4 0 1404
658.281600 4 0 1404
659.459200 4 0 1404
660.835200 4 0 1404
662.012800 4 0 1404
663.241600 4 0 1404
664.425600 4 0 1404
665.776000 4 0 1404
666.960000 4 0 1404
668.188800 4 0 1404
669.494400 4 0 1404
670.665600 4 0 1404
672.016000 4 0 1404
673.225600 4 0 1404
674.416000 4 0 1404
675.804800 4 0 1404
677.027200 4 0 1404
678.211200 4 0 1404
679.452800 4 0 1404
680.828800 4 0 1404
681.974400 4 0 1404
683.228800 4 0 1404
684.592000 4 0 1404
686.038400 4 0 1404
687.184000 4 0 1404
688.329600 4 0 1404
689.692800 4 0 1404
690.832000 4 0 1404
692.048000 4 0 1404
693.417600 4 0 1404
694.563200 4 0 1404
695.708800 4 0 1404
696.988800 4 0 1404
698.256000 4 0 1404
699.446400 4 0 1404
700.752000 4 0 1404
701.968000 4 0 1404
703.363200 4 0 1404
704.643200 4 0 1404
705.788800 4 0 1404
706.934400 4 0 1404
708.572800 4 0 1404
709.712000 4 0 1404
710.857600 4 0 1404
712.067200 4 0 1404
713.488000 4 0 1404
714.627200 4 0 1404
715.772800 4 0 1404
717.206400 4 0 1404
718.345600 4 0 1404
719.491200 4 0 1404
720.899200 4 0 1404
722.038400 4 0 1404
723.331200 4 0 1404
724.579200 4 0 1404
725.731200 4 0 1404
726.966400 4 0 1404
728.329600 4 0 1404
729.520000 4 0 1404
730.729600 4 0 1404
732.105600 4 0 1404
733.251200 4 0 1404
734.550400 4 0 1404
735.792000 4 0 1404
737.110400 4 0 1404
738.377600 4 0 1404
739.561600 4 0 1404
740.752000 4 0 1404
742.038400 4 0 1404
743.312000 4 0 1404
744.643200 4 0 1404
746.064000 4 0 1404
747.209600 4 0 1404
748.355200 4 0 1404
749.564800 4 0 1404
750.908800 4 0 1404
752.048000 4 0 1404
753.321600 4 0 1404
754.563200 4 0 1404
755.817600 4 0 1404
757.052800 4 0 1404
758.390400 4 0 1404
759.600000 4 0 1404
760.809600 4 0 1404
762.140800 4 0 1404
763.286400 4 0 1404
764.553600 4 0 1404
765.865600 4 0 1404
767.190400 4 0 1404
768.336000 4 0 1404
769.539200 4 0 1404
770.793600 4 0 1404
772.105600 4 0 1404
773.436800 4 0 1404
774.774400 4 0 1404
775.913600 4 0 1404
777.065600 4 0 1404
778.428800 4 0 1404
779.574400 4 0 1404
780.796800 4 0 1404
782.179200 4 0 1404
783.344000 4 0 1404
784.547200 4 0 1404
785.936000 4 0 1404
787.164800 4 0 1404
788.304000 4 0 1404
789.552000 4 0 1404
790.992000 4 0 1404
792.137600 4 0 1404
793.308800 4 0 1404
794.793600 4 0 1404
795.939200 4 0 1404
797.078400 4 0 1404
798.358400 4 0 1404
799.683200 4 0 1404
800.828800 4 0 1404
802.115200 4 0 1404
803.401600 4 0 1404
804.540800 4 0 1404
805.878400 4 0 1404
807.254400 4 0 1404
808.400000 4 0 1404
809.628800 4 0 1404
810.889600 4 0 1404
812.028800 4 0 1404
813.372800 4 0 1404
814.608000 4 0 1404
815.843200 4 0 1404
817.411200 4 0 1404
818.556800 4 0 1404
819.696000 4 0 1404
820.880000 4 0 1404
822.390400 4 0 1404
823.536000 4 0 1404
824.675200 4 0 1404
825.859200 4 0 1404
827.100800 4 0 1404
828.368000 4 0 1404
829.795200 4 0 1404
830.940800 4 0 1404
832.195200 4 0 1404
833.430400 4 0 1404
834.620800 4 0 1404
836.048000 4 0 1404
837.187200 4 0 1404
838.358400 4 0 1404
839.638400 4 0 1404
840.880000 4 0 1404
842.217600 4 0 1404
843.459200 4 0 1404
844.604800 4 0 1404
845.859200 4 0 1404
847.177600 4 0 1404
848.457600 4 0 1404
849.596800 4 0 1404
850.928000 4 0 1404
852.118400 4 0 1404
853.481600 4 0 1404
854.659200 4 0 1404
855.792000 -1 5 70
855.881600 4 0 1404
857.212800 4 0 1404
858.787200 4 0 1404
859.932800 4 0 1404
861.072000 4 0 1404
862.275200 4 0 1404
863.612800 4 0 1404
864.848000 4 0 1404
865.993600 4 0 1404
867.337600 4 0 1404
868.489600 4 0 1404
869.628800 4 0 1404
870.985600 4 0 1404
872.144000 4 0 1404
873.526400 4 0 1404
874.832000 4 0 1404
876.099200 4 0 1404
877.385600 4 0 1404
878.569600 4 0 1404
879.715200 4 0 1404
880.969600 4 0 1404
882.204800 4 0 1404
883.497600 4 0 1404
884.912000 4 0 1404
886.051200 4 0 1404
887.196800 4 0 1404
888.784000 4 0 1404
889.923200 4 0 1404
891.068800 4 0 1404
892.483200 4 0 1404
893.622400 4 0 1404
894.768000 4 0 1404
895.964800 4 0 1404
897.283200 4 0 1404
898.422400 4 0 1404
899.702400 4 0 1404
900.931200 4 0 1404
902.300800 4 0 1404
903.452800 4 0 1404
904.668800 4 0 1404
906.044800 4 0 1404
907.196800 4 0 1404
908.432000 4 0 1404
909.609600 4 0 1404
910.966400 4 0 1404
912.176000 4 0 1404
913.430400 4 0 1404
914.793600 4 0 1404
916.060800 4 0 1404
917.206400 4 0 1404
918.416000 4 0 1404
919.804800 4 0 1404
921.257600 4 0 1404
922.441600 4 0 1404
923.580800 4 0 1404
924.944000 4 0 1404
926.102400 4 0 1404
927.408000 4 0 1404
928.553600 4 0 1404
929.769600 4 0 1404
930.953600 4 0 1404
932.214400 4 0 1404
933.712000 4 0 1404
934.851200 4 0 1404
936.067200 4 0 1404
937.411200 4 0 1404
938.556800 4 0 1404
939.875200 4 0 1404
941.014400 4 0 1404
942.313600 4 0 1404
943.561600 4 0 1404
944.752000 4 0 1404
945.961600 4 0 1404
947.324800 4 0 1404
948.489600 4 0 1404
949.699200 4 0 1404
951.081600 4 0 1404
952.310400 4 0 1404
953.481600 4 0 1404
954.652800 4 0 1404
956.131200 4 0 1404
957.276800 4 0 1404
958.416000 4 0 1404
959.894400 4 0 1404
961.040000 4 0 1404
962.217600 4 0 1404
963.465600 4 0 1404
964.822400 4 0 1404
965.980800 4 0 1404
967.376000 4 0 1404
968.572800 4 0 1404
969.731200 4 0 1404
970.960000 4 0 1404
972.246400 4 0 1404
973.500800 4 0 1404
974.921600 4 0 1404
976.060800 4 0 1404
977.270400 4 0 1404
978.537600 4 0 1404
979.683200 4 0 1404
981.001600 4 0 1404
982.300800 4 0 1404
983.606400 4 0 1404
984.752000 4 0 1404
986.044800 4 0 1404
987.337600 4 0 1404
988.636800 4 0 1404
989.788800 4 0 1404
990.947200 4 0 1404
992.272000 4 0 1404
993.667200 4 0 1404
994.870400 4 0 1404
996.009600 4 0 1404
997.622400 4 0 1404
998.768000 4 0 1404
999.907200 4 0 1404
1001.040000 8 4 60
1001.123200 4 0 1404
1002.460800 4 0 1404
1003.606400 4 0 1404
1004.828800 4 0 1404
1006.051200 4 0 1404
1030.057600 8 4 60
1034.940800 6 0 1404
1036.086400 6 0 1404
1037.232000 6 0 1404
1038.371200 6 0 1404
1039.516800 6 0 1404
1040.656000 6 0 1404
1041.801600 6 0 1404
1042.940800 6 0 1404
1044.086400 6 0 1404
1045.225600 6 0 1404
1046.371200 6 0 1404
1047.510400 6 0 1404
1048.656000 6 0 1404
1049.795200 6 0 1404
1050.940800 6 0 1404
1052.080000 6 0 1404
1053.225600 6 0 1404
1054.364800 6 0 1404
1055.510400 6 0 1404
1056.649600 6 0 1404
1057.795200 6 0 1404
1058.934400 6 0 1404
1060.080000 6 0 1404
1061.219200 6 0 1404
1062.364800 6 0 1404
1063.504000 6 0 1404
1064.649600 6 0 1404
1065.788800 6 0 1404
1066.934400 6 0 1404
1068.073600 6 0 1404
1069.219200 6 0 1404
1070.358400 6 0 1404
1071.504000 6 0 1404
1072.643200 6 0 1404
1073.788800 6 0 1404
1074.928000 6 0 1404
1076.073600 6 0 1404
1077.219200 6 0 1404
1078.358400 6 0 1404
1079.504000 6 0 1404
1080.643200 6 0 1404
1081.788800 6 0 1404
1082.928000 6 0 1404
1084.073600 6 0 1404
1085.212800 6 0 1404
1086.358400 6 0 1404
1087.497600 6 0 1404
1088.643200 6 0 1404
1089.782400 6 0 1404
1090.928000 6 0 1404
1092.067200 6 0 1404
1093.212800 6 0 1404
1094.352000 6 0 1404
1095.497600 6 0 1404
1096.636800 6 0 1404
1097.782400 6 0 1404
1098.921600 6 0 1404
1100.067200 6 0 1404
1101.206400 6 0 1404
1102.352000 6 0 1404
1103.491200 6 0 1404
1104.636800 6 0 1404
1105.776000 6 0 1404
1106.921600 6 0 1404
1108.060800 6 0 1404
1109.206400 6 0 1404
1110.345600 6 0 1404
1111.491200 6 0 1404
1112.630400 6 0 1404
1113.776000 6 0 1404
1114.915200 6 0 1404
1116.060800 6 0 1404
1117.200000 6 0 1404
1118.569600 6 0 1404
1119.715200 6 0 1404
1120.854400 6 0 1404
1122.140800 6 0 1404
1123.286400 6 0 1404
1124.713600 6 0 1404
1125.852800 6 0 1404
1127.107200 6 0 1404
1128.387200 6 0 1404
1129.532800 6 0 1404
1130.761600 6 0 1404
1131.939200 6 0 1404
1133.315200 6 0 1404
1134.454400 6 0 1404
1135.696000 6 0 1404
1136.982400 6 0 1404
1138.268800 6 0 1404
1139.542400 6 0 1404
1141.072000 6 0 1404
1142.217600 6 0 1404
1143.356800 6 0 1404
1144.502400 6 0 1404
1145.756800 6 0 1404
1147.075200 6 0 1404
1148.284800 6 0 1404
1149.628800 6 0 1404
1150.876800 6 0 1404
1152.016000 6 0 1404
1153.200000 6 0 1404
1154.601600 6 0 1404
1155.760000 6 0 1404
1156.956800 6 0 1404
1158.204800 6 0 1404
1159.446400 6 0 1404
1160.796800 6 0 1404
1162.102400 6 0 1404
1163.248000 6 0 1404
1164.476800 6 0 1404
1165.801600 6 0 1404
1167.273600 6 0 1404
1168.412800 6 0 1404
1169.558400 6 0 1404
1171.011200 6 0 1404
1172.150400 6 0 1404
1173.296000 6 0 1404
1174.678400 6 0 1404
1175.817600 6 0 1404
1176.969600 6 0 1404
1178.486400 6 0 1404
1179.632000 6 0 1404
1180.771200 6 0 1404
1182.211200 6 0 1404
1183.401600 6 0 1404
1184.547200 6 0 1404
1186.051200 6 0 1404
1187.190400 6 0 1404
1188.336000 6 0 1404
1189.526400 6 0 1404
1190.748800 6 0 1404
1192.080000 6 0 1404
1193.244800 6 0 1404
1194.646400 6 0 1404
1195.785600 6 0 1404
1197.033600 6 0 1404
1198.300800 6 0 1404
1199.638400 6 0 1404
1200.784000 6 0 1404
1201.993600 6 0 1404
1203.312000 6 0 1404
1204.502400 6 0 1404
1205.910400 6 0 1404
1207.120000 6 0 1404
1208.265600 6 0 1404
1209.526400 6 0 1404
1210.870400 6 0 1404
1212.105600 6 0 1404
1213.385600 6 0 1404
1214.524800 6 0 1404
1215.804800 6 0 1404
1217.078400 6 0 1404
1218.409600 6 0 1404
1219.644800 6 0 1404
1220.790400 6 0 1404
1222.032000 6 0 1404
1223.382400 6 0 1404
1224.617600 6 0 1404
1225.788800 6 0 1404
1227.222400 6 0 1404
1228.361600 6 0 1404
1229.539200 6 0 1404
1230.812800 6 0 1404
1232.035200 6 0 1404
1233.500800 6 0 1404
1234.652800 6 0 1404
1235.798400 6 0 1404
1237.148800 6 0 1404
1238.288000 6 0 1404
1239.529600 6 0 1404
1240.790400 6 0 1404
1242.083200 6 0 1404
1243.356800 6 0 1404
1244.668800 6 0 1404
1245.833600 6 0 1404
1247.030400 6 0 1404
1248.336000 6 0 1404
1249.545600 6 0 1404
1250.844800 6 0 1404
1252.182400 6 0 1404
1253.347200 6 0 1404
1254.697600 6 0 1404
1255.843200 6 0 1404
1257.110400 6 0 1404
1258.390400 6 0 1404
1259.568000 6 0 1404
1260.867200 6 0 1404
1262.204800 6 0 1404
1263.344000 6 0 1404
1264.528000 6 0 1404
1265.801600 6 0 1404
1267.267200 6 0 1404
1268.476800 6 0 1404
1269.622400 6 0 1404
1270.825600 6 0 1404
1272.393600 6 0 1404
1273.532800 6 0 1404
1274.678400 6 0 1404
1276.016000 6 0 1404
1277.155200 6 0 1404
1278.313600 6 0 1404
1279.555200 6 0 1404
1280.854400 6 0 1404
1282.307200 6 0 1404
1283.452800 6 0 1404
1284.592000 6 0 1404
1285.968000 6 0 1404
1287.120000 6 0 1404
1288.496000 6 0 1404
1289.686400 6 0 1404
1290.870400 6 0 1404
1292.233600 6 0 1404
1293.379200 6 0 1404
1294.704000 6 0 1404
1295.856000 6 0 1404
1297.097600 6 0 1404
1298.377600 6 0 1404
1299.715200 6 0 1404
1300.950400 6 0 1404
1302.524800 6 0 1404
1303.664000 6 0 1404
1304.809600 6 0 1404
1305.980800 6 0 1404
1307.267200 6 0 1404
1308.540800 6 0 1404
1309.680000 6 0 1404
1310.889600 6 0 1404
1312.099200 6 0 1404
1313.648000 6 0 1404
1314.793600 6 0 1404
1315.932800 6 0 1404
1317.456000 6 0 1404
1318.601600 6 0 1404
1319.740800 6 0 1404
1320.918400 6 0 1404
1322.275200 6 0 1404
1323.420800 6 0 1404
1324.598400 6 0 1404
1325.891200 6 0 1404
1327.324800 6 0 1404
1328.464000 6 0 1404
1329.635200 6 0 1404
1331.011200 6 0 1404
1332.169600 6 0 1404
1333.411200 6 0 1404
1334.806400 6 0 1404
1336.073600 6 0 1404
1337.219200 6 0 1404
1338.390400 6 0 1404
1340.073600 6 0 1404
1341.212800 6 0 1404
1342.358400 6 0 1404
1343.555200 6 0 1404
1344.739200 6 0 1404
1345.897600 6 0 1404
1347.241600 6 0 1404
1348.489600 6 0 1404
1349.808000 6 0 1404
1350.947200 6 0 1404
1352.156800 6 0 1404
1353.507200 6 0 1404
1354.729600 6 0 1404
1355.900800 6 0 1404
1357.251200 6 0 1404
1358.396800 6 0 1404
1359.792000 6 0 1404
1360.937600 6 0 1404
1362.192000 6 0 1404
1363.529600 6 0 1404
1364.694400 6 0 1404
1365.955200 6 0 1404
1367.286400 6 0 1404
1368.425600 6 0 1404
1369.635200 6 0 1404
1371.062400 6 0 1404
1372.259200 6 0 1404
1373.776000 6 0 1404
1374.921600 6 0 1404
1376.060800 6 0 1404
1377.302400 6 0 1404
1378.614400 6 0 1404
1379.958400 6 0 1404
1381.104000 6 0 1404
1382.486400 6 0 1404
1383.625600 6 0 1404
1384.771200 6 0 1404
1385.974400 6 0 1404
1387.376000 6 0 1404
1388.515200 6 0 1404
1389.699200 6 0 1404
1390.934400 6 0 1404
1392.348800 6 0 1404
1393.513600 6 0 1404
1394.684800 6 0 1404
1396.329600 6 0 1404
1397.475200 6 0 1404
1398.614400 6 0 1404
1399.900800 6 0 1404
1401.046400 6 0 1404
1402.211200 6 0 1404
1403.446400 6 0 1404
1404.880000 6 0 1404
1406.076800 6 0 1404
1407.248000 6 0 1404
1408.457600 6 0 1404
1409.718400 6 0 1404
1411.120000 6 0 1404
1412.259200 6 0 1404
1413.462400 6 0 1404
1414.697600 6 0 1404
1416.131200 6 0 1404
1417.334400 6 0 1404
1418.480000 6 0 1404
1419.721600 6 0 1404
1421.040000 6 0 1404
1422.633600 6 0 1404
1423.772800 6 0 1404
1424.918400 6 0 1404
1426.236800 6 0 1404
1427.376000 6 0 1404
1428.521600 6 0 1404
1429.712000 6 0 1404
1431.030400 6 0 1404
1432.329600 6 0 1404
1433.744000 6 0 1404
1434.883200 6 0 1404
1436.028800 6 0 1404
1437.417600 6 0 1404
1438.608000 6 0 1404
1439.747200 6 0 1404
1441.027200 6 0 1404
1442.396800 6 0 1404
1443.657600 6 0 1404
1444.803200 6 0 1404
1445.993600 6 0 1404
1447.344000 6 0 1404
1448.483200 6 0 1404
1449.980800 6 0 1404
1451.196800 6 0 1404
1452.342400 6 0 1404
1453.513600 6 0 1404
1454.934400 6 0 1404
1456.156800 6 0 1404
1457.296000 6 0 1404
1458.499200 6 0 1404
1459.881600 6 0 1404
1461.046400 6 0 1404
1462.275200 6 0 1404
1463.484800 6 0 1404
1464.899200 6 0 1404
1466.083200 6 0 1404
1467.305600 6 0 1404
1468.732800 6 0 1404
1469.878400 6 0 1404
1471.056000 6 0 1404
1472.412800 6 0 1404
1473.552000 6 0 1404
1474.889600 6 0 1404
1476.035200 6 0 1404
1477.283200 6 0 1404
1478.844800 6 0 1404
1479.984000 6 0 1404
1481.129600 6 0 1404
1482.537600 6 0 1404
1483.676800 6 0 1404
1484.822400 6 0 1404
1486.083200 6 0 1404
1487.446400 6 0 1404
1488.688000 6 0 1404
1489.827200 6 0 1404
1491.049600 6 0 1404
1492.284800 6 0 1404
1493.520000 6 0 1404
1495.062400 6 0 1404
1496.208000 6 0 1404
1497.347200 6 0 1404
1498.569600 6 0 1404
1499.888000 6 0 1404
1501.020800 -1 2 64
1501.078400 8 4 60
1501.232000 6 0 1404
1502.377600 6 0 1404
1503.555200 6 0 1404
1504.784000 6 0 1404
1506.128000 6 0 1404
1530.057600 8 4 60
1534.921600 5 0 1404
1536.060800 5 0 1404
1537.206400 5 0 1404
1538.345600 5 0 1404
1539.491200 5 0 1404
1540.630400 5 0 1404
1541.776000 5 0 1404
1542.915200 5 0 1404
1544.060800 5 0 1404
1545.200000 5 0 1404
1546.345600 5 0 1404
1547.484800 5 0 1404
1548.630400 5 0 1404
1549.769600 5 0 1404
1550.915200 5 0 1404
1552.054400 5 0 1404
1553.200000 5 0 1404
1554.339200 5 0 1404
1555.484800 5 0 1404
1556.624000 5 0 1404
1557.769600 5 0 1404
1558.908800 5 0 1404
1560.054400 5 0 1404
1561.193600 5 0 1404
1562.339200 5 0 1404
1563.478400 5 0 1404
1564.624000 5 0 1404
1565.763200 5 0 1404
1566.908800 5 0 1404
1568.048000 5 0 1404
1569.193600 5 0 1404
1570.332800 5 0 1404
1571.478400 5 0 1404
1572.617600 5 0 1404
1573.763200 5 0 1404
1574.902400 5 0 1404
1576.048000 5 0 1404
1577.187200 5 0 1404
1578.332800 5 0 1404
1579.472000 5 0 1404
1580.617600 5 0 1404
1581.756800 5 0 1404
1582.902400 5 0 1404
1584.041600 5 0 1404
1585.187200 5 0 1404
1586.326400 5 0 1404
1587.472000 5 0 1404
1588.611200 5 0 1404
1589.756800 5 0 1404
1590.896000 5 0 1404
1592.041600 5 0 1404
1593.180800 5 0 1404
1594.326400 5 0 1404
1595.465600 5 0 1404
1596.611200 5 0 1404
1597.750400 5 0 1404
1598.896000 5 0 1404
1600.035200 5 0 1404
1601.180800 5 0 1404
1602.320000 5 0 1404
1603.465600 5 0 1404
1604.604800 5 0 1404
1605.750400 5 0 1404
1606.889600 5 0 1404
1608.035200 5 0 1404
1609.174400 5 0 1404
1610.320000 5 0 1404
1611.459200 5 0 1404
1612.604800 5 0 1404
1613.744000 5 0 1404
1614.889600 5 0 1404
1616.028800 5 0 1404
1617.174400 5 0 1404
1618.313600 5 0 1404
1619.772800 5 0 1404
1620.918400 5 0 1404
1622.057600 5 0 1404
1623.401600 5 0 1404
1624.547200 5 0 1404
1625.814400 5 0 1404
1627.056000 5 0 1404
1628.201600 5 0 1404
1629.513600 5 0 1404
1630.825600 5 0 1404
1631.964800 5 0 1404
1633.225600 5 0 1404
1634.608000 5 0 1404
1635.753600 5 0 1404
1637.097600 5 0 1404
1638.236800 5 0 1404
1639.600000 5 0 1404
1640.745600 5 0 1404
1642.019200 5 0 1404
1643.158400 5 0 1404
1644.534400 5 0 1404
1645.795200 5 0 1404
1646.940800 5 0 1404
1648.169600 5 0 1404
1649.424000 5 0 1404
1650.876800 5 0 1404
1652.016000 5 0 1404
1653.168000 5 0 1404
1654.428800 5 0 1404
1655.830400 5 0 1404
1656.976000 5 0 1404
1658.140800 5 0 1404
1659.446400 5 0 1404
1660.777600 5 0 1404
1662.096000 5 0 1404
1663.363200 5 0 1404
1664.502400 5 0 1404
1665.808000 5 0 1404
1666.953600 5 0 1404
1668.348800 5 0 1404
1669.494400 5 0 1404
1670.857600 5 0 1404
1671.996800 5 0 1404
1673.372800 5 0 1404
1674.518400 5 0 1404
1675.907200 5 0 1404
1677.046400 5 0 1404
1678.339200 5 0 1404
1679.811200 5 0 1404
1680.956800 5 0 1404
1682.096000 5 0 1404
1683.286400 5 0 1404
1684.451200 5 0 1404
1685.820800 5 0 1404
1687.203200 5 0 1404
1688.438400 5 0 1404
1689.584000 5 0 1404
1690.723200 5 0 1404
1692.099200 5 0 1404
1693.244800 5 0 1404
1694.614400 5 0 1404
1695.753600 5 0 1404
1697.091200 5 0 1404
1698.403200 5 0 1404
1699.574400 5 0 1404
1700.726400 5 0 1404
1701.929600 5 0 1404
1703.369600 5 0 1404
1704.515200 5 0 1404
1705.891200 5 0 1404
1707.030400 5 0 1404
1708.444800 5 0 1404
1709.590400 5 0 1404
1710.883200 5 0 1404
1712.214400 5 0 1404
1713.398400 5 0 1404
1714.537600 5 0 1404
1715.747200 5 0 1404
1717.174400 5 0 1404
1718.320000 5 0 1404
1719.632000 5 0 1404
1721.110400 5 0 1404
1722.249600 5 0 1404
1723.395200 5 0 1404
1724.534400 5 0 1404
1725.859200 5 0 1404
1727.004800 5 0 1404
1728.470400 5 0 1404
1729.616000 5 0 1404
1730.838400 5 0 1404
1732.227200 5 0 1404
1733.366400 5 0 1404
1734.512000 5 0 1404
1735.977600 5 0 1404
1737.200000 5 0 1404
1738.339200 5 0 1404
1739.619200 5 0 1404
1740.784000 5 0 1404
1742.140800 5 0 1404
1743.286400 5 0 1404
1744.700800 5 0 1404
1745.846400 5 0 1404
1747.030400 5 0 1404
1748.457600 5 0 1404
1749.596800 5 0 1404
1750.825600 5 0 1404
1752.246400 5 0 1404
1753.392000 5 0 1404
1754.697600 5 0 1404
1755.836800 5 0 1404
1757.168000 5 0 1404
1758.332800 5 0 1404
1759.548800 5 0 1404
1760.835200 5 0 1404
1762.275200 5 0 1404
1763.420800 5 0 1404
1764.566400 5 0 1404
1765.827200 5 0 1404
1767.113600 5 0 1404
1768.425600 5 0 1404
1769.763200 5 0 1404
1770.902400 5 0 1404
1772.048000 5 0 1404
1773.507200 5 0 1404
1774.646400 5 0 1404
1775.804800 5 0 1404
1777.072000 5 0 1404
1778.435200 5 0 1404
1779.708800 5 0 1404
1780.950400 5 0 1404
1782.096000 5 0 1404
1783.254400 5 0 1404
1784.694400 5 0 1404
1785.987200 5 0 1404
1787.267200 5 0 1404
1788.464000 5 0 1404
1789.609600 5 0 1404
1790.755200 5 0 1404
1792.112000 5 0 1404
1793.430400 5 0 1404
1794.588800 5 0 1404
1795.990400 5 0 1404
1797.129600 5 0 1404
1798.505600 5 0 1404
1799.651200 5 0 1404
1800.976000 5 0 1404
1802.121600 5 0 1404
1803.580800 5 0 1404
1804.726400 5 0 1404
1805.872000 5 0 1404
1807.100800 5 0 1404
1808.521600 5 0 1404
1809.660800 5 0 1404
1810.953600 5 0 1404
1812.131200 5 0 1404
1813.340800 5 0 1404
1814.742400 5 0 1404
1815.888000 5 0 1404
1817.302400 5 0 1404
1818.492800 5 0 1404
1819.760000 5 0 1404
1820.905600 5 0 1404
1822.128000 5 0 1404
1823.280000 5 0 1404
1824.758400 5 0 1404
1825.987200 5 0 1404
1827.254400 5 0 1404
1828.400000 5 0 1404
1829.884800 5 0 1404
1831.030400 5 0 1404
1832.214400 5 0 1404
1833.404800 5 0 1404
1834.736000 5 0 1404
1835.881600 5 0 1404
1837.097600 5 0 1404
1838.550400 5 0 1404
1839.696000 5 0 1404
1840.918400 5 0 1404
1842.147200 5 0 1404
1843.555200 5 0 1404
1844.867200 5 0 1404
1846.032000 5 0 1404
1847.177600 5 0 1404
1848.547200 5 0 1404
1849.692800 5 0 1404
1851.004800 5 0 1404
1852.150400 5 0 1404
1853.494400 5 0 1404
1854.640000 5 0 1404
1855.881600 5 0 1404
1857.283200 5 0 1404
1858.486400 5 0 1404
1859.734400 5 0 1404
1860.924800 5 0 1404
1862.313600 5 0 1404
1863.459200 5 0 1404
1864.604800 5 0 1404
1865.904000 5 0 1404
1867.305600 5 0 1404
1868.444800 5 0 1404
1869.705600 5 0 1404
1870.934400 5 0 1404
1872.316800 5 0 1404
1873.462400 5 0 1404
1874.672000 5 0 1404
1875.913600 5 0 1404
1877.193600 5 0 1404
1878.633600 5 0 1404
1879.856000 5 0 1404
1881.001600 5 0 1404
1882.166400 5 0 1404
1883.427200 5 0 1404
1884.777600 5 0 1404
1886.179200 5 0 1404
1887.324800 5 0 1404
1888.470400 5 0 1404
1889.756800 5 0 1404
1891.100800 5 0 1404
1892.240000 5 0 1404
1893.558400 5 0 1404
1894.857600 5 0 1404
1896.003200 5 0 1404
1897.148800 5 0 1404
1898.448000 5 0 1404
1899.830400 5 0 1404
1900.969600 5 0 1404
1902.249600 5 0 1404
1903.427200 5 0 1404
1904.656000 5 0 1404
1906.000000 5 0 1404
1907.344000 5 0 1404
1908.656000 5 0 1404
1909.801600 5 0 1404
1910.953600 5 0 1404
1912.227200 5 0 1404
1913.558400 5 0 1404
1914.704000 5 0 1404
1915.984000 5 0 1404
1917.411200 5 0 1404
1918.556800 5 0 1404
1919.715200 5 0 1404
1920.873600 5 0 1404
1922.320000 5 0 1404
1923.798400 5 0 1404
1924.944000 5 0 1404
1926.089600 5 0 1404
1927.324800 5 0 1404
1928.643200 5 0 1404
1929.782400 5 0 1404
1931.190400 5 0 1404
1932.336000 5 0 1404
1933.481600 5 0 1404
1934.652800 5 0 1404
1935.977600 5 0 1404
1937.225600 5 0 1404
1938.448000 5 0 1404
1939.728000 5 0 1404
1940.976000 5 0 1404
1942.288000 5 0 1404
1943.465600 5 0 1404
1944.726400 5 0 1404
1945.916800 5 0 1404
1947.248000 5 0 1404
1948.476800 5 0 1404
1949.731200 5 0 1404
1951.011200 5 0 1404
1952.240000 5 0 1404
1953.436800 5 0 1404
1954.915200 5 0 1404
1956.060800 5 0 1404
1957.251200 5 0 1404
1958.537600 5 0 1404
1959.747200 5 0 1404
1961.001600 5 0 1404
1962.192000 5 0 1404
1963.510400 5 0 1404
1964.758400 5 0 1404
1967.158400 5 0 1404
1971.049600 5 0 1404
1975.056000 5 0 1404
1978.985600 5 0 1404
1982.812800 5 0 1404
1987.075200 5 0 1404
1992.169600 5 0 1404
1996.086400 5 0 1404
1999.836800 5 0 1404
2000.969600 8 4 60
2004.585600 5 0 1404
2030.057600 8 4 60
2034.921600 4 0 1404
2036.067200 4 0 1404
2037.212800 4 0 1404
2038.352000 4 0 1404
2039.497600 4 0 1404
2040.636800 4 0 1404
2041.782400 4 0 1404
2042.921600 4 0 1404
2044.067200 4 0 1404
2045.206400 4 0 1404
2046.352000 4 0 1404
2047.491200 4 0 1404
2048.636800 4 0 1404
2049.776000 4 0 1404
2050.921600 4 0 1404
2052.060800 4 0 1404
2053.206400 4 0 1404
2054.345600 4 0 1404
2055.491200 4 0 1404
2056.630400 4 0 1404
2057.776000 4 0 1404
2058.915200 4 0 1404
2060.060800 4 0 1404
2061.200000 4 0 1404
2062.345600 4 0 1404
2063.484800 4 0 1404
2064.630400 4 0 1404
2065.769600 4 0 1404
2066.915200 4 0 1404
2068.054400 4 0 1404
2069.200000 4 0 1404
2070.339200 4 0 1404
2071.484800 4 0 1404
2072.624000 4 0 1404
2073.769600 4 0 1404
2074.908800 4 0 1404
2076.054400 4 0 1404
2077.193600 4 0 1404
2078.339200 4 0 1404
2079.478400 4 0 1404
2080.624000 4 0 1404
2081.763200 4 0 1404
2082.908800 4 0 1404
2084.048000 4 0 1404
2085.193600 4 0 1404
2086.332800 4 0 1404
2087.478400 4 0 1404
2088.617600 4 0 1404
2089.763200 4 0 1404
2090.902400 4 0 1404
2092.048000 4 0 1404
2093.187200 4 0 1404
2094.332800 4 0 1404
2095.472000 4 0 1404
2096.617600 4 0 1404
2097.756800 4 0 1404
2098.902400 4 0 1404
2100.041600 4 0 1404
2101.187200 4 0 1404
2102.326400 4 0 1404
2103.472000 4 0 1404
2104.611200 4 0 1404
2105.756800 4 0 1404
2106.896000 4 0 1404
2108.041600 4 0 1404
2109.180800 4 0 1404
2110.326400 4 0 1404
2111.465600 4 0 1404
2112.611200 4 0 1404
2113.750400 4 0 1404
2114.896000 4 0 1404
2116.035200 4 0 1404
2117.180800 4 0 1404
2118.320000 4 0 1404
2119.484800 4 0 1404
2120.988800 4 0 1404
2122.134400 4 0 1404
2123.280000 4 0 1404
2124.739200 4 0 1404
2125.878400 4 0 1404
2127.024000 4 0 1404
2128.163200 4 0 1404
2129.417600 4 0 1404
2130.672000 4 0 1404
2132.124800 4 0 1404
2133.270400 4 0 1404
2134.416000 4 0 1404
2135.907200 4 0 1404
2137.046400 4 0 1404
2138.192000 4 0 1404
2139.478400 4 0 1404
2140.809600 4 0 1404
2141.948800 4 0 1404
2143.209600 4 0 1404
2144.502400 4 0 1404
2146.134400 4 0 1404
2147.280000 4 0 1404
2148.425600 4 0 1404
2149.564800 4 0 1404
2151.017600 4 0 1404
2152.163200 4 0 1404
2153.308800 4 0 1404
2154.678400 4 0 1404
2155.836800 4 0 1404
2156.976000 4 0 1404
2158.172800 4 0 1404
2159.510400 4 0 1404
2160.656000 4 0 1404
2161.974400 4 0 1404
2163.216000 4 0 1404
2164.438400 4 0 1404
2165.808000 4 0 1404
2166.953600 4 0 1404
2168.246400 4 0 1404
2169.520000 4 0 1404
2170.793600 4 0 1404
2172.099200 4 0 1404
2173.468800 4 0 1404
2174.614400 4 0 1404
2175.760000 4 0 1404
2176.937600 4 0 1404
2178.204800 4 0 1404
2179.632000 4 0 1404
2180.771200 4 0 1404
2182.000000 4 0 1404
2183.292800 4 0 1404
2184.694400 4 0 1404
2185.840000 4 0 1404
2187.024000 4 0 1404
2188.387200 4 0 1404
2189.532800 4 0 1404
2190.678400 4 0 1404
2192.016000 4 0 1404
2193.174400 4 0 1404
2194.576000 4 0 1404
2195.760000 4 0 1404
2196.982400 4 0 1404
2198.262400 4 0 1404
2199.657600 4 0 1404
2200.931200 4 0 1404
2202.070400 4 0 1404
2203.267200 4 0 1404
2204.624000 4 0 1404
2205.769600 4 0 1404
2207.017600 4 0 1404
2208.278400 4 0 1404
2209.449600 4 0 1404
2210.768000 4 0 1404
2212.105600 4 0 1404
2213.321600 4 0 1404
2214.620800 4 0 1404
2215.766400 4 0 1404
2216.988800 4 0 1404
2218.595200 4 0 1404
2219.740800 4 0 1404
2220.886400 4 0 1404
2222.166400 4 0 1404
2223.305600 4 0 1404
2224.489600 4 0 1404
2225.878400 4 0 1404
2227.203200 4 0 1404
2228.457600 4 0 1404
2229.603200 4 0 1404
2230.825600 4 0 1404
2232.003200 4 0 1404
2233.283200 4 0 1404
2234.448000 4 0 1404
2235.939200 4 0 1404
2237.084800 4 0 1404
2238.275200 4 0 1404
2239.612800 4 0 1404
2241.104000 4 0 1404
2242.249600 4 0 1404
2243.395200 4 0 1404
2244.739200 4 0 1404
2245.878400 4 0 1404
2247.024000 4 0 1404
2248.720000 4 0 1404
2249.859200 4 0 1404
2251.004800 4 0 1404
2252.227200 4 0 1404
2253.366400 4 0 1404
2254.550400 4 0 1404
2255.920000 4 0 1404
2257.084800 4 0 1404
2258.262400 4 0 1404
2259.849600 4 0 1404
2260.995200 4 0 1404
2262.140800 4 0 1404
2263.280000 4 0 1404
2264.540800 4 0 1404
2265.910400 4 0 1404
2267.056000 4 0 1404
2268.329600 4 0 1404
2269.545600 4 0 1404
2270.998400 4 0 1404
2272.144000 4 0 1404
2273.315200 4 0 1404
2274.883200 4 0 1404
2276.028800 4 0 1404
2277.174400 4 0 1404
2278.358400 4 0 1404
2279.670400 4 0 1404
2280.931200 4 0 1404
2282.089600 4 0 1404
2283.267200 4 0 1404
2284.694400 4 0 1404
2285.948800 4 0 1404
2287.088000 4 0 1404
2288.534400 4 0 1404
2289.763200 4 0 1404
2290.908800 4 0 1404
2292.086400 4 0 1404
2293.436800 4 0 1404
2294.672000 4 0 1404
2295.817600 4 0 1404
2297.110400 4 0 1404
2298.320000 4 0 1404
2299.670400 4 0 1404
2301.104000 4 0 1404
2302.249600 4 0 1404
2303.395200 4 0 1404
2304.752000 4 0 1404
2305.910400 4 0 1404
2307.049600 4 0 1404
2308.688000 4 0 1404
2309.833600 4 0 1404
2310.979200 4 0 1404
2312.118400 4 0 1404
2313.520000 4 0 1404
2314.665600 4 0 1404
2315.932800 4 0 1404
2317.084800 4 0 1404
2318.339200 4 0 1404
2319.817600 4 0 1404
2320.963200 4 0 1404
2322.108800 4 0 1404
2323.324800 4 0 1404
2326.755200 4 0 1404
2327.894400 4 0 1404
2329.040000 4 0 1404
2330.179200 4 0 1404
2331.324800 4 0 1404
2332.464000 4 0 1404
2333.609600 4 0 1404
2334.748800 4 0 1404
2335.894400 4 0 1404
2337.033600 4 0 1404
2338.179200 4 0 1404
2339.312000 2 0 1400
2340.438400 4 0 1404
2341.571200 4 0 1404
2342.704000 4 0 1404
2343.836800 4 0 1404
2344.969600 4 0 1404
2346.102400 4 0 1404
2347.235200 4 0 1404
2348.368000 4 0 1404
2349.564800 0 0 1400
2350.723200 1 0 1400
2351.849600 4 0 1404
2352.982400 4 0 1404
2354.115200 3 0 1400
2355.241600 4 0 1404
2356.374400 -1 5 70
2356.438400 4 0 1404
2357.571200 4 0 1404
2358.704000 4 0 1404
2359.836800 4 0 1404
2360.969600 4 0 1404
2362.102400 4 0 1404
2363.235200 4 0 1404
2364.368000 4 0 1404
2365.500800 4 0 1404
2366.633600 4 0 1404
2367.766400 4 0 1404
2368.899200 4 0 1404
2370.032000 4 0 1404
2371.164800 4 0 1404
2372.297600 4 0 1404
2373.430400 4 0 1404
2374.870400 4 0 1404
2376.009600 4 0 1404
2377.155200 4 0 1404
2378.294400 4 0 1404
2379.440000 4 0 1404
2380.579200 4 0 1404
2381.724800 4 0 1404
2382.864000 4 0 1404
2384.009600 4 0 1404
2385.148800 4 0 1404
2386.294400 4 0 1404
2387.433600 4 0 1404
2388.579200 4 0 1404
2389.718400 4 0 1404
2390.864000 4 0 1404
2392.003200 4 0 1404
2393.136000 2 0 1400
2394.262400 4 0 1404
2395.395200 0 0 1400
2396.521600 1 0 1400
2397.648000 4 0 1404
2398.780800 3 0 1400
2399.907200 4 0 1404
2401.040000 4 0 1404
2402.172800 4 0 1404
2403.305600 4 0 1404
2404.438400 4 0 1404
2405.571200 4 0 1404
2406.704000 4 0 1404
2407.836800 4 0 1404
2408.969600 4 0 1404
2410.102400 4 0 1404
2411.235200 4 0 1404
2412.368000 4 0 1404
2413.500800 4 0 1404
2414.633600 4 0 1404
2415.766400 4 0 1404
2416.899200 4 0 1404
2418.032000 4 0 1404
2419.164800 4 0 1404
2420.560000 4 0 1404
2421.705600 4 0 1404
2422.844800 4 0 1404
2423.990400 4 0 1404
2425.129600 4 0 1404
2426.275200 4 0 1404
2427.414400 4 0 1404
2428.560000 4 0 1404
2429.699200 4 0 1404
2430.844800 4 0 1404
2431.977600 3 0 1400
2433.104000 4 0 1404
2434.236800 4 0 1404
2435.369600 4 0 1404
2436.502400 4 0 1404
2437.635200 4 0 1404
2438.768000 2 0 1400
2439.894400 0 0 1400
2441.020800 1 0 1400
2442.147200 4 0 1404
2443.280000 4 0 1404
2444.412800 4 0 1404
2445.545600 4 0 1404
2446.678400 4 0 1404
2447.811200 4 0 1404
2448.944000 4 0 1404
2450.076800 4 0 1404
2451.209600 4 0 1404
2452.342400 4 0 1404
2453.475200 4 0 1404
2454.608000 4 0 1404
2455.740800 4 0 1404
2456.873600 4 0 1404
2458.006400 4 0 1404
2459.139200 4 0 1404
2460.272000 4 0 1404
2461.404800 4 0 1404
2462.537600 4 0 1404
2463.670400 4 0 1404
2464.803200 4 0 1404
2465.936000 4 0 1404
2467.401600 4 0 1404
2468.540800 4 0 1404
2469.686400 4 0 1404
2470.825600 4 0 1404
2471.971200 4 0 1404
2473.110400 4 0 1404
2474.256000 4 0 1404
2475.395200 4 0 1404
2476.540800 4 0 1404
2477.680000 4 0 1404
2478.825600 4 0 1404
2479.964800 4 0 1404
2483.248000 2 0 1400
2485.539200 0 0 1400
2486.678400 1 0 1400
2490.921600 3 0 1400
2500.073600 8 4 60
2515.900800 2 0 1400
2517.897600 0 0 1400
2519.036800 1 0 1400
2530.057600 8 4 60
2535.971200 3 0 1400
2537.097600 6 0 1404
2538.230400 6 0 1404
2539.363200 6 0 1404
2540.496000 6 0 1404
2541.628800 6 0 1404
2542.761600 6 0 1404
2543.894400 6 0 1404
2545.027200 6 0 1404
2546.160000 6 0 1404
2547.292800 6 0 1404
2548.425600 6 0 1404
2549.558400 6 0 1404
2550.691200 6 0 1404
2551.824000 6 0 1404
2552.956800 6 0 1404
2554.089600 6 0 1404
2555.222400 6 0 1404
2556.355200 6 0 1404
2557.488000 6 0 1404
2560.310400 6 0 1404
2561.449600 6 0 1404
2562.595200 6 0 1404
2563.734400 6 0 1404
2564.880000 6 0 1404
2566.019200 6 0 1404
2567.164800 6 0 1404
2568.304000 6 0 1404
2569.449600 6 0 1404
2570.588800 6 0 1404
2571.734400 6 0 1404
2572.873600 6 0 1404
2574.006400 2 0 1400
2576.297600 6 0 1404
2577.430400 0 0 1400
2578.556800 1 0 1400
2579.683200 6 0 1404
2580.816000 6 0 1404
2581.948800 6 0 1404
2583.081600 6 0 1404
2584.214400 6 0 1404
2585.347200 6 0 1404
2586.480000 6 0 1404
2587.612800 6 0 1404
2588.745600 6 0 1404
2589.878400 6 0 1404
2591.011200 6 0 1404
2592.144000 6 0 1404
2593.276800 6 0 1404
2594.409600 3 0 1400
2595.536000 6 0 1404
2596.668800 6 0 1404
2597.801600 6 0 1404
2598.934400 6 0 1404
2600.067200 6 0 1404
2601.200000 6 0 1404
2602.332800 6 0 1404
2603.465600 6 0 1404
2604.598400 6 0 1404
2605.731200 6 0 1404
2606.864000 6 0 1404
2607.996800 6 0 1404
2609.129600 6 0 1404
2610.262400 6 0 1404
2611.395200 1 0 1400
2612.521600 6 0 1404
2613.654400 6 0 1404
2614.787200 6 0 1404
2615.920000 6 0 1404
2617.052800 6 0 1404
2618.185600 2 0 1400
2619.312000 6 0 1404
2620.444800 0 0 1400
2621.571200 6 0 1404
2622.704000 6 0 1404
2623.836800 6 0 1404
2624.969600 6 0 1404
2626.102400 6 0 1404
2627.235200 6 0 1404
2628.368000 6 0 1404
2629.500800 6 0 1404
2630.633600 6 0 1404
2631.766400 6 0 1404
2632.899200 6 0 1404
2634.032000 6 0 1404
2635.164800 6 0 1404
2636.297600 6 0 1404
2637.430400 6 0 1404
2638.563200 3 0 1400
2639.689600 6 0 1404
2640.822400 6 0 1404
2641.955200 6 0 1404
2643.088000 6 0 1404
2644.220800 6 0 1404
2645.353600 6 0 1404
2646.486400 6 0 1404
2647.619200 6 0 1404
2648.752000 6 0 1404
2649.884800 6 0 1404
2651.017600 6 0 1404
2652.150400 6 0 1404
2653.283200 6 0 1404
2654.416000 6 0 1404
2655.548800 6 0 1404
2656.681600 0 0 1400
2657.808000 1 0 1400
2658.934400 6 0 1404
2660.067200 6 0 1404
2661.200000 6 0 1404
2662.332800 6 0 1404
2663.465600 6 0 1404
2664.598400 6 0 1404
2665.731200 6 0 1404
2666.864000 6 0 1404
2667.996800 6 0 1404
2669.129600 6 0 1404
2670.262400 6 0 1404
2671.395200 6 0 1404
2672.528000 6 0 1404
2673.660800 6 0 1404
2674.793600 6 0 1404
2675.926400 2 0 1400
2677.052800 6 0 1404
2678.185600 6 0 1404
2679.318400 6 0 1404
2680.451200 6 0 1404
2681.584000 6 0 1404
2682.716800 6 0 1404
2683.849600 3 0 1400
2684.976000 6 0 1404
2686.108800 6 0 1404
2687.241600 6 0 1404
2688.374400 6 0 1404
2689.507200 6 0 1404
2690.640000 6 0 1404
2691.772800 6 0 1404
2692.905600 6 0 1404
2694.038400 6 0 1404
2695.171200 6 0 1404
2696.304000 6 0 1404
2697.436800 6 0 1404
2698.569600 6 0 1404
2699.702400 6 0 1404
2700.835200 6 0 1404
2701.968000 6 0 1404
2703.113600 6 0 1404
2704.252800 6 0 1404
2705.398400 6 0 1404
2706.537600 6 0 1404
2707.683200 6 0 1404
2708.822400 6 0 1404
2709.968000 6 0 1404
2711.107200 6 0 1404
2712.252800 6 0 1404
2713.392000 6 0 1404
2714.537600 6 0 1404
2715.676800 6 0 1404
2716.822400 6 0 1404
2717.961600 6 0 1404
2719.107200 6 0 1404
2720.931200 2 0 1400
2722.070400 0 0 1400
2723.196800 6 0 1404
2724.329600 1 0 1400
2725.456000 6 0 1404
2726.588800 6 0 1404
2727.721600 6 0 1404
2728.854400 3 0 1400
2729.980800 6 0 1404
2731.113600 6 0 1404
2732.246400 6 0 1404
2733.379200 6 0 1404
2734.512000 6 0 1404
2735.644800 6 0 1404
2736.777600 6 0 1404
2737.910400 6 0 1404
2739.043200 6 0 1404
2740.176000 6 0 1404
2741.308800 6 0 1404
2742.441600 6 0 1404
2743.574400 6 0 1404
2744.707200 6 0 1404
2745.840000 6 0 1404
2746.972800 6 0 1404
2748.105600 6 0 1404
2749.238400 6 0 1404
2750.371200 6 0 1404
2751.504000 6 0 1404
2752.636800 6 0 1404
2753.769600 6 0 1404
2754.902400 6 0 1404
2756.035200 2 0 1400
2757.161600 6 0 1404
2758.294400 6 0 1404
2759.427200 6 0 1404
2760.560000 6 0 1404
2761.692800 6 0 1404
2762.825600 6 0 1404
2763.958400 6 0 1404
2765.091200 6 0 1404
2766.224000 6 0 1404
2767.740800 0 0 1400
2768.867200 6 0 1404
2770.000000 1 0 1400
2771.126400 6 0 1404
2772.259200 6 0 1404
2773.392000 3 0 1400
2774.518400 6 0 1404
2775.651200 6 0 1404
2776.784000 6 0 1404
2777.916800 6 0 1404
2779.049600 6 0 1404
2780.182400 6 0 1404
2781.315200 6 0 1404
2782.448000 6 0 1404
2783.580800 6 0 1404
2784.713600 6 0 1404
2785.846400 6 0 1404
2786.979200 6 0 1404
2788.112000 6 0 1404
2789.244800 6 0 1404
2790.377600 6 0 1404
2791.510400 6 0 1404
2792.643200 6 0 1404
2793.776000 6 0 1404
2794.908800 6 0 1404
2796.041600 6 0 1404
2797.174400 6 0 1404
2798.307200 6 0 1404
2799.440000 6 0 1404
2800.572800 6 0 1404
2801.705600 6 0 1404
2802.838400 6 0 1404
2803.971200 6 0 1404
2805.104000 6 0 1404
2806.236800 6 0 1404
2807.369600 6 0 1404
2808.502400 6 0 1404
2809.635200 6 0 1404
2810.768000 2 0 1400
2812.297600 0 0 1400
2813.424000 6 0 1404
2814.556800 1 0 1400
2815.683200 6 0 1404
2816.816000 6 0 1404
2817.948800 6 0 1404
2819.081600 3 0 1400
2820.208000 6 0 1404
2821.340800 6 0 1404
2822.473600 6 0 1404
2823.606400 6 0 1404
2824.739200 6 0 1404
2825.872000 6 0 1404
2827.004800 6 0 1404
2828.137600 6 0 1404
2829.270400 6 0 1404
2830.403200 6 0 1404
2831.536000 6 0 1404
2832.668800 6 0 1404
2833.801600 6 0 1404
2834.934400 6 0 1404
2836.067200 6 0 1404
2837.200000 6 0 1404
2838.332800 6 0 1404
2839.465600 6 0 1404
2840.598400 6 0 1404
2841.731200 6 0 1404
2842.864000 6 0 1404
2843.996800 6 0 1404
2845.129600 6 0 1404
2846.262400 6 0 1404
2847.395200 6 0 1404
2848.528000 6 0 1404
2849.660800 6 0 1404
2850.793600 6 0 1404
2851.926400 6 0 1404
2853.059200 6 0 1404
2854.192000 6 0 1404
2855.324800 6 0 1404
2856.457600 2 0 1400
2857.584000 0 0 1400
2858.710400 6 0 1404
2859.843200 1 0 1400
2860.969600 6 0 1404
2862.102400 6 0 1404
2863.235200 6 0 1404
2864.368000 3 0 1400
2865.494400 6 0 1404
2866.627200 6 0 1404
2867.760000 6 0 1404
2868.892800 6 0 1404
2870.025600 6 0 1404
2871.158400 6 0 1404
2872.291200 6 0 1404
2873.424000 6 0 1404
2874.556800 6 0 1404
2875.689600 6 0 1404
2876.822400 6 0 1404
2877.955200 6 0 1404
2879.088000 6 0 1404
2880.220800 6 0 1404
2881.353600 6 0 1404
2882.486400 6 0 1404
2883.619200 6 0 1404
2884.752000 6 0 1404
2885.884800 6 0 1404
2887.017600 6 0 1404
2888.188800 6 0 1404
2889.328000 6 0 1404
2890.473600 6 0 1404
2891.612800 6 0 1404
2892.758400 6 0 1404
2893.897600 6 0 1404
2895.043200 6 0 1404
2896.182400 6 0 1404
2897.328000 6 0 1404
2898.467200 6 0 1404
2899.612800 6 0 1404
2900.752000 6 0 1404
2901.884800 2 0 1400
2903.011200 0 0 1400
2904.137600 1 0 1400
2905.264000 6 0 1404
2906.396800 6 0 1404
2907.529600 6 0 1404
2908.662400 6 0 1404
2909.795200 3 0 1400
2910.921600 6 0 1404
2912.054400 6 0 1404
2913.187200 6 0 1404
2914.320000 6 0 1404
2915.452800 6 0 1404
2916.585600 6 0 1404
2917.718400 6 0 1404
2918.851200 6 0 1404
2919.984000 6 0 1404
2921.116800 6 0 1404
2922.249600 6 0 1404
2923.382400 6 0 1404
2924.515200 6 0 1404
2925.648000 6 0 1404
2926.780800 6 0 1404
2927.913600 6 0 1404
2929.046400 6 0 1404
2930.179200 6 0 1404
2931.312000 6 0 1404
2932.444800 6 0 1404
2933.577600 6 0 1404
2935.017600 6 0 1404
2936.163200 6 0 1404
2937.308800 6 0 1404
2938.448000 6 0 1404
2939.593600 6 0 1404
2940.732800 6 0 1404
2941.878400 6 0 1404
2943.017600 6 0 1404
2944.163200 6 0 1404
2945.302400 6 0 1404
2946.448000 6 0 1404
2947.580800 2 0 1400
2948.707200 0 0 1400
2949.833600 1 0 1400
2950.960000 6 0 1404
2952.092800 6 0 1404
2953.225600 6 0 1404
2954.358400 3 0 1400
2955.484800 6 0 1404
2956.617600 6 0 1404
2957.750400 6 0 1404
2958.883200 6 0 1404
2960.016000 6 0 1404
2961.148800 6 0 1404
2962.281600 6 0 1404
2963.414400 6 0 1404
2964.547200 6 0 1404
2965.680000 6 0 1404
2966.812800 6 0 1404
2967.945600 6 0 1404
2969.078400 6 0 1404
2970.211200 6 0 1404
2971.344000 6 0 1404
2972.476800 6 0 1404
2973.609600 6 0 1404
2974.742400 6 0 1404
2975.875200 6 0 1404
2977.008000 6 0 1404
2978.140800 6 0 1404
2979.273600 6 0 1404
2980.406400 2 0 1400
2981.865600 6 0 1404
2983.004800 6 0 1404
2984.150400 6 0 1404
2985.289600 6 0 1404
2986.435200 6 0 1404
2987.574400 6 0 1404
2988.720000 6 0 1404
2989.859200 6 0 1404
2991.004800 6 0 1404
2992.144000 6 0 1404
2993.276800 0 0 1400
2994.403200 1 0 1400
2995.529600 6 0 1404
2996.662400 6 0 1404
2997.795200 6 0 1404
2998.928000 6 0 1404
3000.060800 3 0 1400
3001.187200 -1 2 64
3001.244800 8 4 60
3001.302400 6 0 1404
3002.435200 6 0 1404
3003.568000 6 0 1404
3004.700800 6 0 1404
3005.833600 6 0 1404
3006.966400 6 0 1404
3008.099200 6 0 1404
3030.057600 8 4 60
3034.934400 3 0 1404
3049.340800 3 0 1404
3050.473600 1 0 1400
3055.081600 3 0 1404
3059.900800 3 0 1404
3066.364800 3 0 1404
3070.928000 3 0 1404
3076.873600 3 0 1404
3081.942400 3 0 1404
3087.766400 3 0 1404
3092.617600 3 0 1404
3099.177600 3 0 1404
3103.408000 3 0 1404
3109.692800 3 0 1404
3114.940800 3 0 1404
3120.643200 3 0 1404
3126.544000 3 0 1404
3131.913600 3 0 1404
3137.628800 3 0 1404
3142.716800 3 0 1404
3148.624000 3 0 1404
3153.609600 3 0 1404
3159.478400 3 0 1404
3164.899200 3 0 1404
3170.524800 3 0 1404
3175.683200 3 0 1404
3181.833600 3 0 1404
3186.691200 3 0 1404
3192.464000 3 0 1404
3197.756800 3 0 1404
3203.542400 3 0 1404
3209.846400 3 0 1404
3214.787200 3 0 1404
3220.860800 3 0 1404
3225.462400 3 0 1404
3231.830400 3 0 1404
3236.508800 3 0 1404
3242.723200 3 0 1404
3247.804800 3 0 1404
3253.724800 3 0 1404
3258.678400 3 0 1404
3265.833600 3 0 1404
3269.417600 3 0 1404
3275.664000 3 0 1404
3281.148800 3 0 1404
3286.736000 3 0 1404
3292.643200 3 0 1404
3297.833600 3 0 1404
3303.510400 3 0 1404
3308.662400 3 0 1404
3315.203200 3 0 1404
3319.964800 3 0 1404
3325.552000 3 0 1404
3331.280000 3 0 1404
3336.649600 3 0 1404
3341.846400 3 0 1404
3348.265600 3 0 1404
3352.809600 3 0 1404
3358.544000 3 0 1404
3363.907200 3 0 1404
3369.507200 3 0 1404
3375.638400 3 0 1404
3376.771200 8 4 60
3406.057600 8 4 60
3410.947200 2 0 1404
3412.092800 2 0 1404
3413.232000 2 0 1404
3414.377600 2 0 1404
3415.516800 2 0 1404
3416.662400 2 0 1404
3417.801600 2 0 1404
3418.947200 2 0 1404
3420.086400 2 0 1404
3421.232000 2 0 1404
3422.371200 2 0 1404
3423.516800 2 0 1404
3424.656000 2 0 1404
3425.801600 2 0 1404
3426.940800 2 0 1404
3428.086400 2 0 1404
3429.225600 2 0 1404
3430.371200 2 0 1404
3431.510400 2 0 1404
3432.656000 2 0 1404
3433.795200 2 0 1404
3434.940800 2 0 1404
3436.080000 2 0 1404
3437.225600 2 0 1404
3438.364800 2 0 1404
3439.510400 2 0 1404
3440.649600 2 0 1404
3441.795200 2 0 1404
3442.934400 2 0 1404
3444.080000 2 0 1404
3445.219200 2 0 1404
3446.364800 2 0 1404
3447.504000 2 0 1404
3448.649600 2 0 1404
3449.788800 2 0 1404
3450.934400 2 0 1404
3452.073600 2 0 1404
3453.219200 2 0 1404
3454.358400 2 0 1404
3455.504000 2 0 1404
3456.643200 2 0 1404
3457.788800 2 0 1404
3458.928000 2 0 1404
3460.073600 2 0 1404
3461.212800 2 0 1404
3462.358400 2 0 1404
3463.497600 2 0 1404
3464.643200 2 0 1404
3465.782400 2 0 1404
3466.928000 2 0 1404
3468.067200 2 0 1404
3469.212800 2 0 1404
3470.352000 2 0 1404
3471.497600 2 0 1404
3472.636800 2 0 1404
3473.782400 2 0 1404
3474.921600 2 0 1404
3476.067200 2 0 1404
3477.206400 2 0 1404
3478.352000 2 0 1404
3479.491200 2 0 1404
3480.636800 2 0 1404
3481.776000 2 0 1404
3482.921600 2 0 1404
3484.060800 2 0 1404
3485.206400 2 0 1404
3486.345600 2 0 1404
3487.491200 2 0 1404
3488.630400 2 0 1404
3489.776000 2 0 1404
3490.915200 2 0 1404
3492.060800 2 0 1404
3493.200000 2 0 1404
3494.345600 2 0 1404
3495.555200 2 0 1404
3496.739200 2 0 1404
3498.076800 2 0 1404
3499.369600 2 0 1404
3500.508800 2 0 1404
3501.846400 2 0 1404
3502.992000 2 0 1404
3504.195200 2 0 1404
3505.558400 2 0 1404
3506.697600 2 0 1404
3507.952000 2 0 1404
3509.622400 2 0 1404
3514.595200 2 0 1404
3520.137600 2 0 1404
3525.360000 2 0 1404
3531.203200 2 0 1404
3537.552000 2 0 1404
3542.582400 2 0 1404
3548.368000 2 0 1404
3553.193600 2 0 1404
3559.587200 2 0 1404
3564.009600 2 0 1404
3570.313600 2 0 1404
3575.696000 2 0 1404
3581.302400 2 0 1404
3586.243200 2 0 1404
3592.835200 2 0 1404
3597.193600 2 0 1404
3603.356800 2 0 1404
3608.777600 2 0 1404
3614.262400 2 0 1404
3620.304000 2 0 1404
3625.392000 2 0 1404
3630.998400 2 0 1404
3636.297600 2 0 1404
3642.563200 2 0 1404
3647.459200 2 0 1404
3653.123200 2 0 1404
3658.608000 2 0 1404
3664.144000 2 0 1404
3671.555200 2 0 1404
3676.611200 2 0 1404
3681.795200 2 0 1404
3686.243200 2 0 1404
3691.273600 2 0 1404
3697.372800 2 0 1404
3704.969600 2 0 1404
3709.641600 2 0 1404
3715.766400 2 0 1404
3720.464000 2 0 1404
3726.780800 2 0 1404
3732.899200 2 0 1404
3736.918400 2 0 1404
3741.584000 2 0 1404
3748.073600 2 0 1404
3752.073600 8 4 60
3752.240000 2 0 1404
3782.057600 8 4 60
3786.928000 1 0 1404
3788.073600 1 0 1404
3789.219200 1 0 1404
3790.358400 1 0 1404
3791.504000 1 0 1404
3792.643200 1 0 1404
3793.788800 1 0 1404
3794.934400 1 0 1404
3796.080000 1 0 1404
3797.225600 1 0 1404
3798.364800 1 0 1404
3799.510400 1 0 1404
3800.649600 1 0 1404
3801.795200 1 0 1404
3802.934400 1 0 1404
3804.080000 1 0 1404
3805.219200 1 0 1404
3806.364800 1 0 1404
3807.504000 1 0 1404
3808.649600 1 0 1404
3809.788800 1 0 1404
3810.934400 1 0 1404
3812.073600 1 0 1404
3813.219200 1 0 1404
3814.358400 1 0 1404
3815.504000 1 0 1404
3816.643200 1 0 1404
3817.788800 1 0 1404
3818.928000 1 0 1404
3820.073600 1 0 1404
3821.212800 1 0 1404
3822.358400 1 0 1404
3823.497600 1 0 1404
3824.643200 1 0 1404
3825.782400 1 0 1404
3826.928000 1 0 1404
3828.067200 1 0 1404
3829.212800 1 0 1404
3830.352000 1 0 1404
3831.497600 1 0 1404
3832.636800 1 0 1404
3833.782400 1 0 1404
3834.921600 1 0 1404
3836.067200 1 0 1404
3837.206400 1 0 1404
3838.352000 1 0 1404
3839.491200 1 0 1404
3840.636800 1 0 1404
3841.776000 1 0 1404
3842.921600 1 0 1404
3844.060800 1 0 1404
3845.206400 1 0 1404
3846.345600 1 0 1404
3847.491200 1 0 1404
3848.630400 1 0 1404
3849.776000 1 0 1404
3850.915200 1 0 1404
3852.060800 1 0 1404
3853.200000 1 0 1404
3854.345600 1 0 1404
3855.478400 -1 5 70
3855.542400 1 0 1404
3856.675200 1 0 1404
3857.808000 1 0 1404
3858.940800 1 0 1404
3860.073600 1 0 1404
3861.206400 1 0 1404
3862.339200 1 0 1404
3863.484800 1 0 1404
3864.624000 1 0 1404
3865.769600 1 0 1404
3866.908800 1 0 1404
3868.054400 1 0 1404
3869.193600 1 0 1404
3870.339200 1 0 1404
3871.612800 1 0 1404
3872.899200 1 0 1404
3874.057600 1 0 1404
3875.427200 1 0 1404
3876.566400 1 0 1404
3877.776000 1 0 1404
3879.139200 1 0 1404
3880.361600 1 0 1404
3881.507200 1 0 1404
3882.736000 1 0 1404
3883.875200 1 0 1404
3885.257600 1 0 1404
3886.467200 1 0 1404
3887.683200 1 0 1404
3888.937600 1 0 1404
3890.288000 1 0 1404
3891.664000 1 0 1404
3892.809600 1 0 1404
3893.987200 1 0 1404
3895.363200 1 0 1404
3896.528000 1 0 1404
3897.910400 1 0 1404
3899.049600 1 0 1404
3900.195200 1 0 1404
3901.724800 1 0 1404
3902.864000 1 0 1404
3904.041600 1 0 1404
3905.430400 1 0 1404
3906.576000 1 0 1404
3907.715200 1 0 1404
3909.110400 1 0 1404
3910.256000 1 0 1404
3911.638400 1 0 1404
3912.777600 1 0 1404
3913.923200 1 0 1404
3915.158400 1 0 1404
3916.624000 1 0 1404
3917.808000 1 0 1404
3919.254400 1 0 1404
3920.393600 1 0 1404
3921.539200 1 0 1404
3922.851200 1 0 1404
3924.112000 1 0 1404
3925.251200 1 0 1404
3926.473600 1 0 1404
3928.092800 1 0 1404
3929.238400 1 0 1404
3930.428800 1 0 1404
3931.676800 1 0 1404
3932.816000 1 0 1404
3934.134400 1 0 1404
3935.292800 1 0 1404
3936.560000 1 0 1404
3937.833600 1 0 1404
3939.388800 1 0 1404
3940.534400 1 0 1404
3941.673600 1 0 1404
3943.068800 1 0 1404
3944.214400 1 0 1404
3945.353600 1 0 1404
3946.556800 1 0 1404
3947.920000 1 0 1404
3949.104000 1 0 1404
3950.300800 1 0 1404
3951.497600 1 0 1404
3952.835200 1 0 1404
3954.396800 1 0 1404
3955.542400 1 0 1404
3956.681600 1 0 1404
3957.859200 1 0 1404
3959.094400 1 0 1404
3960.355200 1 0 1404
3961.545600 1 0 1404
3962.768000 1 0 1404
3964.137600 1 0 1404
3965.308800 1 0 1404
3966.678400 1 0 1404
3967.926400 1 0 1404
3969.072000 1 0 1404
3970.288000 1 0 1404
3971.644800 1 0 1404
3972.809600 1 0 1404
3973.987200 1 0 1404
3975.350400 1 0 1404
3976.579200 1 0 1404
3978.012800 1 0 1404
3979.164800 1 0 1404
3980.329600 1 0 1404
3981.532800 1 0 1404
3982.864000 1 0 1404
3984.176000 1 0 1404
3985.315200 1 0 1404
3986.569600 1 0 1404
3987.856000 1 0 1404
3989.001600 1 0 1404
3990.236800 1 0 1404
3991.568000 1 0 1404
3993.123200 1 0 1404
3998.940800 1 0 1404
4003.427200 1 0 1404
4009.571200 1 0 1404
4014.492800 1 0 1404
4020.585600 1 0 1404
4026.486400 1 0 1404
4031.651200 1 0 1404
4038.454400 1 0 1404
4043.504000 1 0 1404
4048.745600 1 0 1404
4053.520000 1 0 1404
4059.427200 1 0 1404
4065.340800 1 0 1404
4071.011200 1 0 1404
4076.278400 1 0 1404
4081.980800 1 0 1404
4087.280000 1 0 1404
4093.212800 1 0 1404
4098.505600 1 0 1404
4104.412800 1 0 1404
4110.486400 1 0 1404
4114.755200 1 0 1404
4120.547200 1 0 1404
4125.456000 1 0 1404
4128.073600 8 4 60
4132.412800 1 0 1404
4158.057600 8 4 60
4162.940800 0 0 1404
4164.080000 0 0 1404
4165.225600 0 0 1404
4166.364800 0 0 1404
4167.510400 0 0 1404
4168.649600 0 0 1404
4169.795200 0 0 1404
4170.934400 0 0 1404
4172.080000 0 0 1404
4173.219200 0 0 1404
4174.364800 0 0 1404
4175.504000 0 0 1404
4176.649600 0 0 1404
4177.788800 0 0 1404
4178.934400 0 0 1404
4180.073600 0 0 1404
4181.219200 0 0 1404
4182.358400 0 0 1404
4183.504000 0 0 1404
4184.643200 0 0 1404
4185.788800 0 0 1404
4186.928000 0 0 1404
4188.073600 0 0 1404
4189.212800 0 0 1404
4190.358400 0 0 1404
4191.497600 0 0 1404
4192.643200 0 0 1404
4193.782400 0 0 1404
4194.928000 0 0 1404
4196.067200 0 0 1404
4197.212800 0 0 1404
4198.352000 0 0 1404
4199.497600 0 0 1404
4200.636800 0 0 1404
4201.782400 0 0 1404
4202.921600 0 0 1404
4204.067200 0 0 1404
4205.206400 0 0 1404
4206.352000 0 0 1404
4207.491200 0 0 1404
4208.636800 0 0 1404
4209.776000 0 0 1404
4210.921600 0 0 1404
4212.060800 0 0 1404
4213.206400 0 0 1404
4214.345600 0 0 1404
4215.491200 0 0 1404
4216.630400 0 0 1404
4217.776000 0 0 1404
4218.915200 0 0 1404
4220.060800 0 0 1404
4221.200000 0 0 1404
4222.345600 0 0 1404
4223.484800 0 0 1404
4224.630400 0 0 1404
4225.769600 0 0 1404
4226.915200 0 0 1404
4228.054400 0 0 1404
4229.200000 0 0 1404
4230.339200 0 0 1404
4231.484800 0 0 1404
4232.624000 0 0 1404
4233.769600 0 0 1404
4234.908800 0 0 1404
4236.054400 0 0 1404
4237.193600 0 0 1404
4238.339200 0 0 1404
4239.478400 0 0 1404
4240.624000 0 0 1404
4241.763200 0 0 1404
4242.908800 0 0 1404
4244.048000 0 0 1404
4245.193600 0 0 1404
4246.460800 0 0 1404
4247.600000 0 0 1404
4248.880000 0 0 1404
4250.057600 0 0 1404
4251.254400 0 0 1404
4252.566400 0 0 1404
4253.980800 0 0 1404
4255.126400 0 0 1404
4256.265600 0 0 1404
4257.449600 0 0 1404
4258.736000 0 0 1404
4259.881600 0 0 1404
4261.443200 0 0 1404
4262.582400 0 0 1404
4263.728000 0 0 1404
4265.264000 0 0 1404
4266.403200 0 0 1404
4267.548800 0 0 1404
4268.713600 0 0 1404
4269.936000 0 0 1404
4271.344000 0 0 1404
4272.483200 0 0 1404
4273.686400 0 0 1404
4275.049600 0 0 1404
4276.195200 0 0 1404
4277.456000 0 0 1404
4278.800000 0 0 1404
4280.291200 0 0 1404
4281.430400 0 0 1404
4282.576000 0 0 1404
4283.843200 0 0 1404
4285.168000 0 0 1404
4286.416000 0 0 1404
4287.555200 0 0 1404
4288.700800 0 0 1404
4289.916800 0 0 1404
4291.177600 0 0 1404
4292.457600 0 0 1404
4293.904000 0 0 1404
4295.094400 0 0 1404
4296.240000 0 0 1404
4297.456000 0 0 1404
4298.748800 0 0 1404
4299.996800 0 0 1404
4301.449600 0 0 1404
4302.588800 0 0 1404
4303.734400 0 0 1404
4304.969600 0 0 1404
4306.204800 0 0 1404
4307.478400 0 0 1404
4308.918400 0 0 1404
4310.102400 0 0 1404
4311.241600 0 0 1404
4312.483200 0 0 1404
4313.910400 0 0 1404
4315.056000 0 0 1404
4316.246400 0 0 1404
4317.526400 0 0 1404
4318.864000 0 0 1404
4320.003200 0 0 1404
4321.443200 0 0 1404
4322.614400 0 0 1404
4323.766400 0 0 1404
4325.315200 0 0 1404
4326.460800 0 0 1404
4327.600000 0 0 1404
4328.803200 0 0 1404
4330.211200 0 0 1404
4331.356800 0 0 1404
4332.521600 0 0 1404
4333.763200 0 0 1404
4335.152000 0 0 1404
4336.291200 0 0 1404
4337.488000 0 0 1404
4338.768000 0 0 1404
4340.099200 0 0 1404
4341.398400 0 0 1404
4342.684800 0 0 1404
4343.830400 0 0 1404
4345.014400 0 0 1404
4346.396800 0 0 1404
4347.651200 0 0 1404
4348.790400 0 0 1404
4350.147200 0 0 1404
4351.292800 0 0 1404
4352.515200 0 0 1404
4353.833600 0 0 1404
4355.056000 0 0 1404
4356.380800 0 0 1404
4357.584000 0 0 1404
4358.806400 0 0 1404
4360.022400 0 0 1404
4361.398400 0 0 1404
4362.876800 0 0 1404
4364.016000 0 0 1404
4365.161600 0 0 1404
4366.339200 0 0 1404
4367.516800 0 0 1404
4368.912000 0 0 1404
4370.396800 0 0 1404
4371.536000 0 0 1404
4372.681600 0 0 1404
4373.865600 0 0 1404
4375.241600 0 0 1404
4376.380800 0 0 1404
4377.571200 0 0 1404
4378.780800 0 0 1404
4380.156800 0 0 1404
4381.328000 0 0 1404
4382.531200 0 0 1404
4383.804800 0 0 1404
4385.097600 0 0 1404
4386.339200 0 0 1404
4387.676800 0 0 1404
4388.854400 0 0 1404
4390.121600 0 0 1404
4391.504000 0 0 1404
4392.713600 0 0 1404
4393.859200 0 0 1404
4394.998400 0 0 1404
4396.444800 0 0 1404
4397.590400 0 0 1404
4398.838400 0 0 1404
4400.182400 0 0 1404
4401.456000 0 0 1404
4402.595200 0 0 1404
4403.862400 0 0 1404
4405.123200 0 0 1404
4406.435200 0 0 1404
4407.612800 0 0 1404
4408.835200 0 0 1404
4410.012800 0 0 1404
4411.312000 0 0 1404
4412.585600 0 0 1404
4414.006400 0 0 1404
4415.164800 0 0 1404
4416.316800 0 0 1404
4417.596800 0 0 1404
4418.864000 0 0 1404
4420.144000 0 0 1404
4421.360000 0 0 1404
4422.627200 0 0 1404
4423.984000 0 0 1404
4425.129600 0 0 1404
4426.371200 0 0 1404
4427.689600 0 0 1404
4428.963200 0 0 1404
4430.147200 0 0 1404
4431.388800 0 0 1404
4432.662400 0 0 1404
4434.224000 0 0 1404
4435.363200 0 0 1404
4436.508800 0 0 1404
4437.846400 0 0 1404
4438.985600 0 0 1404
4440.131200 0 0 1404
4441.488000 0 0 1404
4442.678400 0 0 1404
4443.881600 0 0 1404
4445.436800 0 0 1404
4446.576000 0 0 1404
4447.721600 0 0 1404
4449.104000 0 0 1404
4450.243200 0 0 1404
4451.395200 0 0 1404
4452.630400 0 0 1404
4453.948800 0 0 1404
4455.094400 0 0 1404
4456.521600 0 0 1404
4457.699200 0 0 1404
4458.876800 0 0 1404
4460.265600 0 0 1404
4461.449600 0 0 1404
4462.633600 0 0 1404
4464.009600 0 0 1404
4465.206400 0 0 1404
4466.403200 0 0 1404
4467.817600 0 0 1404
4468.963200 0 0 1404
4470.102400 0 0 1404
4471.427200 0 0 1404
4472.662400 0 0 1404
4474.057600 0 0 1404
4475.248000 0 0 1404
4476.406400 0 0 1404
4477.865600 0 0 1404
4479.011200 0 0 1404
4480.163200 0 0 1404
4484.284800 0 0 1404
4489.212800 0 0 1404
4495.280000 0 0 1404
4500.073600 -1 2 64
4500.131200 8 4 60
4500.188800 0 0 1404
4530.057600 8 4 60
4534.928000 1 0 1404
4536.073600 1 0 1404
4537.212800 1 0 1404
4538.358400 1 0 1404
4539.497600 1 0 1404
4540.643200 1 0 1404
4541.782400 1 0 1404
4542.928000 1 0 1404
4544.067200 1 0 1404
4545.212800 1 0 1404
4546.352000 1 0 1404
4547.497600 1 0 1404
4548.636800 1 0 1404
4549.782400 1 0 1404
4550.921600 1 0 1404
4552.067200 1 0 1404
4553.206400 1 0 1404
4554.352000 1 0 1404
4555.491200 1 0 1404
4556.636800 1 0 1404
4557.776000 1 0 1404
4558.921600 1 0 1404
4560.060800 1 0 1404
4561.206400 1 0 1404
4562.345600 1 0 1404
4563.491200 1 0 1404
4564.630400 1 0 1404
4565.776000 1 0 1404
4566.915200 1 0 1404
4568.060800 1 0 1404
4569.206400 1 0 1404
4570.345600 1 0 1404
4571.491200 1 0 1404
4572.630400 1 0 1404
4573.776000 1 0 1404
4574.915200 1 0 1404
4576.060800 1 0 1404
4577.200000 1 0 1404
4578.345600 1 0 1404
4579.484800 1 0 1404
4580.630400 1 0 1404
4581.769600 1 0 1404
4582.915200 1 0 1404
4584.054400 1 0 1404
4585.200000 1 0 1404
4586.339200 1 0 1404
4587.484800 1 0 1404
4588.624000 1 0 1404
4589.769600 1 0 1404
4590.908800 1 0 1404
4592.054400 1 0 1404
4593.193600 1 0 1404
4594.339200 1 0 1404
4595.478400 1 0 1404
4596.624000 1 0 1404
4597.763200 1 0 1404
4598.908800 1 0 1404
4600.048000 1 0 1404
4601.193600 1 0 1404
4602.332800 1 0 1404
4603.478400 1 0 1404
4604.617600 1 0 1404
4605.763200 1 0 1404
4606.902400 1 0 1404
4608.048000 1 0 1404
4609.187200 1 0 1404
4610.332800 1 0 1404
4611.472000 1 0 1404
4612.617600 1 0 1404
4613.756800 1 0 1404
4614.902400 1 0 1404
4616.041600 1 0 1404
4617.187200 1 0 1404
4618.326400 1 0 1404
4619.472000 1 0 1404
4620.694400 1 0 1404
4622.032000 1 0 1404
4623.171200 1 0 1404
4624.419200 1 0 1404
4625.686400 1 0 1404
4626.928000 1 0 1404
4628.310400 1 0 1404
4629.456000 1 0 1404
4630.627200 1 0 1404
4631.952000 1 0 1404
4633.238400 1 0 1404
4634.422400 1 0 1404
4635.683200 1 0 1404
4636.950400 1 0 1404
4638.211200 1 0 1404
4639.472000 1 0 1404
4640.694400 1 0 1404
4645.404800 1 0 1404
4651.484800 1 0 1404
4656.649600 1 0 1404
4662.435200 1 0 1404
4667.324800 1 0 1404
4673.385600 1 0 1404
4679.376000 1 0 1404
4685.718400 1 0 1404
4691.382400 1 0 1404
4696.592000 1 0 1404
4702.768000 1 0 1404
4707.049600 1 0 1404
4712.342400 1 0 1404
4717.417600 1 0 1404
4724.169600 1 0 1404
4729.411200 1 0 1404
4735.312000 1 0 1404
4740.700800 1 0 1404
4746.262400 1 0 1404
4751.382400 1 0 1404
4757.276800 1 0 1404
4762.531200 1 0 1404
4768.406400 1 0 1404
4774.076800 1 0 1404
4778.467200 1 0 1404
4784.470400 1 0 1404
4790.032000 1 0 1404
4796.355200 1 0 1404
4801.360000 1 0 1404
4807.523200 1 0 1404
4812.284800 1 0 1404
4818.435200 1 0 1404
4824.828800 1 0 1404
4829.545600 1 0 1404
4834.371200 1 0 1404
4839.990400 1 0 1404
4844.297600 1 0 1404
4850.633600 1 0 1404
4857.116800 1 0 1404
4862.684800 1 0 1404
4868.227200 1 0 1404
4874.563200 1 0 1404
4876.073600 8 4 60
4879.350400 1 0 1404
4906.057600 8 4 60
4910.928000 3 0 1404
4912.073600 3 0 1404
4913.219200 3 0 1404
4914.358400 3 0 1404
4915.504000 3 0 1404
4916.643200 3 0 1404
4917.788800 3 0 1404
4918.928000 3 0 1404
4920.073600 3 0 1404
4921.212800 3 0 1404
4922.358400 3 0 1404
4923.497600 3 0 1404
4924.643200 3 0 1404
4925.782400 3 0 1404
4926.928000 3 0 1404
4928.067200 3 0 1404
4929.212800 3 0 1404
4930.352000 3 0 1404
4931.497600 3 0 1404
4932.636800 3 0 1404
4933.782400 3 0 1404
4934.921600 3 0 1404
4936.067200 3 0 1404
4937.206400 3 0 1404
4938.352000 3 0 1404
4939.491200 3 0 1404
4940.636800 3 0 1404
4941.776000 3 0 1404
4942.921600 3 0 1404
4944.060800 3 0 1404
4945.206400 3 0 1404
4946.345600 3 0 1404
4947.491200 3 0 1404
4948.630400 3 0 1404
4949.776000 3 0 1404
4950.915200 3 0 1404
4952.060800 3 0 1404
4953.200000 3 0 1404
4954.345600 3 0 1404
4955.484800 3 0 1404
4956.630400 3 0 1404
4957.769600 3 0 1404
4958.915200 3 0 1404
4960.054400 3 0 1404
4961.200000 3 0 1404
4962.339200 3 0 1404
4963.484800 3 0 1404
4964.624000 3 0 1404
4965.769600 3 0 1404
4966.908800 3 0 1404
4968.054400 3 0 1404
4969.193600 3 0 1404
4970.339200 3 0 1404
4971.478400 3 0 1404
4972.624000 3 0 1404
4973.763200 3 0 1404
4974.908800 3 0 1404
4976.048000 3 0 1404
4977.193600 3 0 1404
4978.332800 3 0 1404
4979.478400 3 0 1404
4980.617600 3 0 1404
4981.763200 3 0 1404
4982.902400 3 0 1404
4984.048000 3 0 1404
4985.187200 3 0 1404
4986.332800 3 0 1404
4987.472000 3 0 1404
4988.617600 3 0 1404
4989.756800 3 0 1404
4990.902400 3 0 1404
4992.041600 3 0 1404
4993.187200 3 0 1404
4994.332800 3 0 1404
4995.574400 3 0 1404
4996.720000 3 0 1404
4998.051200 3 0 1404
4999.203200 3 0 1404
5000.720000 3 0 1404
5001.865600 3 0 1404
5003.120000 3 0 1404
5004.265600 3 0 1404
5005.436800 3 0 1404
5006.793600 3 0 1404
5008.323200 3 0 1404
5009.468800 3 0 1404
5010.614400 3 0 1404
5011.824000 3 0 1404
5012.963200 3 0 1404
5014.377600 3 0 1404
5015.523200 3 0 1404
5016.860800 3 0 1404
5018.006400 3 0 1404
5019.446400 3 0 1404
5020.592000 3 0 1404
5021.814400 3 0 1404
5023.062400 3 0 1404
5024.323200 3 0 1404
5025.468800 3 0 1404
5026.742400 3 0 1404
5028.022400 3 0 1404
5029.168000 3 0 1404
5030.800000 3 0 1404
5031.945600 3 0 1404
5033.091200 3 0 1404
5034.288000 3 0 1404
5035.536000 3 0 1404
5036.675200 3 0 1404
5038.281600 3 0 1404
5039.427200 3 0 1404
5040.572800 3 0 1404
5041.820800 3 0 1404
5043.036800 3 0 1404
5044.214400 3 0 1404
5045.443200 3 0 1404
5046.832000 3 0 1404
5048.022400 3 0 1404
5049.264000 3 0 1404
5050.563200 3 0 1404
5051.779200 3 0 1404
5052.995200 3 0 1404
5054.224000 3 0 1404
5055.580800 3 0 1404
5056.771200 3 0 1404
5057.910400 3 0 1404
5059.414400 3 0 1404
5060.560000 3 0 1404
5061.744000 3 0 1404
5063.075200 3 0 1404
5064.265600 3 0 1404
5065.468800 3 0 1404
5066.665600 3 0 1404
5068.016000 3 0 1404
5069.276800 3 0 1404
5070.588800 3 0 1404
5071.920000 3 0 1404
5073.065600 3 0 1404
5074.211200 3 0 1404
5075.632000 3 0 1404
5076.790400 3 0 1404
5078.140800 3 0 1404
5079.292800 3 0 1404
5080.521600 3 0 1404
5081.852800 3 0 1404
5083.132800 3 0 1404
5084.272000 3 0 1404
5085.443200 3 0 1404
5086.780800 3 0 1404
5088.150400 3 0 1404
5089.404800 3 0 1404
5090.550400 3 0 1404
5091.996800 3 0 1404
5093.142400 3 0 1404
5094.288000 3 0 1404
5095.561600 3 0 1404
5096.764800 3 0 1404
5098.076800 3 0 1404
5099.344000 3 0 1404
5100.726400 3 0 1404
5101.910400 3 0 1404
5103.049600 3 0 1404
5104.252800 3 0 1404
5105.564800 3 0 1404
5106.921600 3 0 1404
5108.169600 3 0 1404
5109.315200 3 0 1404
5110.467200 3 0 1404
5111.856000 3 0 1404
5113.046400 3 0 1404
5114.275200 3 0 1404
5115.612800 3 0 1404
5116.835200 3 0 1404
5117.980800 3 0 1404
5119.273600 3 0 1404
5120.809600 3 0 1404
5121.955200 3 0 1404
5123.100800 3 0 1404
5124.348800 3 0 1404
5125.603200 3 0 1404
5126.742400 3 0 1404
5128.060800 3 0 1404
5129.289600 3 0 1404
5130.691200 3 0 1404
5132.016000 3 0 1404
5133.161600 3 0 1404
5134.307200 3 0 1404
5135.952000 3 0 1404
5137.091200 3 0 1404
5138.236800 3 0 1404
5139.376000 3 0 1404
5140.822400 3 0 1404
5141.968000 3 0 1404
5143.113600 3 0 1404
5144.316800 3 0 1404
5145.641600 3 0 1404
5146.838400 3 0 1404
5148.169600 3 0 1404
5149.404800 3 0 1404
5150.550400 3 0 1404
5151.958400 3 0 1404
5153.148800 3 0 1404
5154.364800 3 0 1404
5155.664000 3 0 1404
5156.892800 3 0 1404
5158.108800 3 0 1404
5159.260800 3 0 1404
5160.643200 3 0 1404
5161.872000 3 0 1404
5163.171200 3 0 1404
5164.432000 3 0 1404
5165.596800 3 0 1404
5166.774400 3 0 1404
5168.073600 3 0 1404
5169.372800 3 0 1404
5170.774400 3 0 1404
5171.920000 3 0 1404
5173.116800 3 0 1404
5174.352000 3 0 1404
5175.510400 3 0 1404
5177.046400 3 0 1404
5178.192000 3 0 1404
5179.337600 3 0 1404
5180.841600 3 0 1404
5182.006400 3 0 1404
5183.152000 3 0 1404
5184.553600 3 0 1404
5185.699200 3 0 1404
5186.851200 3 0 1404
5188.240000 3 0 1404
5189.411200 3 0 1404
5190.588800 3 0 1404
5191.856000 3 0 1404
5193.193600 3 0 1404
5194.384000 3 0 1404
5195.625600 3 0 1404
5196.886400 3 0 1404
5198.102400 3 0 1404
5199.318400 3 0 1404
5200.630400 3 0 1404
5201.929600 3 0 1404
5203.350400 3 0 1404
5204.496000 3 0 1404
5205.648000 3 0 1404
5206.902400 3 0 1404
5208.054400 3 0 1404
5209.436800 3 0 1404
5210.672000 3 0 1404
5212.016000 3 0 1404
5213.161600 3 0 1404
5214.416000 3 0 1404
5215.574400 3 0 1404
5216.944000 3 0 1404
5218.160000 3 0 1404
5219.510400 3 0 1404
5220.656000 3 0 1404
5221.923200 3 0 1404
5223.120000 3 0 1404
5224.336000 3 0 1404
5225.705600 3 0 1404
5226.921600 3 0 1404
5228.336000 3 0 1404
5229.737600 3 0 1404
5230.883200 3 0 1404
5232.028800 3 0 1404
5233.411200 3 0 1404
5234.550400 3 0 1404
5235.696000 3 0 1404
5237.142400 3 0 1404
5238.281600 3 0 1404
5239.427200 3 0 1404
5240.822400 3 0 1404
5241.987200 3 0 1404
5243.152000 3 0 1404
5244.624000 3 0 1404
5245.763200 3 0 1404
5246.908800 3 0 1404
5248.163200 3 0 1404
5249.430400 3 0 1404
5250.876800 3 0 1404
5252.016000 3 0 1404
5253.148800 8 4 60
5253.206400 3 0 1404
5254.550400 3 0 1404
5255.977600 3 0 1404
5257.116800 3 0 1404
5258.262400 3 0 1404
5282.057600 8 4 60
5286.934400 0 0 1404
5288.073600 0 0 1404
5289.219200 0 0 1404
5290.358400 0 0 1404
5291.504000 0 0 1404
5292.643200 0 0 1404
5293.788800 0 0 1404
5294.928000 0 0 1404
5296.073600 0 0 1404
5297.212800 0 0 1404
5298.358400 0 0 1404
5299.497600 0 0 1404
5300.643200 0 0 1404
5301.782400 0 0 1404
5302.928000 0 0 1404
5304.067200 0 0 1404
5305.212800 0 0 1404
5306.352000 0 0 1404
5307.497600 0 0 1404
5308.636800 0 0 1404
5309.782400 0 0 1404
5310.921600 0 0 1404
5312.067200 0 0 1404
5313.206400 0 0 1404
5314.352000 0 0 1404
5315.491200 0 0 1404
5316.636800 0 0 1404
5317.776000 0 0 1404
5318.921600 0 0 1404
5320.060800 0 0 1404
5321.206400 0 0 1404
5322.345600 0 0 1404
5323.491200 0 0 1404
5324.630400 0 0 1404
5325.776000 0 0 1404
5326.915200 0 0 1404
5328.060800 0 0 1404
5329.200000 0 0 1404
5330.345600 0 0 1404
5331.484800 0 0 1404
5332.630400 0 0 1404
5333.769600 0 0 1404
5334.915200 0 0 1404
5336.054400 0 0 1404
5337.200000 0 0 1404
5338.339200 0 0 1404
5339.484800 0 0 1404
5340.624000 0 0 1404
5341.769600 0 0 1404
5342.908800 0 0 1404
5344.054400 0 0 1404
5345.193600 0 0 1404
5346.339200 0 0 1404
5347.478400 0 0 1404
5348.624000 0 0 1404
5349.763200 0 0 1404
5350.908800 0 0 1404
5352.048000 0 0 1404
5353.193600 0 0 1404
5354.332800 0 0 1404
5355.478400 0 0 1404
5356.611200 -1 5 70
5356.675200 0 0 1404
5357.808000 0 0 1404
5358.940800 0 0 1404
5360.073600 0 0 1404
5361.206400 0 0 1404
5362.339200 0 0 1404
5363.472000 0 0 1404
5364.617600 0 0 1404
5365.756800 0 0 1404
5366.902400 0 0 1404
5368.041600 0 0 1404
5369.187200 0 0 1404
5370.332800 0 0 1404
5371.472000 0 0 1404
5372.835200 0 0 1404
5374.076800 0 0 1404
5375.318400 0 0 1404
5376.656000 0 0 1404
5377.801600 0 0 1404
5379.113600 0 0 1404
5380.265600 0 0 1404
5381.596800 0 0 1404
5382.736000 0 0 1404
5383.958400 0 0 1404
5385.123200 0 0 1404
5386.608000 0 0 1404
5387.753600 0 0 1404
5389.264000 0 0 1404
5390.403200 0 0 1404
5391.548800 0 0 1404
5392.790400 0 0 1404
5394.012800 0 0 1404
5395.612800 0 0 1404
5396.752000 0 0 1404
5397.897600 0 0 1404
5399.100800 0 0 1404
5400.240000 0 0 1404
5401.443200 0 0 1404
5402.812800 0 0 1404
5403.958400 0 0 1404
5405.212800 0 0 1404
5406.742400 0 0 1404
5407.888000 0 0 1404
5409.027200 0 0 1404
5410.262400 0 0 1404
5411.606400 0 0 1404
5412.752000 0 0 1404
5414.006400 0 0 1404
5415.292800 0 0 1404
5416.451200 0 0 1404
5417.756800 0 0 1404
5418.960000 0 0 1404
5420.393600 0 0 1404
5421.769600 0 0 1404
5422.908800 0 0 1404
5424.054400 0 0 1404
5425.372800 0 0 1404
5426.537600 0 0 1404
5427.676800 0 0 1404
5429.283200 0 0 1404
5430.428800 0 0 1404
5431.568000 0 0 1404
5432.924800 0 0 1404
5434.160000 0 0 1404
5435.305600 0 0 1404
5436.508800 0 0 1404
5437.731200 0 0 1404
5439.049600 0 0 1404
5440.432000 0 0 1404
5441.571200 0 0 1404
5442.716800 0 0 1404
5444.393600 0 0 1404
5445.532800 0 0 1404
5446.678400 0 0 1404
5447.996800 0 0 1404
5449.136000 0 0 1404
5450.281600 0 0 1404
5451.580800 0 0 1404
5452.848000 0 0 1404
5454.166400 0 0 1404
5455.305600 0 0 1404
5456.508800 0 0 1404
5457.884800 0 0 1404
5459.081600 0 0 1404
5460.227200 0 0 1404
5461.680000 0 0 1404
5462.902400 0 0 1404
5464.041600 0 0 1404
5465.353600 0 0 1404
5466.896000 0 0 1404
5468.041600 0 0 1404
5469.180800 0 0 1404
5470.646400 0 0 1404
5471.792000 0 0 1404
5472.931200 0 0 1404
5474.275200 0 0 1404
5475.420800 0 0 1404
5476.560000 0 0 1404
5477.795200 0 0 1404
5479.056000 0 0 1404
5480.361600 0 0 1404
5481.686400 0 0 1404
5482.832000 0 0 1404
5484.182400 0 0 1404
5485.462400 0 0 1404
5486.601600 0 0 1404
5487.747200 0 0 1404
5489.161600 0 0 1404
5490.300800 0 0 1404
5491.676800 0 0 1404
5492.950400 0 0 1404
5494.096000 0 0 1404
5495.312000 0 0 1404
5496.739200 0 0 1404
5497.878400 0 0 1404
5499.056000 0 0 1404
5500.438400 0 0 1404
5501.584000 0 0 1404
5502.742400 0 0 1404
5504.150400 0 0 1404
5508.361600 0 0 1404
5513.436800 0 0 1404
5519.612800 0 0 1404
5524.182400 0 0 1404
5530.435200 0 0 1404
5535.164800 0 0 1404
5541.507200 0 0 1404
5546.147200 0 0 1404
5553.878400 0 0 1404
5558.614400 0 0 1404
5563.676800 0 0 1404
5568.297600 0 0 1404
5574.236800 0 0 1404
5580.496000 0 0 1404
5586.736000 0 0 1404
5592.451200 0 0 1404
5597.660800 0 0 1404
5603.209600 0 0 1404
5608.630400 0 0 1404
5614.640000 0 0 1404
5619.548800 0 0 1404
5626.972800 0 0 1404
5628.105600 8 4 60
5631.728000 0 0 1404
5658.057600 8 4 60
5662.947200 2 0 1404
5664.086400 2 0 1404
5665.232000 2 0 1404
5666.371200 2 0 1404
5667.516800 2 0 1404
5668.656000 2 0 1404
5669.801600 2 0 1404
5670.940800 2 0 1404
5672.086400 2 0 1404
5673.225600 2 0 1404
5674.371200 2 0 1404
5675.510400 2 0 1404
5676.656000 2 0 1404
5677.795200 2 0 1404
5678.940800 2 0 1404
5680.080000 2 0 1404
5681.225600 2 0 1404
5682.364800 2 0 1404
5683.510400 2 0 1404
5684.649600 2 0 1404
5685.795200 2 0 1404
5686.934400 2 0 1404
5688.080000 2 0 1404
5689.219200 2 0 1404
5690.364800 2 0 1404
5691.504000 2 0 1404
5692.649600 2 0 1404
5693.788800 2 0 1404
5694.934400 2 0 1404
5696.073600 2 0 1404
5697.219200 2 0 1404
5698.358400 2 0 1404
5699.504000 2 0 1404
5700.643200 2 0 1404
5701.788800 2 0 1404
5702.928000 2 0 1404
5704.073600 2 0 1404
5705.212800 2 0 1404
5706.358400 2 0 1404
5707.497600 2 0 1404
5708.643200 2 0 1404
5709.782400 2 0 1404
5710.928000 2 0 1404
5712.067200 2 0 1404
5713.212800 2 0 1404
5714.352000 2 0 1404
5715.497600 2 0 1404
5716.636800 2 0 1404
5717.782400 2 0 1404
5718.921600 2 0 1404
5720.067200 2 0 1404
5721.206400 2 0 1404
5722.352000 2 0 1404
5723.491200 2 0 1404
5724.636800 2 0 1404
5725.776000 2 0 1404
5726.921600 2 0 1404
5728.060800 2 0 1404
5729.206400 2 0 1404
5730.345600 2 0 1404
5731.491200 2 0 1404
5732.630400 2 0 1404
5733.776000 2 0 1404
5734.915200 2 0 1404
5736.060800 2 0 1404
5737.200000 2 0 1404
5738.345600 2 0 1404
5739.484800 2 0 1404
5740.630400 2 0 1404
5741.769600 2 0 1404
5742.915200 2 0 1404
5744.054400 2 0 1404
5745.200000 2 0 1404
5746.339200 2 0 1404
5747.580800 2 0 1404
5748.892800 2 0 1404
5750.083200 2 0 1404
5751.228800 2 0 1404
5752.547200 2 0 1404
5753.846400 2 0 1404
5755.004800 2 0 1404
5756.329600 2 0 1404
5757.475200 2 0 1404
5758.921600 2 0 1404
5760.067200 2 0 1404
5761.270400 2 0 1404
5762.473600 2 0 1404
5763.676800 2 0 1404
5765.129600 2 0 1404
5766.467200 2 0 1404
5767.612800 2 0 1404
5768.828800 2 0 1404
5770.204800 2 0 1404
5771.350400 2 0 1404
5772.496000 2 0 1404
5773.750400 2 0 1404
5775.222400 2 0 1404
5776.361600 2 0 1404
5777.590400 2 0 1404
5778.780800 2 0 1404
5780.176000 2 0 1404
5781.321600 2 0 1404
5782.467200 2 0 1404
5783.856000 2 0 1404
5785.257600 2 0 1404
5786.396800 2 0 1404
5787.542400 2 0 1404
5788.771200 2 0 1404
5789.974400 2 0 1404
5791.254400 2 0 1404
5792.758400 2 0 1404
5793.897600 2 0 1404
5795.049600 2 0 1404
5796.368000 2 0 1404
5797.513600 2 0 1404
5798.729600 2 0 1404
5800.009600 2 0 1404
5801.340800 2 0 1404
5802.486400 2 0 1404
5803.760000 2 0 1404
5804.976000 2 0 1404
5806.230400 2 0 1404
5807.670400 2 0 1404
5808.816000 2 0 1404
5809.974400 2 0 1404
5811.280000 2 0 1404
5812.636800 2 0 1404
5813.878400 2 0 1404
5815.036800 2 0 1404
5816.246400 2 0 1404
5817.513600 2 0 1404
5819.120000 2 0 1404
5820.265600 2 0 1404
5821.411200 2 0 1404
5822.633600 2 0 1404
5823.939200 2 0 1404
5825.193600 2 0 1404
5826.332800 2 0 1404
5827.504000 2 0 1404
5828.784000 2 0 1404
5830.160000 2 0 1404
5831.305600 2 0 1404
5832.483200 2 0 1404
5833.942400 2 0 1404
5835.088000 2 0 1404
5836.233600 2 0 1404
5837.923200 2 0 1404
5839.062400 2 0 1404
5840.208000 2 0 1404
5841.526400 2 0 1404
5842.665600 2 0 1404
5843.849600 2 0 1404
5845.136000 2 0 1404
5846.422400 2 0 1404
5847.580800 2 0 1404
5848.924800 2 0 1404
5850.070400 2 0 1404
5851.216000 2 0 1404
5852.841600 2 0 1404
5853.987200 2 0 1404
5855.132800 2 0 1404
5856.451200 2 0 1404
5857.590400 2 0 1404
5858.800000 2 0 1404
5860.406400 2 0 1404
5861.552000 2 0 1404
5862.697600 2 0 1404
5863.836800 2 0 1404
5865.052800 2 0 1404
5866.256000 2 0 1404
5867.747200 2 0 1404
5868.892800 2 0 1404
5870.044800 2 0 1404
5871.472000 2 0 1404
5872.624000 2 0 1404
5873.808000 2 0 1404
5875.107200 2 0 1404
5876.304000 2 0 1404
5877.680000 2 0 1404
5878.870400 2 0 1404
5880.316800 2 0 1404
5881.507200 2 0 1404
5882.652800 2 0 1404
5883.836800 2 0 1404
5885.065600 2 0 1404
5886.480000 2 0 1404
5887.625600 2 0 1404
5888.905600 2 0 1404
5890.160000 2 0 1404
5891.382400 2 0 1404
5892.713600 2 0 1404
5894.032000 2 0 1404
5895.177600 2 0 1404
5896.323200 2 0 1404
5897.622400 2 0 1404
5898.972800 2 0 1404
5900.284800 2 0 1404
5901.424000 2 0 1404
5902.582400 2 0 1404
5903.868800 2 0 1404
5905.193600 2 0 1404
5906.499200 2 0 1404
5907.644800 2 0 1404
5908.854400 2 0 1404
5910.121600 2 0 1404
5911.356800 2 0 1404
5912.828800 2 0 1404
5914.019200 2 0 1404
5915.164800 2 0 1404
5916.476800 2 0 1404
5917.622400 2 0 1404
5918.934400 2 0 1404
5920.483200 2 0 1404
5921.628800 2 0 1404
5922.774400 2 0 1404
5923.971200 2 0 1404
5925.244800 2 0 1404
5926.473600 2 0 1404
5927.811200 2 0 1404
5928.950400 2 0 1404
5930.204800 2 0 1404
5931.408000 2 0 1404
5932.796800 2 0 1404
5933.942400 2 0 1404
5935.132800 2 0 1404
5936.355200 2 0 1404
5937.558400 2 0 1404
5938.998400 2 0 1404
5940.144000 2 0 1404
5941.302400 2 0 1404
5942.992000 2 0 1404
5944.137600 2 0 1404
5945.283200 2 0 1404
5946.723200 2 0 1404
5947.862400 2 0 1404
5949.008000 2 0 1404
5950.371200 2 0 1404
5951.510400 2 0 1404
5952.656000 2 0 1404
5954.070400 2 0 1404
5955.209600 2 0 1404
5956.355200 2 0 1404
5957.840000 2 0 1404
5958.979200 2 0 1404
5960.188800 2 0 1404
5961.731200 2 0 1404
5962.876800 2 0 1404
5964.022400 2 0 1404
5965.174400 2 0 1404
5966.544000 2 0 1404
5967.689600 2 0 1404
5969.027200 2 0 1404
5970.166400 2 0 1404
5971.504000 2 0 1404
5973.001600 2 0 1404
5974.147200 2 0 1404
5975.286400 2 0 1404
5976.451200 2 0 1404
5977.827200 2 0 1404
5978.972800 2 0 1404
5980.368000 2 0 1404
5981.532800 2 0 1404
5982.672000 2 0 1404
5984.016000 2 0 1404
5985.168000 2 0 1404
5986.550400 2 0 1404
5987.696000 2 0 1404
5988.924800 2 0 1404
5990.403200 2 0 1404
5991.734400 2 0 1404
5992.880000 2 0 1404
5994.019200 2 0 1404
5995.222400 2 0 1404
5996.668800 2 0 1404
5997.814400 2 0 1404
5999.024000 2 0 1404
6000.156800 -1 2 64
6000.214400 8 4 60
6000.272000 2 0 1404
6001.507200 2 0 1404
6002.889600 2 0 1404
6004.028800 2 0 1404
6005.180800 2 0 1404
6030.057600 8 4 60
6034.934400 1 0 1404
6036.080000 1 0 1404
6037.225600 1 0 1404
6038.364800 1 0 1404
6039.510400 1 0 1404
6040.649600 1 0 1404
6041.795200 1 0 1404
6042.934400 1 0 1404
6044.080000 1 0 1404
6045.219200 1 0 1404
6046.364800 1 0 1404
6047.504000 1 0 1404
6048.649600 1 0 1404
6049.788800 1 0 1404
