nday dem circ circq pack
1 6.325 0.000 0.000 6.325
1 7.073 0.519 0.000 6.555
1 8.353 1.841 0.000 6.511
1 9.186 3.130 0.000 6.055
1 10.414 3.718 0.000 6.696
1 11.948 5.115 0.000 6.833
1 13.021 6.275 0.000 6.745
2 15.522 8.785 0.000 6.737
2 17.463 10.844 0.000 6.619
2 19.119 12.318 0.000 6.801
2 19.627 13.015 0.000 6.612
4 18.659 11.967 0.009 6.682
3 17.253 10.698 0.000 6.554
3 18.020 11.676 0.013 6.331
4 17.656 11.131 0.000 6.525
2 19.175 12.540 0.000 6.635
2 19.400 12.815 0.000 6.585
6 21.428 14.924 0.031 6.474
4 19.723 12.967 0.000 6.756
3 21.534 15.049 0.000 6.485
3 20.927 14.344 0.000 6.583
3 21.098 14.412 0.000 6.686
4 21.078 14.533 0.009 6.535
5 20.200 13.815 0.000 6.384
6 20.597 13.759 0.079 6.759
3 19.380 12.993 0.007 6.380
6 19.980 13.513 0.101 6.365
4 19.920 13.419 0.000 6.501
5 22.145 15.448 0.049 6.648
6 21.992 15.147 0.000 6.845
5 22.901 16.328 0.027 6.547
5 21.709 15.155 0.000 6.554
5 22.298 15.866 0.032 6.401
5 20.477 14.169 0.000 6.308
5 21.073 14.542 0.027 6.504
5 20.968 14.573 0.000 6.395
5 20.766 14.232 0.063 6.470
5 18.066 11.620 0.000 6.446
6 18.614 12.323 0.080 6.212
6 16.980 10.716 0.000 6.264
6 17.861 11.188 0.140 6.533
7 17.755 10.975 0.000 6.780
6 21.816 15.407 0.171 6.237
8 20.847 14.481 0.000 6.366
6 23.260 16.753 0.123 6.384
6 23.095 16.577 0.000 6.518
8 28.174 21.464 0.170 6.541
6 26.688 20.347 0.003 6.338
7 29.786 22.616 0.157 7.014
8 27.389 21.035 0.028 6.325
8 26.921 20.527 0.267 6.127
7 23.911 17.296 0.000 6.614
5 26.195 19.462 0.096 6.636
6 24.982 18.275 0.011 6.696
8 25.055 18.763 0.102 6.190
8 25.912 18.962 0.001 6.949
8 27.592 20.824 0.341 6.428
5 24.152 16.947 0.000 7.205
6 27.410 20.701 0.088 6.621
7 27.175 20.671 0.000 6.504
7 29.148 22.958 0.114 6.076
6 27.889 21.182 0.000 6.707
6 29.766 23.317 0.147 6.301
6 26.545 19.843 0.000 6.702
7 29.181 22.509 0.204 6.469
8 25.940 19.170 0.000 6.769
6 29.749 23.072 0.059 6.618
8 27.962 21.137 0.097 6.728
8 28.571 21.734 0.063 6.774
8 28.949 22.146 0.110 6.693
9 29.418 22.920 0.090 6.408
10 31.481 24.503 0.188 6.790
9 30.992 24.121 0.244 6.628
11 30.667 23.898 0.399 6.371
9 28.917 21.677 0.009 7.231
9 32.425 25.216 0.289 6.921
8 31.663 24.864 0.137 6.663
11 32.247 25.157 0.568 6.523
9 28.980 22.225 0.034 6.722
10 32.217 25.095 0.304 6.818
11 28.986 22.475 0.036 6.476
8 33.038 25.982 0.182 6.874
9 32.287 25.188 0.195 6.904
8 32.653 26.034 0.032 6.587
9 34.769 27.801 0.293 6.675
10 33.404 26.901 0.032 6.471
9 34.257 27.212 0.228 6.817
7 30.119 23.451 0.016 6.652
7 31.986 25.483 0.234 6.269
9 30.064 23.483 0.000 6.581
7 34.393 27.845 0.214 6.334
11 32.145 25.743 0.046 6.356
8 33.224 26.482 0.202 6.540
7 30.735 24.201 0.021 6.513
8 31.908 25.313 0.190 6.405
6 30.494 24.119 0.007 6.368
6 33.814 26.916 0.105 6.793
7 30.189 23.803 0.028 6.358
7 30.894 24.066 0.052 6.776
10 31.545 24.690 0.477 6.379
9 28.117 21.144 0.153 6.820
8 31.357 24.915 0.235 6.207
8 29.297 22.382 0.130 6.785
10 30.432 23.524 0.190 6.718
7 29.766 22.906 0.051 6.809
9 31.174 24.893 0.257 6.024
9 29.928 23.168 0.117 6.643
7 30.764 23.881 0.019 6.863
11 31.979 24.799 0.443 6.736
9 27.726 20.972 0.037 6.717
6 29.637 22.566 0.072 6.999
8 29.126 22.669 0.168 6.290
8 28.065 21.658 0.140 6.268
8 29.964 23.387 0.053 6.523
9 32.032 25.234 0.172 6.625
8 31.034 24.486 0.092 6.455
9 32.923 26.276 0.140 6.507
8 32.414 25.806 0.007 6.602
9 34.880 28.252 0.248 6.380
8 33.831 27.423 0.106 6.302
9 31.496 24.562 0.018 6.915
7 30.635 23.939 0.060 6.636
6 30.224 23.564 0.021 6.639
7 31.051 24.172 0.051 6.828
7 29.533 22.768 0.062 6.703
8 28.381 21.947 0.016 6.418
7 29.284 22.476 0.140 6.668
9 28.015 21.124 0.000 6.891
9 31.162 24.583 0.282 6.297
8 29.400 22.484 0.012 6.904
7 31.028 24.303 0.189 6.536
8 30.827 24.317 0.065 6.446
8 32.653 25.799 0.126 6.728
9 32.074 24.940 0.207 6.927
10 31.206 24.416 0.071 6.719
9 31.654 25.085 0.000 6.568
5 31.132 24.128 0.097 6.908
10 29.335 22.467 0.150 6.718
8 29.560 23.174 0.192 6.194
8 31.635 25.108 0.033 6.494
9 31.512 24.913 0.299 6.300
7 30.040 23.281 0.015 6.743
9 30.762 23.792 0.185 6.784
7 27.443 20.953 0.042 6.449
8 27.812 21.410 0.220 6.182
10 27.511 21.279 0.059 6.174
9 28.044 21.142 0.382 6.520
8 25.479 18.625 0.128 6.726
9 27.487 20.622 0.275 6.589
9 27.680 20.838 0.021 6.821
10 29.473 22.583 0.492 6.398
9 25.722 18.851 0.066 6.804
9 28.615 21.566 0.348 6.701
11 27.192 20.424 0.045 6.723
9 29.193 22.109 0.160 6.924
7 26.408 19.644 0.000 6.764
9 28.593 21.911 0.323 6.359
8 26.840 20.261 0.047 6.532
7 29.100 21.949 0.030 7.121
8 30.370 23.606 0.171 6.592
7 27.424 20.599 0.012 6.813
8 27.932 21.157 0.261 6.514
10 27.120 20.312 0.005 6.803
9 29.174 22.768 0.219 6.187
10 27.592 21.020 0.273 6.299
8 27.545 20.817 0.070 6.658
10 29.191 22.467 0.201 6.524
10 28.621 22.402 0.032 6.186
6 30.706 24.146 0.114 6.445
8 28.650 21.597 0.153 6.899
9 27.313 20.676 0.115 6.521
7 28.020 21.489 0.138 6.394
8 27.393 20.458 0.065 6.870
9 29.356 22.753 0.185 6.418
7 29.042 22.579 0.046 6.417
8 28.993 21.871 0.149 6.973
8 29.667 22.660 0.056 6.951
7 31.208 24.310 0.204 6.694
10 30.634 23.909 0.070 6.654
10 29.120 22.472 0.264 6.383
12 27.017 19.850 0.077 7.089
10 28.009 21.322 0.412 6.274
6 25.324 18.588 0.134 6.602
11 27.062 20.212 0.415 6.435
9 26.297 19.289 0.196 6.812
9 27.553 20.694 0.115 6.743
9 27.650 20.697 0.095 6.858
9 27.863 20.883 0.290 6.690
10 28.405 21.598 0.079 6.728
9 31.336 24.436 0.342 6.558
12 28.952 22.019 0.204 6.730
10 28.886 21.926 0.106 6.854
11 28.252 21.294 0.377 6.581
10 25.315 18.928 0.034 6.353
9 26.743 19.736 0.235 6.772
10 27.712 21.133 0.141 6.438
11 27.097 20.319 0.065 6.713
9 27.681 21.028 0.295 6.357
10 25.768 18.777 0.162 6.829
8 26.174 19.787 0.131 6.256
10 26.962 20.266 0.129 6.567
11 26.231 19.321 0.226 6.684
11 26.546 20.389 0.250 5.908
10 24.013 17.495 0.203 6.315
9 25.035 18.081 0.158 6.797
9 27.160 20.671 0.202 6.287
11 27.415 20.074 0.284 7.058
11 26.173 19.259 0.100 6.814
11 26.687 19.924 0.179 6.584
10 25.895 19.036 0.136 6.724
10 25.932 18.717 0.214 7.001
13 27.272 20.581 0.447 6.243
12 25.761 19.055 0.208 6.498
11 27.976 21.234 0.336 6.405
8 26.253 19.396 0.104 6.753
10 28.256 21.314 0.312 6.630
8 25.109 18.694 0.110 6.305
7 26.871 19.743 0.157 6.971
9 26.102 18.951 0.143 7.008
9 26.263 19.313 0.101 6.848
10 25.687 18.974 0.118 6.596
9 24.842 18.061 0.091 6.690
8 27.493 21.091 0.079 6.323
10 28.381 21.446 0.192 6.743
9 27.262 20.602 0.094 6.566
10 28.714 21.673 0.227 6.815
12 27.126 20.664 0.106 6.356
10 29.260 22.544 0.298 6.417
9 27.212 20.585 0.050 6.578
10 29.951 23.356 0.300 6.295
11 27.309 20.367 0.000 6.942
9 31.717 25.218 0.273 6.226
10 29.203 22.605 0.016 6.582
9 32.458 25.983 0.168 6.308
12 29.394 22.712 0.015 6.667
10 33.152 26.375 0.255 6.522
11 29.961 23.653 0.008 6.300
10 30.897 24.060 0.323 6.514
10 26.966 20.357 0.009 6.600
8 29.039 22.238 0.162 6.639
10 24.593 18.139 0.001 6.453
9 26.913 20.204 0.208 6.500
8 26.630 20.020 0.011 6.599
12 27.518 20.800 0.251 6.466
8 26.031 19.305 0.016 6.710
8 29.762 22.808 0.077 6.877
12 26.250 20.006 0.080 6.164
9 27.068 20.072 0.011 6.985
9 29.828 23.481 0.203 6.145
10 29.573 23.121 0.087 6.364
10 31.720 24.637 0.393 6.690
10 29.659 22.658 0.076 6.924
10 32.417 25.875 0.223 6.320
10 30.971 24.104 0.116 6.751
9 30.815 24.018 0.044 6.752
11 32.997 26.230 0.429 6.338
10 28.678 21.816 0.022 6.840
9 31.712 24.867 0.281 6.564
10 29.002 22.219 0.030 6.753
9 31.090 24.697 0.351 6.043
10 28.036 21.276 0.022 6.738
7 30.292 23.686 0.042 6.564
9 30.296 23.529 0.201 6.567
10 28.634 21.714 0.049 6.871
9 30.788 24.024 0.114 6.651
9 30.470 23.838 0.282 6.350
9 29.716 23.367 0.103 6.245
9 30.055 23.249 0.138 6.668
9 28.550 21.889 0.000 6.661
8 27.499 20.500 0.313 6.685
9 23.983 17.394 0.068 6.522
11 26.710 19.651 0.276 6.782
9 23.732 17.435 0.013 6.284
9 26.610 19.836 0.393 6.381
9 23.694 17.222 0.004 6.468
9 28.623 21.738 0.261 6.625
9 25.334 18.540 0.036 6.759
8 27.668 20.811 0.163 6.695
10 25.995 19.454 0.071 6.469
9 27.014 20.629 0.083 6.302
9 29.362 22.647 0.359 6.356
9 26.072 19.050 0.000 7.022
10 28.527 22.034 0.528 5.965
9 24.556 17.813 0.046 6.697
9 28.248 21.183 0.282 6.783
9 26.239 19.827 0.004 6.409
9 29.571 22.691 0.192 6.687
10 28.153 21.147 0.185 6.821
10 27.242 20.547 0.074 6.620
11 28.358 21.491 0.176 6.691
9 28.383 21.890 0.038 6.456
10 31.537 24.438 0.354 6.745
9 29.589 22.965 0.017 6.606
8 33.135 26.559 0.158 6.418
8 32.029 24.997 0.036 6.996
10 32.386 25.923 0.278 6.185
11 29.852 23.340 0.068 6.444
9 30.272 23.361 0.285 6.626
9 25.954 18.915 0.007 7.032
10 28.085 21.186 0.298 6.601
10 25.176 18.518 0.012 6.646
10 29.198 22.089 0.275 6.834
9 26.448 19.735 0.014 6.699
8 27.980 21.069 0.039 6.871
7 27.320 20.237 0.040 7.042
9 27.013 20.173 0.158 6.682
8 27.450 20.795 0.000 6.654
7 29.275 22.134 0.082 7.059
7 27.182 20.537 0.000 6.645
5 27.086 20.340 0.121 6.626
9 23.215 16.554 0.000 6.660
6 24.326 17.736 0.107 6.484
7 21.965 15.247 0.033 6.685
7 23.427 16.373 0.206 6.848
9 26.010 19.245 0.000 6.765
7 29.551 22.653 0.058 6.840
8 27.593 20.976 0.113 6.504
7 26.571 20.020 0.073 6.478
8 26.466 19.859 0.233 6.375
8 23.625 16.894 0.011 6.720
10 26.957 20.171 0.378 6.408
11 23.071 16.187 0.068 6.816
11 29.024 22.229 0.628 6.167
10 24.769 18.015 0.039 6.716
9 30.702 23.550 0.231 6.921
8 27.967 21.262 0.018 6.687
9 29.254 22.594 0.396 6.265
8 24.784 18.149 0.016 6.620
11 28.296 21.086 0.625 6.584
9 23.279 16.396 0.061 6.822
9 27.852 21.100 0.307 6.446
8 24.464 17.717 0.002 6.746
10 27.007 20.013 0.611 6.383
