0 0.000000 0.000000 0.000000 0.000000 0.000000 0.000000 0.000000
1500000 0.000000 0.000000 0.000000 0.000000 0.000000 0.000000 0.000000
3000000 0.089600 0.089600 0.089600 0.089600 0.089600 0.089600 8.551296
4500000 0.097067 0.097067 0.097067 0.097067 0.097067 0.097067 8.745984
6000000 0.097067 0.097067 0.097067 0.097067 0.097067 0.097067 8.745984
7500000 0.097067 0.082133 0.097067 0.097067 0.097067 0.097067 8.738496
9000000 0.097067 0.112000 0.097067 0.097067 0.097067 2.156544 4.298112
10500000 0.097067 0.097067 0.097067 0.097067 0.097067 4.350528 4.275648
12000000 0.097067 0.089600 0.097067 0.097067 0.089600 4.320576 4.305600
13500000 0.089600 0.097067 0.089600 0.089600 0.097067 4.328064 4.328064
15000000 0.097067 0.097067 0.074667 0.097067 1.916928 2.980224 1.587456
16500000 0.097067 0.097067 0.119467 0.097067 2.980224 2.987712 2.972736
18000000 0.097067 0.097067 0.097067 0.097067 2.980224 2.980224 2.987712
19500000 0.097067 0.097067 0.097067 0.097067 2.972736 2.965248 2.980224
21000000 0.097067 0.097067 0.097067 2.164032 1.572480 2.216448 2.208960
22500000 0.097067 0.089600 0.097067 2.186496 2.216448 2.216448 2.216448
24000000 0.089600 0.097067 0.089600 2.193984 2.208960 2.193984 2.223936
25500000 0.097067 0.097067 0.097067 2.186496 2.201472 2.223936 2.216448
27000000 0.097067 0.097067 1.415232 0.973440 1.744704 1.752192 1.737216
28500000 0.097067 0.097067 1.752192 1.759680 1.737216 1.737216 1.737216
30000000 0.097067 0.097067 1.752192 1.744704 1.744704 1.744704 1.759680
31500000 0.097067 0.097067 1.744704 1.737216 1.752192 1.722240 1.752192
33000000 0.097067 1.422720 1.362816 1.422720 1.437696 1.430208 1.445184
34500000 0.089600 1.422720 1.452672 1.430208 1.430208 1.452672 1.452672
36000000 0.097067 1.422720 1.452672 1.422720 1.430208 1.452672 1.452672
37500000 0.097067 1.422720 1.452672 1.422720 1.422720 1.445184 1.460160
39000000 1.205568 1.205568 1.205568 1.228032 1.228032 1.228032 1.220544
40500000 1.205568 1.205568 1.205568 1.228032 1.228032 1.220544 1.228032
42000000 1.205568 1.205568 1.205568 1.228032 1.228032 1.228032 1.228032
43500000 1.205568 1.205568 1.205568 1.228032 1.228032 1.228032 1.228032
45000000 0.000000 0.000000 0.000000 0.000000 0.000000 0.000000 0.000000
46500000 0.000000 0.000000 0.000000 0.000000 0.000000 0.000000 0.000000
48000000 0.000000 0.000000 0.000000 0.000000 0.000000 0.000000 0.000000
49500000 0.000000 0.000000 0.000000 0.000000 0.000000 0.000000 0.000000
51000000 0.000000 0.000000 0.000000 0.000000 0.000000 0.000000 0.000000
52500000 0.000000 0.000000 0.000000 0.000000 0.000000 0.000000 0.000000
54000000 0.112000 0.112000 0.112000 0.119467 0.112000 0.112000 8.993088
55500000 0.097067 0.097067 0.097067 0.097067 0.097067 0.089600 9.060480
57000000 0.097067 0.097067 0.097067 0.089600 0.097067 0.097067 9.052992
58500000 0.097067 0.097067 0.089600 0.097067 0.097067 0.097067 9.082944
60000000 0.097067 0.097067 0.097067 0.097067 0.097067 4.305600 4.313088
61500000 0.097067 0.097067 0.097067 0.097067 0.097067 4.335552 4.290624
63000000 0.097067 0.097067 0.097067 0.097067 0.097067 4.350528 4.305600
64500000 0.089600 0.089600 0.097067 0.097067 0.089600 4.335552 4.320576
66000000 0.097067 0.097067 0.097067 0.097067 2.980224 2.980224 2.972736
67500000 0.097067 0.097067 0.097067 0.089600 2.980224 2.950272 2.972736
69000000 0.097067 0.097067 0.089600 0.104533 2.972736 2.980224 2.972736
70500000 0.097067 0.097067 0.097067 0.089600 2.972736 2.980224 2.965248
72000000 0.097067 0.097067 0.097067 2.179008 2.216448 2.186496 2.223936
73500000 0.089600 0.097067 0.097067 2.179008 2.223936 2.223936 2.208960
75000000 0.104533 0.089600 0.097067 2.186496 2.216448 2.216448 2.216448
76500000 0.089600 0.097067 0.097067 2.186496 2.208960 2.208960 2.216448
78000000 0.097067 0.097067 1.752192 1.759680 1.759680 1.752192 1.737216
79500000 0.097067 0.097067 1.752192 1.752192 1.744704 1.714752 1.737216
81000000 0.097067 0.097067 1.752192 1.744704 1.752192 1.737216 1.797120
82500000 0.097067 0.097067 1.752192 1.737216 1.744704 1.744704 1.759680
84000000 0.097067 1.422720 1.452672 1.422720 1.430208 1.452672 1.460160
85500000 0.089600 1.422720 1.452672 1.422720 1.430208 1.452672 1.452672
87000000 0.097067 1.422720 1.452672 1.422720 1.430208 1.452672 1.460160
88500000 0.097067 1.422720 1.452672 1.422720 1.430208 1.430208 1.460160
90000000 1.205568 1.205568 1.205568 1.228032 1.228032 1.228032 1.228032
91500000 1.205568 1.205568 1.205568 1.228032 1.228032 1.228032 1.228032
93000000 1.205568 1.205568 1.205568 1.228032 1.228032 1.228032 1.228032
94500000 1.205568 1.205568 1.205568 1.228032 1.228032 1.228032 1.228032
96000000 0.000000 0.000000 0.000000 0.000000 0.000000 0.000000 0.000000
97500000 0.000000 0.000000 0.000000 0.000000 0.000000 0.000000 0.000000
99000000 0.000000 0.000000 0.000000 0.000000 0.000000 0.000000 0.000000
100500000 0.000000 0.000000 0.000000 0.000000 0.000000 0.000000 0.000000
102000000 0.000000 0.000000 0.000000 0.000000 0.000000 0.000000 0.000000
103500000 0.000000 0.000000 0.000000 0.000000 0.000000 0.000000 0.000000
105000000 0.119467 0.119467 0.112000 0.119467 0.112000 0.112000 9.008064
106500000 0.089600 0.097067 0.104533 0.097067 0.097067 0.097067 9.090432
108000000 0.097067 0.089600 0.089600 0.097067 0.097067 0.097067 9.075456
109500000 0.097067 0.097067 0.097067 0.097067 0.097067 0.097067 9.067968
111000000 0.097067 0.097067 0.097067 0.097067 0.097067 4.350528 4.305600
112500000 0.097067 0.097067 0.097067 0.097067 0.097067 4.343040 4.313088
114000000 0.097067 0.097067 0.097067 0.097067 0.097067 4.335552 4.305600
115500000 0.089600 0.097067 0.089600 0.089600 0.089600 4.358016 4.305600
117000000 0.097067 0.089600 0.097067 0.097067 2.980224 2.980224 2.972736
118500000 0.097067 0.097067 0.097067 0.097067 2.980224 2.980224 2.972736
120000000 0.097067 0.097067 0.097067 0.097067 2.965248 2.980224 2.972736
121500000 0.097067 0.097067 0.097067 0.097067 2.965248 2.972736 2.965248
123000000 0.052267 0.097067 0.097067 2.179008 2.216448 2.216448 2.216448
124500000 0.141867 0.097067 0.097067 2.179008 2.216448 2.216448 2.216448
126000000 0.089600 0.097067 0.089600 2.179008 2.216448 2.223936 2.216448
127500000 0.097067 0.089600 0.097067 2.186496 2.208960 2.216448 2.216448
129000000 0.097067 0.097067 1.744704 1.744704 1.744704 1.759680 1.744704
130500000 0.097067 0.097067 1.744704 1.759680 1.744704 1.752192 1.737216
132000000 0.097067 0.097067 1.752192 1.744704 1.737216 1.744704 1.752192
133500000 0.097067 0.097067 1.744704 1.737216 1.752192 1.744704 1.752192
135000000 0.097067 1.422720 1.452672 1.422720 1.437696 1.452672 1.460160
136500000 0.089600 1.422720 1.452672 1.422720 1.437696 1.445184 1.452672
138000000 0.097067 1.422720 1.452672 1.422720 1.430208 1.452672 1.460160
139500000 0.097067 1.422720 1.452672 1.385280 1.430208 1.445184 1.460160
141000000 1.205568 1.205568 1.205568 1.228032 1.228032 1.228032 1.228032
142500000 1.205568 1.205568 1.205568 1.228032 1.228032 1.228032 1.228032
144000000 1.205568 1.205568 1.205568 1.228032 1.228032 1.228032 1.228032
145500000 1.205568 1.205568 1.205568 1.228032 1.228032 1.228032 1.213056
147000000 0.000000 0.000000 0.000000 0.000000 0.000000 0.000000 0.000000
148500000 0.000000 0.000000 0.000000 0.000000 0.000000 0.000000 0.000000
150000000 0.000000 0.000000 0.000000 0.000000 0.000000 0.000000 0.000000
151500000 0.000000 0.000000 0.000000 0.000000 0.000000 0.000000 0.000000
153000000 0.000000 0.000000 0.000000 0.000000 0.000000 0.000000 0.000000
154500000 0.000000 0.000000 0.000000 0.000000 0.000000 0.000000 0.000000
156000000 0.000000 0.000000 0.000000 0.000000 0.000000 0.000000 0.000000
157500000 0.000000 0.000000 0.000000 0.000000 0.000000 0.000000 0.000000
159000000 0.000000 0.000000 0.000000 0.000000 0.000000 0.000000 0.000000
160500000 0.000000 0.000000 0.000000 0.000000 0.000000 0.000000 0.000000
162000000 0.022400 0.014933 0.014933 0.022400 3.114944 3.114944 2.995200
163500000 0.000000 2.770560 3.077568 3.092544 0.000000 0.000000 0.000000
165000000 1.460160 0.000000 0.000000 0.000000 0.000000 3.092544 1.018368
166500000 0.000000 0.000000 0.628992 1.954368 2.411136 0.000000 0.000000
168000000 0.000000 0.000000 0.000000 0.000000 0.000000 0.000000 0.000000
169500000 0.000000 0.000000 0.000000 0.000000 0.000000 0.658944 0.000000
171000000 0.000000 0.000000 0.000000 0.000000 0.000000 0.000000 0.000000
172500000 0.000000 0.000000 0.000000 0.000000 0.000000 0.000000 0.000000
174000000 0.000000 0.000000 0.000000 0.000000 0.000000 0.000000 0.000000
175500000 0.000000 0.000000 0.000000 0.000000 0.000000 0.000000 0.000000
177000000 0.000000 0.000000 0.000000 0.000000 0.000000 0.000000 0.000000
178500000 0.000000 0.000000 0.000000 0.000000 0.000000 0.000000 0.000000
180000000 0.000000 0.000000 0.000000 0.000000 0.000000 0.000000 0.000000
181500000 0.000000 0.000000 0.000000 0.000000 0.000000 0.000000 0.000000
183000000 0.000000 0.000000 0.000000 0.000000 0.000000 0.000000 0.000000
184500000 0.000000 0.000000 0.000000 0.000000 0.000000 0.000000 0.000000
186000000 0.000000 0.000000 0.000000 0.000000 0.000000 0.000000 0.000000
187500000 0.000000 0.000000 0.000000 0.000000 0.000000 0.000000 0.000000
189000000 0.000000 0.000000 0.000000 0.000000 0.000000 0.000000 0.000000
190500000 0.000000 0.000000 0.000000 0.000000 0.000000 0.000000 0.000000
192000000 0.000000 0.000000 0.000000 0.000000 0.000000 0.000000 0.000000
193500000 0.000000 0.000000 0.000000 0.000000 0.000000 0.000000 0.000000
195000000 0.000000 0.000000 0.000000 0.000000 0.000000 0.000000 0.000000
196500000 0.000000 0.000000 0.000000 0.000000 0.000000 0.000000 0.000000
198000000 0.000000 0.000000 0.000000 0.000000 0.000000 0.000000 0.000000
199500000 0.000000 0.000000 0.000000 0.000000 0.000000 0.000000 0.000000
201000000 0.000000 0.000000 0.000000 0.000000 0.000000 0.000000 0.000000
202500000 0.000000 0.000000 0.000000 0.000000 0.000000 0.000000 0.000000
204000000 0.000000 0.000000 0.000000 0.000000 0.000000 0.000000 0.000000
205500000 0.000000 0.000000 0.000000 0.000000 0.000000 0.000000 0.000000
207000000 0.000000 0.000000 0.000000 0.000000 0.000000 0.000000 0.000000
208500000 0.000000 0.000000 0.000000 0.000000 0.000000 0.000000 0.000000
210000000 0.000000 0.000000 0.000000 0.000000 0.000000 0.000000 0.000000
211500000 0.000000 0.000000 0.000000 0.000000 0.000000 0.000000 0.000000
213000000 0.000000 0.000000 0.000000 0.000000 0.000000 0.000000 0.000000
214500000 0.000000 0.000000 0.000000 0.000000 0.000000 0.000000 0.000000
216000000 0.000000 0.000000 0.000000 0.000000 0.000000 0.000000 0.000000
217500000 0.000000 0.000000 0.000000 0.000000 0.000000 0.000000 0.000000
219000000 0.000000 0.000000 0.000000 0.000000 0.000000 0.000000 0.000000
220500000 0.000000 0.000000 0.000000 0.000000 0.000000 0.000000 0.000000
222000000 0.000000 0.000000 0.000000 0.000000 0.000000 0.000000 0.000000
223500000 0.000000 0.000000 0.000000 0.000000 0.000000 0.000000 0.000000
225000000 0.000000 0.000000 0.000000 0.000000 0.000000 0.000000 0.000000
226500000 0.000000 0.000000 0.000000 0.000000 0.000000 0.000000 0.000000
228000000 0.000000 0.000000 0.000000 0.000000 0.000000 0.000000 0.000000
229500000 0.000000 0.000000 0.000000 0.000000 0.000000 0.000000 0.000000
231000000 0.000000 0.000000 0.000000 0.000000 0.000000 0.000000 0.000000
232500000 0.000000 0.000000 0.000000 0.000000 0.000000 0.000000 0.000000
234000000 0.000000 0.000000 0.000000 0.000000 0.000000 0.000000 0.000000
235500000 0.000000 0.000000 0.000000 0.000000 0.000000 0.000000 0.000000
237000000 0.000000 0.000000 0.000000 0.000000 0.000000 0.000000 0.000000
238500000 0.000000 0.000000 0.000000 0.000000 0.000000 0.000000 0.000000
240000000 0.000000 0.000000 0.000000 0.000000 0.000000 0.000000 0.000000
241500000 0.000000 0.000000 0.000000 0.000000 0.000000 0.000000 0.000000
243000000 0.000000 0.000000 0.000000 0.000000 0.000000 0.000000 0.000000
244500000 0.000000 0.000000 0.000000 0.000000 0.000000 0.000000 0.000000
246000000 0.000000 0.000000 0.000000 0.000000 0.000000 0.000000 0.000000
247500000 0.000000 0.000000 0.000000 0.000000 0.000000 0.000000 0.000000
249000000 0.000000 0.000000 0.000000 0.000000 0.000000 0.000000 0.000000
250500000 0.000000 0.000000 0.000000 0.000000 0.000000 0.000000 0.000000
252000000 0.000000 0.000000 0.000000 0.000000 0.000000 0.000000 0.000000
253500000 0.000000 0.000000 0.000000 0.000000 0.000000 0.000000 0.000000
255000000 0.000000 0.000000 0.000000 0.000000 0.000000 0.000000 0.000000
256500000 0.000000 0.000000 0.000000 0.000000 0.000000 0.000000 0.000000
258000000 0.000000 0.000000 0.000000 0.000000 0.000000 0.000000 0.000000
259500000 0.000000 0.000000 0.000000 0.000000 0.000000 0.000000 0.000000
261000000 0.000000 0.000000 0.000000 0.000000 0.000000 0.000000 0.000000
262500000 0.000000 0.000000 0.000000 0.000000 0.000000 0.000000 0.000000
264000000 0.000000 0.000000 0.000000 0.000000 0.000000 0.000000 0.000000
265500000 0.000000 0.000000 0.000000 0.000000 0.000000 0.000000 0.000000
267000000 0.000000 0.000000 0.000000 0.000000 0.000000 0.000000 0.000000
268500000 0.000000 0.000000 0.000000 0.000000 0.000000 0.000000 0.000000
270000000 0.000000 0.000000 0.000000 0.000000 0.000000 0.000000 0.000000
271500000 0.000000 0.000000 0.000000 0.000000 0.000000 0.000000 0.000000
273000000 0.000000 0.000000 0.000000 0.000000 0.000000 0.000000 0.000000
274500000 0.000000 0.000000 0.000000 0.000000 0.000000 0.000000 0.000000
276000000 0.000000 0.000000 0.000000 0.000000 0.000000 0.000000 0.000000
277500000 0.000000 0.000000 0.000000 0.000000 0.000000 0.000000 0.000000
279000000 0.000000 0.000000 0.000000 0.000000 0.000000 0.000000 0.000000
280500000 0.000000 0.000000 0.000000 0.000000 0.000000 0.000000 0.000000
282000000 0.000000 0.000000 0.000000 0.000000 0.000000 0.000000 0.000000
283500000 0.000000 0.000000 0.000000 0.000000 0.000000 0.000000 0.000000
285000000 0.000000 0.000000 0.000000 0.000000 0.000000 0.000000 0.000000
286500000 0.000000 0.000000 0.000000 0.000000 0.000000 0.000000 0.000000
288000000 0.000000 0.000000 0.000000 0.000000 0.000000 0.000000 0.000000
289500000 0.000000 0.000000 0.000000 0.000000 0.000000 0.000000 0.000000
291000000 0.000000 0.000000 0.000000 0.000000 0.000000 0.000000 0.000000
292500000 0.000000 0.000000 0.000000 0.000000 0.000000 0.000000 0.000000
294000000 0.000000 0.000000 0.000000 0.000000 0.000000 0.000000 0.000000
295500000 0.000000 0.000000 0.000000 0.000000 0.000000 0.000000 0.000000
297000000 0.000000 0.000000 0.000000 0.000000 0.000000 0.000000 0.000000
298500000 0.000000 0.000000 0.000000 0.000000 0.000000 0.000000 0.000000
300000000 0.000000 0.000000 0.000000 0.000000 0.000000 0.000000 0.000000
301500000 0.000000 0.000000 0.000000 0.000000 0.000000 0.000000 0.000000
303000000 0.000000 0.000000 0.000000 0.000000 0.000000 0.000000 0.000000
304500000 0.000000 0.000000 0.000000 0.000000 0.000000 0.000000 0.000000
306000000 0.000000 0.000000 0.000000 0.000000 0.000000 0.000000 0.000000
307500000 0.000000 0.000000 0.000000 0.000000 0.000000 0.000000 0.000000
309000000 0.000000 0.000000 0.000000 0.000000 0.000000 0.000000 0.000000
310500000 0.000000 0.000000 0.000000 0.000000 0.000000 0.000000 0.000000
312000000 0.000000 0.000000 0.000000 0.000000 0.000000 0.000000 0.000000
313500000 0.000000 0.000000 0.000000 0.000000 0.000000 0.000000 0.000000
315000000 0.000000 0.000000 0.000000 0.000000 0.000000 0.000000 0.000000
316500000 0.000000 0.000000 0.000000 0.000000 0.000000 0.000000 0.000000
318000000 0.000000 0.000000 0.000000 0.000000 0.000000 0.000000 0.000000
319500000 0.000000 0.000000 0.000000 0.000000 0.000000 0.000000 0.000000
321000000 0.000000 0.000000 0.000000 0.000000 0.000000 0.000000 0.000000
322500000 0.000000 0.000000 0.000000 0.000000 0.000000 0.000000 0.000000
324000000 0.000000 0.000000 0.000000 0.000000 0.000000 0.000000 0.000000
325500000 0.000000 0.000000 0.000000 0.000000 0.000000 0.000000 0.000000
327000000 0.000000 0.000000 0.000000 0.000000 0.000000 0.000000 0.000000
328500000 0.000000 0.000000 0.000000 0.000000 0.000000 0.000000 0.000000
330000000 0.000000 0.000000 0.000000 0.000000 0.000000 0.000000 0.000000
331500000 0.000000 0.000000 0.000000 0.000000 0.000000 0.000000 0.000000
333000000 0.000000 0.000000 0.000000 0.000000 0.000000 0.000000 0.000000
334500000 0.000000 0.000000 0.000000 0.000000 0.000000 0.000000 0.000000
336000000 0.000000 0.000000 0.000000 0.000000 0.000000 0.000000 0.000000
337500000 0.000000 0.000000 0.000000 0.000000 0.000000 0.000000 0.000000
339000000 0.000000 0.000000 0.000000 0.000000 0.000000 0.000000 0.000000
340500000 0.000000 0.000000 0.000000 0.000000 0.000000 0.000000 0.000000
342000000 0.000000 0.000000 0.000000 0.000000 0.000000 0.000000 0.000000
343500000 0.000000 0.000000 0.000000 0.000000 0.000000 0.000000 0.000000
345000000 0.000000 0.000000 0.000000 0.000000 0.000000 0.000000 0.000000
346500000 0.000000 0.000000 0.000000 0.000000 0.000000 0.000000 0.000000
348000000 0.000000 0.000000 0.000000 0.000000 0.000000 0.000000 0.000000
349500000 0.000000 0.000000 0.000000 0.000000 0.000000 0.000000 0.000000
351000000 0.000000 0.000000 0.000000 0.000000 0.000000 0.000000 0.000000
352500000 0.000000 0.000000 0.000000 0.000000 0.000000 0.000000 0.000000
354000000 0.000000 0.000000 0.000000 0.000000 0.000000 0.000000 0.000000
355500000 0.000000 0.000000 0.000000 0.000000 0.000000 0.000000 0.000000
357000000 0.000000 0.000000 0.000000 0.000000 0.000000 0.000000 0.000000
358500000 0.000000 0.000000 0.000000 0.000000 0.000000 0.000000 0.000000
360000000 0.000000 0.000000 0.000000 0.000000 0.000000 0.000000 0.000000
361500000 0.000000 0.000000 0.000000 0.000000 0.000000 0.000000 0.000000
363000000 0.000000 0.000000 0.000000 0.000000 0.000000 0.000000 0.000000
364500000 0.000000 0.000000 0.000000 0.000000 0.000000 0.000000 0.000000
366000000 0.000000 0.000000 0.000000 0.000000 0.000000 0.000000 0.000000
367500000 0.000000 0.000000 0.000000 0.000000 0.000000 0.000000 0.000000
369000000 0.000000 0.000000 0.000000 0.000000 0.000000 0.000000 0.000000
370500000 0.000000 0.000000 0.000000 0.000000 0.000000 0.000000 0.000000
372000000 0.000000 0.000000 0.000000 0.000000 0.000000 0.000000 0.000000
373500000 0.000000 0.000000 0.000000 0.000000 0.000000 0.000000 0.000000
375000000 0.000000 0.000000 0.000000 0.000000 0.000000 0.000000 0.000000
376500000 0.000000 0.000000 0.000000 0.000000 0.000000 0.000000 0.000000
378000000 0.000000 0.000000 0.000000 0.000000 0.000000 0.000000 0.000000
379500000 0.000000 0.000000 0.000000 0.000000 0.000000 0.000000 0.000000
381000000 0.000000 0.000000 0.000000 0.000000 0.000000 0.000000 0.000000
382500000 0.000000 0.000000 0.000000 0.000000 0.000000 0.000000 0.000000
384000000 0.000000 0.000000 0.000000 0.000000 0.000000 0.000000 0.000000
385500000 0.000000 0.000000 0.000000 0.000000 0.000000 0.000000 0.000000
387000000 0.000000 0.000000 0.000000 0.000000 0.000000 0.000000 0.000000
388500000 0.000000 0.000000 0.000000 0.000000 0.000000 0.000000 0.000000
390000000 0.000000 0.000000 0.000000 0.000000 0.000000 0.000000 0.000000
391500000 0.000000 0.000000 0.000000 0.000000 0.000000 0.000000 0.000000
393000000 0.000000 0.000000 0.000000 0.000000 0.000000 0.000000 0.000000
394500000 0.000000 0.000000 0.000000 0.000000 0.000000 0.000000 0.000000
396000000 0.000000 0.000000 0.000000 0.000000 0.000000 0.000000 0.000000
397500000 0.000000 0.000000 0.000000 0.000000 0.000000 0.000000 0.000000
399000000 0.000000 0.000000 0.000000 0.000000 0.000000 0.000000 0.000000
400500000 0.000000 0.000000 0.000000 0.000000 0.000000 0.000000 0.000000
402000000 0.000000 0.000000 0.000000 0.000000 0.000000 0.000000 0.000000
403500000 0.000000 0.000000 0.000000 0.000000 0.000000 0.000000 0.000000
405000000 0.000000 0.000000 0.000000 0.000000 0.000000 0.000000 0.000000
406500000 0.000000 0.000000 0.000000 0.000000 0.000000 0.000000 0.000000
408000000 0.000000 0.000000 0.000000 0.000000 0.000000 0.000000 0.000000
409500000 0.000000 0.000000 0.000000 0.000000 0.000000 0.000000 0.000000
411000000 0.000000 0.000000 0.000000 0.000000 0.000000 0.000000 0.000000
412500000 0.000000 0.000000 0.000000 0.000000 0.000000 0.000000 0.000000
414000000 0.000000 0.000000 0.000000 0.000000 0.000000 0.000000 0.000000
415500000 0.000000 0.000000 0.000000 0.000000 0.000000 0.000000 0.000000
417000000 0.000000 0.000000 0.000000 0.000000 0.000000 0.000000 0.000000
418500000 0.000000 0.000000 0.000000 0.000000 0.000000 0.000000 0.000000
420000000 0.000000 0.000000 0.000000 0.000000 0.000000 0.000000 0.000000
421500000 0.000000 0.000000 0.000000 0.000000 0.000000 0.000000 0.000000
423000000 0.000000 0.000000 0.000000 0.000000 0.000000 0.000000 0.000000
424500000 0.000000 0.000000 0.000000 0.000000 0.000000 0.000000 0.000000
426000000 0.000000 0.000000 0.000000 0.000000 0.000000 0.000000 0.000000
427500000 0.000000 0.000000 0.000000 0.000000 0.000000 0.000000 0.000000
429000000 0.000000 0.000000 0.000000 0.000000 0.000000 0.000000 0.000000
430500000 0.000000 0.000000 0.000000 0.000000 0.000000 0.000000 0.000000
432000000 0.000000 0.000000 0.000000 0.000000 0.000000 0.000000 0.000000
433500000 0.000000 0.000000 0.000000 0.000000 0.000000 0.000000 0.000000
435000000 0.000000 0.000000 0.000000 0.000000 0.000000 0.000000 0.000000
436500000 0.000000 0.000000 0.000000 0.000000 0.000000 0.000000 0.000000
438000000 0.000000 0.000000 0.000000 0.000000 0.000000 0.000000 0.000000
439500000 0.000000 0.000000 0.000000 0.000000 0.000000 0.000000 0.000000
441000000 0.000000 0.000000 0.000000 0.000000 0.000000 0.000000 0.000000
442500000 0.000000 0.000000 0.000000 0.000000 0.000000 0.000000 0.000000
444000000 0.000000 0.000000 0.000000 0.000000 0.000000 0.000000 0.000000
445500000 0.000000 0.000000 0.000000 0.000000 0.000000 0.000000 0.000000
447000000 0.000000 0.000000 0.000000 0.000000 0.000000 0.000000 0.000000
448500000 0.000000 0.000000 0.000000 0.000000 0.000000 0.000000 0.000000
450000000 0.000000 0.000000 0.000000 0.000000 0.000000 0.000000 0.000000
451500000 0.000000 0.000000 0.000000 0.000000 0.000000 0.000000 0.000000
453000000 0.000000 0.000000 0.000000 0.000000 0.000000 0.000000 0.000000
454500000 0.000000 0.000000 0.000000 0.000000 0.000000 0.000000 0.000000
456000000 0.000000 0.000000 0.000000 0.000000 0.000000 0.000000 0.000000
457500000 0.000000 0.000000 0.000000 0.000000 0.000000 0.000000 0.000000
459000000 0.000000 0.000000 0.000000 0.000000 0.000000 0.000000 0.000000
460500000 0.000000 0.000000 0.000000 0.000000 0.000000 0.000000 0.000000
462000000 0.000000 0.000000 0.000000 0.000000 0.000000 0.000000 0.000000
463500000 0.000000 0.000000 0.000000 0.000000 0.000000 0.000000 0.000000
465000000 0.000000 0.000000 0.000000 0.000000 0.000000 0.000000 0.000000
466500000 0.000000 0.000000 0.000000 0.000000 0.000000 0.000000 0.000000
468000000 0.000000 0.000000 0.000000 0.000000 0.000000 0.000000 0.000000
469500000 0.000000 0.000000 0.000000 0.000000 0.000000 0.000000 0.000000
471000000 0.000000 0.000000 0.000000 0.000000 0.000000 0.000000 0.000000
472500000 0.000000 0.000000 0.000000 0.000000 0.000000 0.000000 0.000000
474000000 0.000000 0.000000 0.000000 0.000000 0.000000 0.000000 0.000000
475500000 0.000000 0.000000 0.000000 0.000000 0.000000 0.000000 0.000000
477000000 0.000000 0.000000 0.000000 0.000000 0.000000 0.000000 0.000000
478500000 0.000000 0.000000 0.000000 0.000000 0.000000 0.000000 0.000000
480000000 0.000000 0.000000 0.000000 0.000000 0.000000 0.000000 0.000000
481500000 0.000000 0.000000 0.000000 0.000000 0.000000 0.000000 0.000000
483000000 0.000000 0.000000 0.000000 0.000000 0.000000 0.000000 0.000000
484500000 0.000000 0.000000 0.000000 0.000000 0.000000 0.000000 0.000000
486000000 0.000000 0.000000 0.000000 0.000000 0.000000 0.000000 0.000000
487500000 0.000000 0.000000 0.000000 0.000000 0.000000 0.000000 0.000000
489000000 0.000000 0.000000 0.000000 0.000000 0.000000 0.000000 0.000000
490500000 0.000000 0.000000 0.000000 0.000000 0.000000 0.000000 0.000000
492000000 0.000000 0.000000 0.000000 0.000000 0.000000 0.000000 0.000000
493500000 0.000000 0.000000 0.000000 0.000000 0.000000 0.000000 0.000000
495000000 0.000000 0.000000 0.000000 0.000000 0.000000 0.000000 0.000000
496500000 0.000000 0.000000 0.000000 0.000000 0.000000 0.000000 0.000000
498000000 0.000000 0.000000 0.000000 0.000000 0.000000 0.000000 0.000000
499500000 0.000000 0.000000 0.000000 0.000000 0.000000 0.000000 0.000000
501000000 0.000000 0.000000 0.000000 0.000000 0.000000 0.000000 0.000000
502500000 0.000000 0.000000 0.000000 0.000000 0.000000 0.000000 0.000000
504000000 0.000000 0.000000 0.000000 0.000000 0.000000 0.000000 0.000000
505500000 0.000000 0.000000 0.000000 0.000000 0.000000 0.000000 0.000000
507000000 0.000000 0.000000 0.000000 0.000000 0.000000 0.000000 0.000000
508500000 0.000000 0.000000 0.000000 0.000000 0.000000 0.000000 0.000000
510000000 0.000000 0.000000 0.000000 0.000000 0.000000 0.000000 0.000000
511500000 0.000000 0.000000 0.000000 0.000000 0.000000 0.000000 0.000000
513000000 0.000000 0.000000 0.000000 0.000000 0.000000 0.000000 0.000000
514500000 0.000000 0.000000 0.000000 0.000000 0.000000 0.000000 0.000000
516000000 0.000000 0.000000 0.000000 0.000000 0.000000 0.000000 0.000000
517500000 0.000000 0.000000 0.000000 0.000000 0.000000 0.000000 0.000000
519000000 0.000000 0.000000 0.000000 0.000000 0.000000 0.000000 0.000000
520500000 0.000000 0.000000 0.000000 0.000000 0.000000 0.000000 0.000000
522000000 0.000000 0.000000 0.000000 0.000000 0.000000 0.000000 0.000000
523500000 0.000000 0.000000 0.000000 0.000000 0.000000 0.000000 0.000000
525000000 0.000000 0.000000 0.000000 0.000000 0.000000 0.000000 0.000000
526500000 0.000000 0.000000 0.000000 0.000000 0.000000 0.000000 0.000000
528000000 0.000000 0.000000 0.000000 0.000000 0.000000 0.000000 0.000000
529500000 0.000000 0.000000 0.000000 0.000000 0.000000 0.000000 0.000000
531000000 0.000000 0.000000 0.000000 0.000000 0.000000 0.000000 0.000000
532500000 0.000000 0.000000 0.000000 0.000000 0.000000 0.000000 0.000000
534000000 0.000000 0.000000 0.000000 0.000000 0.000000 0.000000 0.000000
535500000 0.000000 0.000000 0.000000 0.000000 0.000000 0.000000 0.000000
537000000 0.000000 0.000000 0.000000 0.000000 0.000000 0.000000 0.000000
538500000 0.000000 0.000000 0.000000 0.000000 0.000000 0.000000 0.000000
540000000 0.000000 0.000000 0.000000 0.000000 0.000000 0.000000 0.000000
541500000 0.000000 0.000000 0.000000 0.000000 0.000000 0.000000 0.000000
543000000 0.000000 0.000000 0.000000 0.000000 0.000000 0.000000 0.000000
544500000 0.000000 0.000000 0.000000 0.000000 0.000000 0.000000 0.000000
546000000 0.000000 0.000000 0.000000 0.000000 0.000000 0.000000 0.000000
547500000 0.000000 0.000000 0.000000 0.000000 0.000000 0.000000 0.000000
549000000 0.000000 0.000000 0.000000 0.000000 0.000000 0.000000 0.000000
550500000 0.000000 0.000000 0.000000 0.000000 0.000000 0.000000 0.000000
552000000 0.000000 0.000000 0.000000 0.000000 0.000000 0.000000 0.000000
553500000 0.000000 0.000000 0.000000 0.000000 0.000000 0.000000 0.000000
555000000 0.000000 0.000000 0.000000 0.000000 0.000000 0.000000 0.000000
556500000 0.000000 0.000000 0.000000 0.000000 0.000000 0.000000 0.000000
558000000 0.000000 0.000000 0.000000 0.000000 0.000000 0.000000 0.000000
559500000 0.000000 0.000000 0.000000 0.000000 0.000000 0.000000 0.000000
561000000 0.000000 0.000000 0.000000 0.000000 0.000000 0.000000 0.000000
562500000 0.000000 0.000000 0.000000 0.000000 0.000000 0.000000 0.000000
564000000 0.000000 0.000000 0.000000 0.000000 0.000000 0.000000 0.000000
565500000 0.000000 0.000000 0.000000 0.000000 0.000000 0.000000 0.000000
567000000 0.000000 0.000000 0.000000 0.000000 0.000000 0.000000 0.000000
568500000 0.000000 0.000000 0.000000 0.000000 0.000000 0.000000 0.000000
570000000 0.000000 0.000000 0.000000 0.000000 0.000000 0.000000 0.000000
571500000 0.000000 0.000000 0.000000 0.000000 0.000000 0.000000 0.000000
573000000 0.000000 0.000000 0.000000 0.000000 0.000000 0.000000 0.000000
574500000 0.000000 0.000000 0.000000 0.000000 0.000000 0.000000 0.000000
576000000 0.000000 0.000000 0.000000 0.000000 0.000000 0.000000 0.000000
577500000 0.000000 0.000000 0.000000 0.000000 0.000000 0.000000 0.000000
579000000 0.000000 0.000000 0.000000 0.000000 0.000000 0.000000 0.000000
580500000 0.000000 0.000000 0.000000 0.000000 0.000000 0.000000 0.000000
582000000 0.000000 0.000000 0.000000 0.000000 0.000000 0.000000 0.000000
583500000 0.000000 0.000000 0.000000 0.000000 0.000000 0.000000 0.000000
585000000 0.000000 0.000000 0.000000 0.000000 0.000000 0.000000 0.000000
586500000 0.000000 0.000000 0.000000 0.000000 0.000000 0.000000 0.000000
588000000 0.000000 0.000000 0.000000 0.000000 0.000000 0.000000 0.000000
589500000 0.000000 0.000000 0.000000 0.000000 0.000000 0.000000 0.000000
591000000 0.000000 0.000000 0.000000 0.000000 0.000000 0.000000 0.000000
592500000 0.000000 0.000000 0.000000 0.000000 0.000000 0.000000 0.000000
594000000 0.000000 0.000000 0.000000 0.000000 0.000000 0.000000 0.000000
595500000 0.000000 0.000000 0.000000 0.000000 0.000000 0.000000 0.000000
597000000 0.000000 0.000000 0.000000 0.000000 0.000000 0.000000 0.000000
598500000 0.000000 0.000000 0.000000 0.000000 0.000000 0.000000 0.000000
600000000 0.000000 0.000000 0.000000 0.000000 0.000000 0.000000 0.000000
601500000 0.000000 0.000000 0.000000 0.000000 0.000000 0.000000 0.000000
603000000 0.000000 0.000000 0.000000 0.000000 0.000000 0.000000 0.000000
604500000 0.000000 0.000000 0.000000 0.000000 0.000000 0.000000 0.000000
606000000 0.000000 0.000000 0.000000 0.000000 0.000000 0.000000 0.000000
607500000 0.000000 0.000000 0.000000 0.000000 0.000000 0.000000 0.000000
609000000 0.000000 0.000000 0.000000 0.000000 0.000000 0.000000 0.000000
610500000 0.000000 0.000000 0.000000 0.000000 0.000000 0.000000 0.000000
612000000 0.000000 0.000000 0.000000 0.000000 0.000000 0.000000 0.000000
613500000 0.000000 0.000000 0.000000 0.000000 0.000000 0.000000 0.000000
615000000 0.000000 0.000000 0.000000 0.000000 0.000000 0.000000 0.000000
616500000 0.000000 0.000000 0.000000 0.000000 0.000000 0.000000 0.000000
618000000 0.000000 0.000000 0.000000 0.000000 0.000000 0.000000 0.000000
619500000 0.000000 0.000000 0.000000 0.000000 0.000000 0.000000 0.000000
621000000 0.000000 0.000000 0.000000 0.000000 0.000000 0.000000 0.000000
622500000 0.000000 0.000000 0.000000 0.000000 0.000000 0.000000 0.000000
624000000 0.000000 0.000000 0.000000 0.000000 0.000000 0.000000 0.000000
625500000 0.000000 0.000000 0.000000 0.000000 0.000000 0.000000 0.000000
627000000 0.000000 0.000000 0.000000 0.000000 0.000000 0.000000 0.000000
628500000 0.000000 0.000000 0.000000 0.000000 0.000000 0.000000 0.000000
630000000 0.000000 0.000000 0.000000 0.000000 0.000000 0.000000 0.000000
631500000 0.000000 0.000000 0.000000 0.000000 0.000000 0.000000 0.000000
633000000 0.000000 0.000000 0.000000 0.000000 0.000000 0.000000 0.000000
634500000 0.000000 0.000000 0.000000 0.000000 0.000000 0.000000 0.000000
636000000 0.000000 0.000000 0.000000 0.000000 0.000000 0.000000 0.000000
637500000 0.000000 0.000000 0.000000 0.000000 0.000000 0.000000 0.000000
639000000 0.000000 0.000000 0.000000 0.000000 0.000000 0.000000 0.000000
640500000 0.000000 0.000000 0.000000 0.000000 0.000000 0.000000 0.000000
642000000 0.000000 0.000000 0.000000 0.000000 0.000000 0.000000 0.000000
643500000 0.000000 0.000000 0.000000 0.000000 0.000000 0.000000 0.000000
645000000 0.000000 0.000000 0.000000 0.000000 0.000000 0.000000 0.000000
646500000 0.000000 0.000000 0.000000 0.000000 0.000000 0.000000 0.000000
648000000 0.000000 0.000000 0.000000 0.000000 0.000000 0.000000 0.000000
649500000 0.000000 0.000000 0.000000 0.000000 0.000000 0.000000 0.000000
651000000 0.000000 0.000000 0.000000 0.000000 0.000000 0.000000 0.000000
652500000 0.000000 0.000000 0.000000 0.000000 0.000000 0.000000 0.000000
654000000 0.000000 0.000000 0.000000 0.000000 0.000000 0.000000 0.000000
655500000 0.000000 0.000000 0.000000 0.000000 0.000000 0.000000 0.000000
657000000 0.000000 0.000000 0.000000 0.000000 0.000000 0.000000 0.000000
658500000 0.000000 0.000000 0.000000 0.000000 0.000000 0.000000 0.000000
660000000 0.000000 0.000000 0.000000 0.000000 0.000000 0.000000 0.000000
661500000 0.000000 0.000000 0.000000 0.000000 0.000000 0.000000 0.000000
663000000 0.000000 0.000000 0.000000 0.000000 0.000000 0.000000 0.000000
664500000 0.000000 0.000000 0.000000 0.000000 0.000000 0.000000 0.000000
666000000 0.000000 0.000000 0.000000 0.000000 0.000000 0.000000 0.000000
667500000 0.000000 0.000000 0.000000 0.000000 0.000000 0.000000 0.000000
669000000 0.000000 0.000000 0.000000 0.000000 0.000000 0.000000 0.000000
670500000 0.000000 0.000000 0.000000 0.000000 0.000000 0.000000 0.000000
672000000 0.000000 0.000000 0.000000 0.000000 0.000000 0.000000 0.000000
673500000 0.000000 0.000000 0.000000 0.000000 0.000000 0.000000 0.000000
675000000 0.000000 0.000000 0.000000 0.000000 0.000000 0.000000 0.000000
676500000 0.000000 0.000000 0.000000 0.000000 0.000000 0.000000 0.000000
678000000 0.000000 0.000000 0.000000 0.000000 0.000000 0.000000 0.000000
679500000 0.000000 0.000000 0.000000 0.000000 0.000000 0.000000 0.000000
681000000 0.000000 0.000000 0.000000 0.000000 0.000000 0.000000 0.000000
682500000 0.000000 0.000000 0.000000 0.000000 0.000000 0.000000 0.000000
684000000 0.000000 0.000000 0.000000 0.000000 0.000000 0.000000 0.000000
685500000 0.000000 0.000000 0.000000 0.000000 0.000000 0.000000 0.000000
687000000 0.000000 0.000000 0.000000 0.000000 0.000000 0.000000 0.000000
688500000 0.000000 0.000000 0.000000 0.000000 0.000000 0.000000 0.000000
690000000 0.000000 0.000000 0.000000 0.000000 0.000000 0.000000 0.000000
691500000 0.000000 0.000000 0.000000 0.000000 0.000000 0.000000 0.000000
693000000 0.000000 0.000000 0.000000 0.000000 0.000000 0.000000 0.000000
694500000 0.000000 0.000000 0.000000 0.000000 0.000000 0.000000 0.000000
696000000 0.000000 0.000000 0.000000 0.000000 0.000000 0.000000 0.000000
697500000 0.000000 0.000000 0.000000 0.000000 0.000000 0.000000 0.000000
699000000 0.000000 0.000000 0.000000 0.000000 0.000000 0.000000 0.000000
700500000 0.000000 0.000000 0.000000 0.000000 0.000000 0.000000 0.000000
702000000 0.000000 0.000000 0.000000 0.000000 0.000000 0.000000 0.000000
703500000 0.000000 0.000000 0.000000 0.000000 0.000000 0.000000 0.000000
705000000 0.000000 0.000000 0.000000 0.000000 0.000000 0.000000 0.000000
706500000 0.000000 0.000000 0.000000 0.000000 0.000000 0.000000 0.000000
708000000 0.000000 0.000000 0.000000 0.000000 0.000000 0.000000 0.000000
709500000 0.000000 0.000000 0.000000 0.000000 0.000000 0.000000 0.000000
711000000 0.000000 0.000000 0.000000 0.000000 0.000000 0.000000 0.000000
712500000 0.000000 0.000000 0.000000 0.000000 0.000000 0.000000 0.000000
714000000 0.000000 0.000000 0.000000 0.000000 0.000000 0.000000 0.000000
715500000 0.000000 0.000000 0.000000 0.000000 0.000000 0.000000 0.000000
717000000 0.000000 0.000000 0.000000 0.000000 0.000000 0.000000 0.000000
718500000 0.000000 0.000000 0.000000 0.000000 0.000000 0.000000 0.000000
720000000 0.000000 0.000000 0.000000 0.000000 0.000000 0.000000 0.000000
721500000 0.000000 0.000000 0.000000 0.000000 0.000000 0.000000 0.000000
723000000 0.000000 0.000000 0.000000 0.000000 0.000000 0.000000 0.000000
724500000 0.000000 0.000000 0.000000 0.000000 0.000000 0.000000 0.000000
726000000 0.000000 0.000000 0.000000 0.000000 0.000000 0.000000 0.000000
727500000 0.000000 0.000000 0.000000 0.000000 0.000000 0.000000 0.000000
729000000 0.000000 0.000000 0.000000 0.000000 0.000000 0.000000 0.000000
730500000 0.000000 0.000000 0.000000 0.000000 0.000000 0.000000 0.000000
732000000 0.000000 0.000000 0.000000 0.000000 0.000000 0.000000 0.000000
733500000 0.000000 0.000000 0.000000 0.000000 0.000000 0.000000 0.000000
735000000 0.000000 0.000000 0.000000 0.000000 0.000000 0.000000 0.000000
736500000 0.000000 0.000000 0.000000 0.000000 0.000000 0.000000 0.000000
738000000 0.000000 0.000000 0.000000 0.000000 0.000000 0.000000 0.000000
739500000 0.000000 0.000000 0.000000 0.000000 0.000000 0.000000 0.000000
741000000 0.000000 0.000000 0.000000 0.000000 0.000000 0.000000 0.000000
742500000 0.000000 0.000000 0.000000 0.000000 0.000000 0.000000 0.000000
744000000 0.000000 0.000000 0.000000 0.000000 0.000000 0.000000 0.000000
745500000 0.000000 0.000000 0.000000 0.000000 0.000000 0.000000 0.000000
747000000 0.000000 0.000000 0.000000 0.000000 0.000000 0.000000 0.000000
748500000 0.000000 0.000000 0.000000 0.000000 0.000000 0.000000 0.000000
750000000 0.000000 0.000000 0.000000 0.000000 0.000000 0.000000 0.000000
751500000 0.000000 0.000000 0.000000 0.000000 0.000000 0.000000 0.000000
753000000 0.000000 0.000000 0.000000 0.000000 0.000000 0.000000 0.000000
754500000 0.000000 0.000000 0.000000 0.000000 0.000000 0.000000 0.000000
756000000 0.000000 0.000000 0.000000 0.000000 0.000000 0.000000 0.000000
757500000 0.000000 0.000000 0.000000 0.000000 0.000000 0.000000 0.000000
759000000 0.000000 0.000000 0.000000 0.000000 0.000000 0.000000 0.000000
760500000 0.000000 0.000000 0.000000 0.000000 0.000000 0.000000 0.000000
762000000 0.000000 0.000000 0.000000 0.000000 0.000000 0.000000 0.000000
763500000 0.000000 0.000000 0.000000 0.000000 0.000000 0.000000 0.000000
765000000 0.000000 0.000000 0.000000 0.000000 0.000000 0.000000 0.000000
766500000 0.000000 0.000000 0.000000 0.000000 0.000000 0.000000 0.000000
768000000 0.000000 0.000000 0.000000 0.000000 0.000000 0.000000 0.000000
769500000 0.000000 0.000000 0.000000 0.000000 0.000000 0.000000 0.000000
771000000 0.000000 0.000000 0.000000 0.000000 0.000000 0.000000 0.000000
772500000 0.000000 0.000000 0.000000 0.000000 0.000000 0.000000 0.000000
774000000 0.000000 0.000000 0.000000 0.000000 0.000000 0.000000 0.000000
775500000 0.000000 0.000000 0.000000 0.000000 0.000000 0.000000 0.000000
777000000 0.000000 0.000000 0.000000 0.000000 0.000000 0.000000 0.000000
778500000 0.000000 0.000000 0.000000 0.000000 0.000000 0.000000 0.000000
780000000 0.000000 0.000000 0.000000 0.000000 0.000000 0.000000 0.000000
781500000 0.000000 0.000000 0.000000 0.000000 0.000000 0.000000 0.000000
783000000 0.000000 0.000000 0.000000 0.000000 0.000000 0.000000 0.000000
784500000 0.000000 0.000000 0.000000 0.000000 0.000000 0.000000 0.000000
786000000 0.000000 0.000000 0.000000 0.000000 0.000000 0.000000 0.000000
787500000 0.000000 0.000000 0.000000 0.000000 0.000000 0.000000 0.000000
789000000 0.000000 0.000000 0.000000 0.000000 0.000000 0.000000 0.000000
790500000 0.000000 0.000000 0.000000 0.000000 0.000000 0.000000 0.000000
792000000 0.000000 0.000000 0.000000 0.000000 0.000000 0.000000 0.000000
793500000 0.000000 0.000000 0.000000 0.000000 0.000000 0.000000 0.000000
795000000 0.000000 0.000000 0.000000 0.000000 0.000000 0.000000 0.000000
796500000 0.000000 0.000000 0.000000 0.000000 0.000000 0.000000 0.000000
798000000 0.000000 0.000000 0.000000 0.000000 0.000000 0.000000 0.000000
799500000 0.000000 0.000000 0.000000 0.000000 0.000000 0.000000 0.000000
801000000 0.000000 0.000000 0.000000 0.000000 0.000000 0.000000 0.000000
802500000 0.000000 0.000000 0.000000 0.000000 0.000000 0.000000 0.000000
804000000 0.000000 0.000000 0.000000 0.000000 0.000000 0.000000 0.000000
805500000 0.000000 0.000000 0.000000 0.000000 0.000000 0.000000 0.000000
807000000 0.000000 0.000000 0.000000 0.000000 0.000000 0.000000 0.000000
808500000 0.000000 0.000000 0.000000 0.000000 0.000000 0.000000 0.000000
810000000 0.000000 0.000000 0.000000 0.000000 0.000000 0.000000 0.000000
811500000 0.000000 0.000000 0.000000 0.000000 0.000000 0.000000 0.000000
813000000 0.000000 0.000000 0.000000 0.000000 0.000000 0.000000 0.000000
814500000 0.000000 0.000000 0.000000 0.000000 0.000000 0.000000 0.000000
816000000 0.000000 0.000000 0.000000 0.000000 0.000000 0.000000 0.000000
817500000 0.000000 0.000000 0.000000 0.000000 0.000000 0.000000 0.000000
819000000 0.000000 0.000000 0.000000 0.000000 0.000000 0.000000 0.000000
820500000 0.000000 0.000000 0.000000 0.000000 0.000000 0.000000 0.000000
822000000 0.000000 0.000000 0.000000 0.000000 0.000000 0.000000 0.000000
823500000 0.000000 0.000000 0.000000 0.000000 0.000000 0.000000 0.000000
825000000 0.000000 0.000000 0.000000 0.000000 0.000000 0.000000 0.000000
826500000 0.000000 0.000000 0.000000 0.000000 0.000000 0.000000 0.000000
828000000 0.000000 0.000000 0.000000 0.000000 0.000000 0.000000 0.000000
829500000 0.000000 0.000000 0.000000 0.000000 0.000000 0.000000 0.000000
831000000 0.000000 0.000000 0.000000 0.000000 0.000000 0.000000 0.000000
832500000 0.000000 0.000000 0.000000 0.000000 0.000000 0.000000 0.000000
834000000 0.000000 0.000000 0.000000 0.000000 0.000000 0.000000 0.000000
835500000 0.000000 0.000000 0.000000 0.000000 0.000000 0.000000 0.000000
837000000 0.000000 0.000000 0.000000 0.000000 0.000000 0.000000 0.000000
838500000 0.000000 0.000000 0.000000 0.000000 0.000000 0.000000 0.000000
840000000 0.000000 0.000000 0.000000 0.000000 0.000000 0.000000 0.000000
841500000 0.000000 0.000000 0.000000 0.000000 0.000000 0.000000 0.000000
843000000 0.000000 0.000000 0.000000 0.000000 0.000000 0.000000 0.000000
844500000 0.000000 0.000000 0.000000 0.000000 0.000000 0.000000 0.000000
846000000 0.000000 0.000000 0.000000 0.000000 0.000000 0.000000 0.000000
847500000 0.000000 0.000000 0.000000 0.000000 0.000000 0.000000 0.000000
849000000 0.000000 0.000000 0.000000 0.000000 0.000000 0.000000 0.000000
850500000 0.000000 0.000000 0.000000 0.000000 0.000000 0.000000 0.000000
852000000 0.000000 0.000000 0.000000 0.000000 0.000000 0.000000 0.000000
853500000 0.000000 0.000000 0.000000 0.000000 0.000000 0.000000 0.000000
855000000 0.000000 0.000000 0.000000 0.000000 0.000000 0.000000 0.000000
856500000 0.000000 0.000000 0.000000 0.000000 0.000000 0.000000 0.000000
858000000 0.000000 0.000000 0.000000 0.000000 0.000000 0.000000 0.000000
859500000 0.000000 0.000000 0.000000 0.000000 0.000000 0.000000 0.000000
861000000 0.000000 0.000000 0.000000 0.000000 0.000000 0.000000 0.000000
862500000 0.000000 0.000000 0.000000 0.000000 0.000000 0.000000 0.000000
864000000 0.000000 0.000000 0.000000 0.000000 0.000000 0.000000 0.000000
865500000 0.000000 0.000000 0.000000 0.000000 0.000000 0.000000 0.000000
867000000 0.000000 0.000000 0.000000 0.000000 0.000000 0.000000 0.000000
868500000 0.000000 0.000000 0.000000 0.000000 0.000000 0.000000 0.000000
870000000 0.000000 0.000000 0.000000 0.000000 0.000000 0.000000 0.000000
871500000 0.000000 0.000000 0.000000 0.000000 0.000000 0.000000 0.000000
873000000 0.000000 0.000000 0.000000 0.000000 0.000000 0.000000 0.000000
874500000 0.000000 0.000000 0.000000 0.000000 0.000000 0.000000 0.000000
876000000 0.000000 0.000000 0.000000 0.000000 0.000000 0.000000 0.000000
877500000 0.000000 0.000000 0.000000 0.000000 0.000000 0.000000 0.000000
879000000 0.000000 0.000000 0.000000 0.000000 0.000000 0.000000 0.000000
880500000 0.000000 0.000000 0.000000 0.000000 0.000000 0.000000 0.000000
882000000 0.000000 0.000000 0.000000 0.000000 0.000000 0.000000 0.000000
883500000 0.000000 0.000000 0.000000 0.000000 0.000000 0.000000 0.000000
885000000 0.000000 0.000000 0.000000 0.000000 0.000000 0.000000 0.000000
886500000 0.000000 0.000000 0.000000 0.000000 0.000000 0.000000 0.000000
888000000 0.000000 0.000000 0.000000 0.000000 0.000000 0.000000 0.000000
889500000 0.000000 0.000000 0.000000 0.000000 0.000000 0.000000 0.000000
891000000 0.000000 0.000000 0.000000 0.000000 0.000000 0.000000 0.000000
892500000 0.000000 0.000000 0.000000 0.000000 0.000000 0.000000 0.000000
894000000 0.000000 0.000000 0.000000 0.000000 0.000000 0.000000 0.000000
895500000 0.000000 0.000000 0.000000 0.000000 0.000000 0.000000 0.000000
897000000 0.000000 0.000000 0.000000 0.000000 0.000000 0.000000 0.000000
898500000 0.000000 0.000000 0.000000 0.000000 0.000000 0.000000 0.000000
