x8.t x8.tday x8.nedge x8.nday x8.nbyte x8.ndem x8.ndem2 x8.ndem3 x16.t x16.tday x16.nedge x16.nday x16.nbyte x16.ndem x16.ndem2 x16.ndem3 x32.t x32.tday x32.nedge x32.nday x32.nbyte x32.ndem x32.ndem2 x32.ndem3 x64.t x64.tday x64.nedge x64.nday x64.nbyte x64.ndem x64.ndem2 x64.ndem3 x128.t x128.tday x128.nedge x128.nday x128.nbyte x128.ndem x128.ndem2 x128.ndem3 x256.t x256.tday x256.nedge x256.nday x256.nbyte x256.ndem x256.ndem2 x256.ndem3 x512.t x512.tday x512.nedge x512.nday x512.nbyte x512.ndem x512.ndem2 x512.ndem3 x1024.t x1024.tday x1024.nedge x1024.nday x1024.nbyte x1024.ndem x1024.ndem2 x1024.ndem3
514481 46771 0.065430 11 0.003835 0.946345 0.988273 1.000000 682757 56896 0.324219 12 0.007800 0.914054 0.988441 1.000000 1119523 74634 1.000977 15 0.018947 0.903469 0.978347 0.999860 3740428 233776 3.201172 16 0.034779 0.887789 0.982137 0.995021 12745682 749746 8.742188 17 0.067661 0.859217 0.966063 0.982049 40863569 2724237 22.685547 15 0.129133 0.852840 0.963704 0.979912 139479682 7748871 55.267578 18 0.263846 0.835268 0.942815 0.960282 452444223 25135790 140.617188 18 0.519436 0.816826 0.924527 0.941483
180476 20052 0.062500 9 0.004739 0.957577 0.992502 1.000000 463062 30870 0.401367 15 0.010361 0.942047 0.990973 1.000000 1025401 78877 0.612305 13 0.016412 0.892399 0.992920 0.999097 3354603 223640 2.577148 15 0.032478 0.856869 0.958269 0.977580 9784444 698888 7.874023 14 0.069797 0.868753 0.972331 0.985396 37440924 2340057 27.293945 16 0.135316 0.854600 0.961749 0.977369 110197236 6122068 62.410156 18 0.265724 0.850100 0.958582 0.973891 412645695 27509713 112.565430 15 0.514032 0.836239 0.947367 0.961580
160777 22968 0.028320 7 0.005299 0.955399 0.992019 1.000000 430550 43055 0.391602 10 0.010184 0.919739 0.994884 1.000000 1687282 120520 1.162109 14 0.017486 0.889281 0.980714 0.996242 2867005 204786 2.291992 14 0.035187 0.877267 0.976140 0.990415 11287653 663979 7.895508 17 0.065275 0.856073 0.963605 0.980636 37427997 2079333 20.954102 18 0.127091 0.840813 0.951581 0.968464 107867498 5992638 50.688477 18 0.260016 0.835692 0.944775 0.961296 436264949 27266559 126.449219 16 0.521698 0.834183 0.944240 0.958481
171381 24483 0.026367 7 0.004985 0.957068 0.988751 1.000000 476220 39685 0.262695 12 0.009422 0.940135 0.994803 1.000000 1068563 82197 0.881836 13 0.017410 0.904682 0.993792 0.999493 3491319 232754 2.869141 15 0.033922 0.862749 0.963191 0.984679 10590867 756490 7.180664 14 0.069370 0.863161 0.967812 0.980931 36498840 2146990 26.461914 17 0.132477 0.854137 0.962494 0.977327 101984562 5999091 47.733398 17 0.261105 0.840018 0.950924 0.965233 366397857 24426523 122.106445 15 0.524171 0.836272 0.947082 0.960868
356128 44516 0.033203 8 0.005522 0.965949 0.990889 1.000000 411858 31681 0.318359 13 0.009022 0.928756 0.988171 1.000000 1031776 73698 0.851562 14 0.016655 0.895634 0.989112 0.999440 3504484 219030 2.660156 16 0.034762 0.869361 0.959441 0.975473 11442987 762865 7.424805 15 0.069512 0.863699 0.965968 0.981881 29867333 1991155 17.949219 15 0.135274 0.857455 0.965051 0.978289 108495428 6027523 55.766602 18 0.266354 0.843668 0.952347 0.969520 376021909 22118935 119.683594 17 0.519731 0.834625 0.944878 0.959449
171905 19100 0.092773 9 0.005252 0.962996 0.997374 1.000000 429850 33065 0.345703 13 0.008750 0.927440 0.989649 1.000000 1174549 90349 0.775391 13 0.016858 0.877151 0.968665 0.988753 3174489 244191 2.417969 13 0.034535 0.879710 0.981192 0.992888 11619907 726244 9.363281 16 0.064853 0.855202 0.964963 0.980890 32346307 2310450 16.891602 14 0.134093 0.851963 0.961732 0.975640 115488070 6078319 58.240234 19 0.261047 0.841005 0.950348 0.966169 675913576 33795678 137.955078 20 0.521540 0.837417 0.947012 0.963323
127014 15876 0.028320 8 0.004973 0.958043 0.995296 1.000000 390035 35457 0.233398 11 0.009454 0.931793 0.992140 1.000000 1212456 75778 0.790039 16 0.015617 0.886161 0.984497 0.999034 2976764 228981 2.047852 13 0.035650 0.869410 0.966593 0.983620 10719783 714652 7.884766 15 0.071066 0.857564 0.955209 0.971757 34251995 2014823 22.551758 17 0.129965 0.843475 0.951841 0.968229 88702113 5913474 43.605469 15 0.263991 0.845197 0.956265 0.969769 607913084 33772949 127.374023 18 0.513518 0.831650 0.942258 0.958436
157526 15752 0.056641 10 0.004865 0.956358 0.987266 1.000000 783540 41238 0.389648 19 0.009299 0.931670 0.987541 1.000000 1020620 68041 0.905273 15 0.016296 0.897410 0.982379 0.999283 2980603 229277 2.486328 13 0.034158 0.857015 0.953270 0.975306 10268274 684551 7.801758 15 0.068545 0.859382 0.964978 0.977863 31143016 2395616 17.670898 13 0.133220 0.845873 0.953898 0.968596 105607898 7040526 50.599609 15 0.268490 0.855674 0.964282 0.976921 409639383 25602461 106.157227 16 0.524879 0.828500 0.937861 0.952641
182600 16600 0.061523 11 0.004445 0.968163 0.995391 1.000000 367864 30655 0.234375 12 0.009458 0.940442 0.988024 1.000000 1159767 72485 1.201172 16 0.018713 0.911928 0.989594 1.000000 3417490 227832 2.916992 15 0.038115 0.888552 0.977607 0.994640 8964670 689590 5.144531 13 0.066765 0.853817 0.961783 0.977869 34342641 2146415 21.123047 16 0.136157 0.859843 0.965772 0.980898 97947249 5761602 55.623047 17 0.262936 0.844052 0.954142 0.969763 459841579 24202188 140.062500 19 0.520140 0.838992 0.949891 0.964565
166889 18543 0.035156 9 0.004116 0.956650 0.985474 1.000000 417819 32139 0.249023 13 0.010103 0.936429 0.989018 1.000000 1374192 91612 0.927734 15 0.018524 0.916759 0.987805 1.000000 3654994 243666 2.854492 15 0.033491 0.875878 0.979397 0.994590 11008650 688040 7.875977 16 0.064814 0.853699 0.961048 0.976845 27786586 2137429 16.855469 13 0.133647 0.849220 0.957117 0.969688 121253665 7578354 60.222656 16 0.261423 0.845162 0.956302 0.971395 639625971 35534776 118.799805 18 0.519647 0.841670 0.953132 0.968556
