nday dem circ circq pack
2 7.749 0.678 0.000 7.071
1 8.533 1.618 0.011 6.903
2 9.973 1.734 0.000 8.239
3 10.613 1.914 0.000 8.700
4 9.136 1.496 0.000 7.639
8 13.189 3.228 0.074 9.888
10 13.642 3.343 0.155 10.143
1 14.154 5.052 0.000 9.102
1 13.912 7.297 0.044 6.571
11 20.128 8.715 0.199 11.214
4 19.883 8.390 0.001 11.492
15 19.850 7.246 0.395 12.210
7 15.273 7.605 0.271 7.396
2 21.738 7.956 0.000 13.782
2 17.463 8.512 0.000 8.951
5 18.179 12.384 0.282 5.513
2 18.939 11.960 0.142 6.837
4 16.923 10.936 0.452 5.535
4 16.389 11.588 0.298 4.502
4 17.484 10.426 0.240 6.818
12 23.085 10.561 0.515 12.009
7 20.394 10.917 0.278 9.199
9 21.725 11.995 0.407 9.323
5 25.272 13.987 0.089 11.197
60 25.268 10.449 5.958 8.862
31 27.285 11.802 1.622 13.861
6 20.825 15.043 0.693 5.089
8 22.952 15.350 0.950 6.652
12 26.167 12.641 0.391 13.135
7 23.572 14.496 0.357 8.719
7 24.366 15.874 0.680 7.812
6 25.554 17.692 0.662 7.200
6 24.704 17.076 0.466 7.162
5 25.198 18.680 0.599 5.919
5 26.325 17.698 0.307 8.320
12 31.493 16.964 0.682 13.847
5 26.781 20.391 0.841 5.549
6 25.135 18.101 0.664 6.370
6 28.692 17.201 0.213 11.279
6 27.244 18.152 0.465 8.626
2 24.984 19.686 0.520 4.778
6 28.943 18.850 0.510 9.584
16 33.116 18.698 1.171 13.247
5 28.896 18.659 0.255 9.982
4 27.332 17.710 0.226 9.396
8 28.884 18.536 0.629 9.719
5 29.077 19.699 0.433 8.944
5 24.917 19.642 0.979 4.296
12 28.277 17.179 0.904 10.194
11 31.366 19.193 0.779 11.394
9 27.253 19.782 1.196 6.276
9 29.353 18.877 0.903 9.573
9 34.595 21.028 0.683 12.885
8 31.878 20.953 0.826 10.100
10 32.733 24.184 1.769 6.780
10 32.383 22.784 1.534 8.066
9 32.533 21.784 1.161 9.589
8 32.150 21.080 0.783 10.287
6 29.585 21.274 0.646 7.665
14 31.208 16.778 0.914 13.516
7 33.087 19.734 0.408 12.945
6 30.779 21.962 0.801 8.016
10 32.875 21.357 0.797 10.722
11 33.072 24.210 1.897 6.965
8 32.120 24.513 1.340 6.267
5 35.529 27.000 1.030 7.500
8 36.516 24.578 0.853 11.086
9 31.999 23.642 1.528 6.828
8 32.476 24.065 1.250 7.161
7 32.744 22.061 0.606 10.077
6 33.667 25.628 0.926 7.113
7 36.826 24.810 0.361 11.655
9 34.496 25.709 1.438 7.350
10 36.191 25.751 1.382 9.057
8 35.811 29.159 2.179 4.473
8 37.976 28.625 1.309 8.042
8 36.550 26.664 1.280 8.605
9 33.559 26.338 1.696 5.525
8 32.137 24.138 1.089 6.910
6 35.288 26.970 0.780 7.538
11 40.414 27.586 1.109 11.718
11 43.141 30.549 1.340 11.252
6 45.262 33.775 0.576 10.911
7 42.461 31.243 0.938 10.280
8 40.992 31.194 1.521 8.277
10 38.854 29.211 1.764 7.879
8 36.945 29.153 1.875 5.917
7 39.626 29.217 1.060 9.349
8 39.228 28.205 1.043 9.980
9 38.366 29.008 1.688 7.670
12 38.358 27.756 2.083 8.519
9 42.171 26.937 0.702 14.532
10 35.426 25.713 1.588 8.125
12 38.006 26.049 1.585 10.373
8 40.873 28.793 1.141 10.939
9 39.441 29.167 1.457 8.817
10 37.126 27.944 1.793 7.389
11 36.922 27.531 1.957 7.434
9 34.712 24.831 1.287 8.594
11 34.322 25.701 1.989 6.632
12 33.924 24.765 2.244 6.915
11 33.612 23.317 1.528 8.767
10 33.519 22.824 0.935 9.760
11 33.053 22.427 1.356 9.270
15 38.080 24.187 1.806 12.087
16 36.355 22.072 1.740 12.543
19 36.022 24.191 2.643 9.189
12 36.890 24.592 1.441 10.856
9 34.614 25.262 1.650 7.702
13 37.694 24.676 1.342 11.677
9 37.319 28.228 1.690 7.401
10 39.031 26.155 1.025 11.851
18 38.971 25.599 2.367 11.005
11 39.240 26.222 1.313 11.705
9 36.175 26.296 1.411 8.469
9 37.334 27.095 1.426 8.813
9 35.949 27.454 1.991 6.504
11 38.133 26.363 1.638 10.133
13 37.002 25.380 1.927 9.695
12 35.169 27.398 2.796 4.976
10 35.832 27.766 2.393 5.672
12 35.270 26.892 2.310 6.068
11 39.915 27.507 1.475 10.933
11 39.766 28.852 1.724 9.190
12 40.598 30.589 2.605 7.405
11 40.854 31.316 2.213 7.325
12 40.678 31.242 2.756 6.680
10 43.079 31.704 1.801 9.574
11 42.314 31.277 2.017 9.020
11 42.129 30.617 1.685 9.827
11 40.196 30.302 2.337 7.556
16 39.499 28.266 2.601 8.632
10 37.792 28.727 1.896 7.169
15 41.729 29.579 2.786 9.365
10 39.496 30.105 2.046 7.346
16 40.452 29.254 2.632 8.565
