nze be neph bph nzph50 nzph90 bph50 bph90
1009 2 63 1 9 63 0 0
1304 2 63 1 12 63 0 0
1430 3 63 1 13 63 0 0
1227 5 63 1 11 63 0 0
1215 3 63 1 11 63 0 0
1433 4 63 1 13 63 0 0
1477 5 63 1 14 63 0 0
1438 7 63 1 14 63 0 1
1115 9 63 1 10 63 0 1
1629 10 63 1 15 63 0 1
1635 10 63 1 15 63 0 1
1736 8 63 1 18 63 0 1
1225 7 63 1 11 63 0 1
2115 7 63 1 21 63 0 1
1532 10 63 2 15 63 0 1
930 11 63 2 8 63 0 1
1177 11 63 2 11 63 0 1
907 13 63 3 9 63 0 1
850 15 63 3 7 63 0 1
1067 15 63 2 9 63 0 1
1590 14 63 3 15 63 0 1
1538 18 63 3 14 63 0 1
1439 19 63 3 13 63 0 1
1784 17 63 3 17 63 0 1
1335 15 63 3 12 63 0 1
1911 15 63 2 18 63 0 1
971 18 63 3 11 63 0 1
1393 17 63 3 14 63 0 1
1911 17 63 3 19 63 0 1
1443 22 63 3 13 63 0 1
1341 21 63 3 13 63 0 1
1235 22 63 3 11 63 0 1
1104 20 63 3 10 63 0 1
955 21 63 3 10 63 0 1
1492 19 63 3 15 63 0 1
1882 24 63 3 18 63 0 1
970 21 63 2 9 63 0 1
1128 22 63 2 10 63 0 1
1791 21 63 2 19 63 0 1
1452 24 63 2 15 63 0 1
745 22 63 2 6 9 0 1
1547 23 63 3 15 63 0 1
1805 26 63 2 17 63 0 1
1692 21 63 2 17 63 0 1
1439 20 63 2 13 63 0 1
1448 22 63 2 13 63 0 1
1344 22 63 2 12 63 0 1
876 22 63 2 7 63 0 1
1593 22 63 2 14 63 0 1
1560 26 63 3 15 63 0 1
1078 26 63 3 10 63 0 1
1545 26 63 3 15 63 0 1
2094 29 63 3 20 63 0 1
1496 28 63 3 14 63 0 1
1191 31 63 3 10 63 0 1
1297 28 63 3 12 63 0 1
1451 29 63 3 14 63 0 1
1696 31 63 3 15 63 0 1
1345 31 63 3 12 63 0 1
1976 27 63 3 19 63 0 1
2034 30 63 3 22 63 0 2
1342 29 63 3 12 63 0 2
1791 32 63 3 17 63 0 2
1036 35 63 5 10 63 0 2
977 34 63 4 8 63 0 2
1297 32 63 3 11 63 0 2
1399 31 63 2 13 63 0 2
1184 28 63 3 11 63 0 1
1140 28 63 3 10 63 0 1
1498 26 63 3 13 63 0 1
1244 30 63 3 12 63 0 1
1649 28 63 3 15 63 0 1
1357 30 63 3 12 63 0 1
1349 32 63 3 12 63 0 1
869 33 63 3 7 63 0 1
1348 34 63 3 12 63 0 1
1341 33 63 3 12 63 0 1
974 33 63 3 9 63 0 1
1186 32 63 3 10 63 0 1
1239 32 63 3 11 63 0 1
1756 35 63 3 17 63 0 2
1697 40 63 3 16 63 0 2
1629 39 63 3 15 63 0 2
1554 36 63 2 14 63 0 2
1402 36 63 2 13 63 0 1
1262 36 63 2 11 63 0 2
1139 33 63 2 10 63 0 1
1556 34 63 3 15 63 0 2
1698 36 63 3 16 63 0 2
1248 40 63 3 11 63 0 2
1750 40 63 3 18 63 0 2
1983 38 63 3 19 63 0 2
1296 37 63 3 11 63 0 2
1538 38 63 3 14 63 0 2
1745 39 63 3 16 63 0 2
1554 38 63 3 14 63 0 2
1198 41 63 3 11 63 0 2
1307 43 63 5 12 63 0 2
1492 38 63 4 15 63 0 2
1027 37 63 4 9 63 0 2
1145 38 63 4 10 63 0 2
1396 37 63 4 13 63 0 2
1592 34 63 3 14 63 0 2
1423 33 63 3 13 63 0 2
1903 38 63 3 19 63 0 2
1838 35 63 3 18 63 0 2
1252 39 63 3 11 63 0 2
1461 41 63 3 13 63 0 2
1356 39 63 3 13 63 0 2
1751 39 63 3 17 63 0 2
1255 43 63 3 12 63 0 2
1711 42 63 3 17 63 0 2
1616 45 63 4 16 63 0 2
1713 46 63 3 16 63 0 2
1355 42 63 3 12 63 0 2
1254 42 63 3 12 63 0 2
1098 45 63 3 10 63 0 2
1411 43 63 3 13 63 0 2
1451 44 63 3 13 63 0 2
932 45 63 3 8 63 0 2
988 45 63 3 9 63 0 2
929 47 63 4 9 63 0 2
1658 48 63 4 15 63 1 2
1648 46 63 4 17 63 0 2
1258 48 63 4 11 63 1 2
1251 48 63 4 13 63 1 2
1093 46 63 4 10 63 1 2
1392 45 63 4 13 63 1 2
1462 49 63 5 13 63 1 2
1512 48 63 4 14 63 1 2
1149 45 63 4 10 63 0 2
1371 45 63 4 13 63 0 2
1093 45 63 4 10 63 0 2
1447 46 63 4 13 63 0 2
1277 49 63 5 12 63 0 2
1302 48 63 4 12 63 1 2
