size start dura
116585000 198 1933
115350000 285 1902
115326000 1027 2016
116892000 1122 1929
114857000 1244 2033
114511000 1369 1932
116572000 1620 1881
115435000 1798 1917
115267000 2137 1918
115338000 2392 1986
115077000 3550 1879
114592000 3612 1867
114192000 4250 1969
114912000 4423 1950
115281000 4613 1878
115834000 4737 1972
113639000 5360 1968
114968000 5840 1987
114575000 5955 1935
115558000 6033 1887
116768000 6402 1912
117190000 6756 1944
114304000 6937 1937
114061000 7438 1979
115096000 7952 2144
113991000 8577 2189
114957000 8699 2071
115447000 8806 1964
116238000 9241 1967
114175000 9515 1934
115177000 8990 2843
114980000 10204 1982
116483000 9463 2781
113791000 10327 1928
115752000 10824 2017
115950000 11359 2191
114788000 12238 1910
116171000 11863 2596
115737000 12687 1875
116683000 12968 1899
115654000 13057 1970
116299000 12506 2545
115017000 13289 1912
115702000 14523 1997
114849000 14739 1954
114242000 14873 1908
114083000 15057 1887
114877000 15019 1978
115007000 15027 1988
114872000 15128 1954
115471000 15782 1943
115826000 16093 2002
114680000 16163 1976
115295000 16639 1900
115402000 16605 1963
116734000 17659 2003
114984000 18269 1944
115987000 18411 1901
114541000 17890 2480
114367000 18775 1962
116419000 18587 2473
114452000 19135 2015
114126000 19182 2026
116457000 19420 1985
114526000 19579 1917
114942000 19889 2048
115897000 20087 1943
114072000 20345 1935
114340000 20413 1910
116233000 20799 2020
116714000 20886 2013
116116000 21100 1997
115144000 21276 1917
113813000 21991 1871
115699000 22205 1870
114256000 22307 1854
115149000 22762 1871
114229000 24331 2383
115578000 24594 2671
114437000 24954 2318
115603000 25166 2110
114931000 25158 2120
114619000 25699 2001
116838000 26525 1981
114971000 26656 2002
113913000 26957 1922
114708000 25528 3729
116196000 25500 3773
116048000 27159 2623
115235000 27285 2511
114188000 27477 2324
115583000 27509 2293
116045000 27893 2033
113157000 28381 1991
116077000 28660 1937
115351000 28815 1986
114775000 28866 1959
116583000 28915 2104
117118000 29206 2024
115459000 29931 2477
114006000 30271 2141
115369000 29985 2428
118436000 30555 1953
113928000 30935 2014
115350000 31324 2022
114899000 31404 1949
113975000 31422 1974
115449000 31503 2001
115559000 30635 3703
113711000 32008 2422
115227000 30769 3722
113382000 32783 2473
115376000 32535 2746
115199000 32530 2855
116026000 33286 2255
115023000 33532 2013
116741000 33471 2077
115733000 33554 1996
115629000 33663 2014
116254000 33714 1977
114974000 34299 1923
116473000 34592 1967
115617000 34807 1906
115789000 33346 3612
115770000 33932 3242
115004000 35348 2602
115154000 36358 1889
115004000 36554 1919
114569000 37138 1962
112961000 37261 1953
115211000 37465 2000
113436000 37639 1997
114734000 38199 1987
114612000 38423 2034
113956000 38619 2036
115664000 38940 2026
114782000 39390 1928
113449000 39387 2007
116621000 39424 1973
116628000 39484 2021
114436000 39971 2027
115274000 40026 1997
116429000 39992 2063
116107000 40149 2063
114984000 40348 2020
114761000 40367 2049
114688000 40844 1995
114407000 40859 2015
115941000 41228 2049
114047000 41477 1998
114263000 41712 1942
115181000 41706 1973
116913000 41763 1957
114289000 41929 2024
115694000 41961 2028
115204000 42894 1897
115298000 43113 2011
115916000 43749 1872
113922000 44718 1831
115190000 44678 1913
115765000 45323 1953
114515000 45923 1949
113183000 46373 1931
113518000 46870 1926
115396000 47101 1878
115732000 47577 1943
116047000 47824 1899
115756000 48174 1880
116804000 49399 1865
115271000 49367 1903
115465000 49509 1946
116011000 49725 1863
115101000 50084 1871
113705000 50577 1992
115335000 51124 1869
116589000 51609 1897
114786000 51903 1885
115238000 52517 1848
114459000 53300 1892
115088000 54860 1902
115668000 54850 1954
115671000 55082 1952
114357000 55903 1915
114069000 55923 1934
114883000 56844 1987
114589000 57209 1937
114909000 57492 1949
114889000 57710 1925
116355000 58421 1974
115414000 58467 1985
114513000 58984 2481
116502000 59260 2576
114378000 59527 2614
115865000 59778 2378
115184000 60178 1987
116066000 60142 2042
116755000 60224 2031
114217000 60493 2037
115102000 60626 2033
116273000 61128 1972
115625000 61302 2057
115390000 61350 2029
115967000 61815 1941
115844000 61905 1938
115042000 60347 3532
115449000 60504 3459
116478000 62316 2001
115521000 62953 1919
116005000 63409 2509
116741000 63668 2514
114314000 63836 2349
114312000 64348 1974
115702000 64786 2004
113111000 65068 1896
116521000 65346 1945
116144000 65398 1912
116218000 65381 1996
113839000 65582 1902
116316000 64414 3297
114352000 64694 3192
115858000 66157 2003
114221000 66301 1911
114473000 66313 1902
113889000 67256 1889
115224000 67259 1964
114272000 68245 1938
113456000 68300 2045
115299000 68706 1997
113878000 68967 1878
115073000 69159 1939
115982000 69153 2092
113712000 69289 1978
115789000 69280 1996
116813000 69287 1997
114622000 69772 2028
114213000 70339 2083
114480000 70848 2150
114786000 70948 2146
114309000 70947 2504
113454000 71516 2213
115257000 71347 2464
114773000 71542 2579
116185000 72181 2631
113781000 71970 2897
116423000 72124 2869
116365000 73056 2098
115123000 73144 2015
117539000 73766 1959
114496000 74022 2258
116470000 74240 2064
115456000 74129 2184
117528000 72989 3597
114905000 74503 2116
115002000 73684 3216
115657000 75061 2040
115331000 75194 2035
115146000 75329 2057
115963000 75675 2025
115231000 74892 3048
116635000 76048 1952
116184000 76029 1987
114550000 76264 1950
114484000 76255 1999
116942000 75673 2616
116226000 76395 1916
115024000 76522 1978
114882000 76818 1910
115895000 76836 2024
116156000 77590 1948
117117000 78261 1946
115631000 79348 1867
114906000 79520 1851
115168000 79725 1823
115188000 81556 2084
115333000 81729 2184
115963000 82146 2245
115060000 82266 2497
114403000 82686 2257
116384000 82995 2057
113724000 83064 2060
113381000 83575 2031
115391000 83562 2074
115292000 83679 1982
114508000 83794 2027
114630000 83882 2009
115962000 84013 1948
117279000 83962 2041
115914000 84463 1951
116339000 83148 3348
116405000 84650 1968
115068000 83412 3293
116472000 84848 2080
114687000 85347 1943
116545000 85677 2037
114512000 86025 1960
113641000 86243 1973
115653000 86324 1936
116159000 87130 2045
115451000 87446 1905
114770000 87785 1963
112860000 87926 1874
114761000 88048 1889
114920000 88237 1990
114399000 88471 1939
113706000 88963 1959
115588000 89608 1883
115187000 89764 1905
116472000 89947 2004
113744000 90717 1931
116754000 90841 1975
114566000 91218 1937
116110000 91726 1952
114494000 91740 1963
116288000 92166 2037
115519000 92377 1925
115048000 92665 1894
115653000 92743 1920
114706000 92803 1984
113434000 93323 1890
115151000 93925 1992
116090000 94146 1888
115695000 95325 1904
115294000 95567 1930
116328000 96226 2015
115571000 96617 2000
114972000 97185 1862
115045000 97235 1906
112919000 97409 1851
114610000 97709 1920
114600000 97750 1943
115590000 97842 1961
114256000 99355 1866
116622000 99372 1929
114269000 99909 1863
114709000 100417 1871
118422000 100461 1858
115839000 100685 1904
116308000 102389 1996
115531000 102659 1901
116349000 102718 1945
117024000 102892 1970
116235000 102966 1927
114773000 103036 1888
115409000 103914 2015
115690000 103837 2094
116051000 104145 2048
114721000 104192 2039
116052000 104608 2176
116343000 104453 2347
116029000 104773 2462
115931000 105011 2473
115903000 104903 2604
114778000 104929 2621
116389000 105162 2536
115868000 105553 2154
113926000 105321 2387
113888000 105943 1976
114887000 106156 2051
114498000 106582 1895
115049000 105809 3105
115333000 106925 2014
116156000 106981 1992
114802000 107111 1874
115801000 106240 2990
114539000 108068 1924
116478000 109240 1917
114063000 109633 1841
113921000 109609 1935
115928000 110538 1904
115407000 110897 1941
114872000 110947 1980
115004000 111277 1846
114761000 111324 1858
116728000 112038 1927
114520000 113052 1982
114701000 113214 1948
115678000 113953 2017
114647000 114015 1956
114110000 114211 2031
113747000 114591 1946
115664000 114566 2012
116706000 114667 1980
115849000 114808 2036
116997000 115402 2005
114351000 115504 2038
114929000 115613 2008
114525000 115616 2036
116473000 116093 2033
114481000 116257 2074
114929000 116370 2027
115114000 116566 1915
116210000 116669 2013
116367000 116813 2013
114886000 116896 2022
114755000 117671 1907
114334000 117922 1912
115629000 118492 1908
115576000 118856 1952
114060000 120198 1840
116803000 120225 1867
114605000 120641 1864
116384000 121006 1936
114739000 122265 1905
116775000 122334 1963
115368000 123251 2587
116644000 123437 2405
115295000 123709 2134
115149000 124074 2001
114293000 124201 2001
115950000 124440 1957
115787000 124587 2037
114975000 124927 2033
113986000 125028 1934
114937000 125215 1996
116178000 125310 1929
116168000 125466 1953
113777000 124095 3736
115149000 124077 3773
114325000 126131 2028
115124000 126232 1950
114415000 126473 1946
115744000 126475 2028
115870000 126637 1985
115762000 127242 2063
114563000 127290 2037
114996000 127467 1923
115280000 127450 2022
115132000 127781 1999
114092000 127802 2049
113917000 128173 1957
112919000 128275 1983
114869000 128528 1924
114862000 128572 1924
113494000 129273 2024
113936000 129347 2010
116539000 129550 1976
115211000 129866 2053
114906000 130630 2021
116373000 130806 1909
116297000 130850 1931
113880000 130866 1982
116966000 131373 1991
114728000 131438 2005
114601000 132069 1923
115831000 132230 1903
112587000 132514 1948
115120000 132829 1992
116971000 132986 1991
115881000 133038 1994
114695000 134150 2060
113934000 134331 2060
116494000 134505 1931
114397000 134440 2001
115950000 134481 2024
114970000 134817 2011
117678000 135015 2276
115558000 135424 2035
116009000 135570 1926
115800000 136110 1873
114171000 135844 2159
114694000 136304 1864
115705000 136563 1939
114716000 137720 2019
115168000 137981 1884
114727000 138316 1922
114988000 138281 1995
115778000 138561 1922
116026000 138513 1987
113355000 138525 2012
114530000 139119 1969
114772000 139359 1903
115047000 139737 1934
114172000 140238 1921
115776000 141553 1976
115035000 142370 2256
114409000 142687 2063
113889000 142946 1924
115691000 142975 2865
115568000 143870 1988
115736000 144386 1929
114079000 143459 2912
114962000 144791 1956
115395000 144917 1997
113586000 145120 1981
115761000 145199 1975
115022000 145233 2062
115751000 145828 2020
114554000 145846 2040
116263000 145946 2034
114714000 145987 2047
114145000 146675 1998
113515000 146731 1942
115549000 146797 2015
116632000 147200 1974
115341000 147398 1940
114926000 147486 1925
115294000 147470 1996
115489000 147551 1923
114375000 147600 1882
114597000 147746 1895
116177000 148586 1974
114980000 149262 1867
113901000 149513 1951
114297000 149804 1847
115150000 150074 1993
115433000 150800 1975
115096000 151206 1903
114295000 151860 1906
116285000 152137 1988
114663000 152319 1977
114545000 152576 2014
115897000 153450 1896
114629000 153452 1999
115397000 153546 2029
114040000 153797 1982
114908000 153758 2031
115047000 154150 2005
114802000 154313 1979
114781000 155112 2394
113594000 155264 2573
116815000 155494 2598
116674000 155370 2724
115102000 155728 2374
116148000 156092 2024
113986000 156638 2039
114744000 156644 2180
113640000 156789 2119
115686000 157686 2017
114628000 157690 2015
113031000 157645 2062
114670000 157781 1979
114541000 157750 2036
114716000 157856 1961
115862000 156291 3758
115450000 156362 3705
116070000 158146 1945
115691000 158233 1996
115570000 158844 1975
115630000 157850 3009
116203000 158861 2035
114636000 158518 2565
116462000 159761 1932
116030000 160309 1998
116520000 160335 1988
114897000 160641 1976
113215000 161485 1861
115037000 161502 1876
115416000 161530 1877
115128000 161626 1952
115783000 162151 1892
115290000 162434 1921
116565000 162963 1952
114749000 164331 2344
114098000 164310 2534
115279000 164452 2556
114788000 164884 2320
115164000 165115 2095
115807000 165706 1944
113904000 166499 1876
116940000 165411 3305
113828000 166867 1940
114108000 165708 3308
114549000 167075 1981
115327000 167273 1963
114350000 167399 1892
115275000 167655 1963
116153000 168349 2007
114041000 168501 1922
114966000 168662 1980
115618000 168913 2003
115165000 169246 1938
116113000 169611 2011
115510000 169778 1927
114590000 170122 2055
114838000 170552 1970
116823000 170692 1944
115641000 171119 1995
116223000 171421 2002
117228000 171534 2022
116708000 171740 1981
113825000 171753 2006
114226000 172282 1989
114417000 172721 1914
114924000 172797 1925
115436000 172916 1986
117194000 173277 1897
116617000 173488 1932
115077000 173581 1900
114403000 173671 1868
115760000 174366 1938
115907000 175356 1915
116533000 175971 2005
113488000 176197 1987
116127000 176168 2030
115670000 176287 1972
114437000 176347 1936
114734000 176413 1898
116034000 176909 2082
114620000 177033 2086
115560000 177235 1981
115611000 177842 2036
114504000 177792 2086
116765000 177940 1989
115985000 178246 1998
115461000 178225 2046
116452000 178560 1968
115248000 178588 2052
115117000 178649 2010
115644000 178694 2047
114532000 178837 2023
117314000 179354 2086
114286000 179658 2051
115229000 179764 2027
115301000 179820 2075
114782000 180283 2207
115109000 180443 2368
114558000 180515 2527
112854000 180709 2406
116048000 180869 2360
117049000 181414 2029
114151000 181591 1906
115336000 181568 1973
114680000 181762 1921
115699000 181681 2014
116176000 181406 3091
115726000 181793 3120
117014000 183054 1994
114534000 183131 1961
115394000 183259 1938
116889000 184279 1960
116232000 184493 1962
115679000 184807 2010
115118000 185100 1959
114404000 185339 1937
114710000 185435 1989
114288000 185608 1996
115778000 186476 2075
114625000 186530 2067
115622000 186702 2023
114679000 186888 1914
116225000 186881 1939
114151000 187100 1945
114918000 187672 1988
113214000 187836 1925
115009000 187825 1938
115989000 187864 2025
115435000 188492 1951
115046000 189156 1898
115498000 189267 1932
114253000 189432 1977
115867000 189844 1861
115099000 190079 1888
115314000 190849 1898
115056000 192090 1982
115263000 192160 1956
116602000 192188 1929
114903000 192205 1943
115665000 193182 1923
114899000 193566 1908
113436000 193959 1868
115182000 194171 1975
114970000 195124 1970
114979000 195287 1916
114868000 195466 1948
114383000 195822 1995
116453000 196172 1995
114277000 196372 2030
114182000 196862 2230
115021000 197211 2176
114360000 197509 2132
115361000 197855 2054
117050000 198075 1971
115120000 198211 2106
115457000 197988 2637
116745000 198626 2067
113860000 198909 1968
117088000 199023 1912
114540000 199106 2070
114166000 198600 2623
113480000 199369 1900
115841000 199775 2284
115939000 200767 2256
116504000 200391 2694
115071000 201397 2005
114764000 201688 1880
113247000 201942 1933
115277000 201313 3320
114055000 202059 2907
116602000 203235 1914
115047000 203353 1889
115517000 203475 1856
115959000 203799 1958
116450000 203911 1953
114374000 203964 1923
113890000 204251 1829
115029000 205499 1855
114723000 205752 1974
115336000 206405 1999
116646000 206969 2031
116316000 207060 2021
113957000 207338 1948
116526000 207801 1950
115032000 207891 2014
114916000 207938 2006
113741000 208233 1872
115175000 208378 1968
115605000 208549 1925
114771000 208639 1934
116005000 208665 1956
116529000 209549 2016
116517000 210272 1967
113464000 210632 1865
114945000 210758 1939
116097000 210948 1888
115545000 211400 1907
115509000 211518 1924
112832000 211986 1908
115823000 212922 2102
114305000 213066 2064
116533000 213596 2073
115856000 213689 2006
116413000 213620 2085
114918000 213839 1937
115041000 213835 1967
116993000 214083 2020
114793000 214204 1984
116635000 214233 2034
117370000 213943 2367
114778000 214734 2010
112865000 214679 2365
114527000 215516 1925
115170000 215737 1943
115919000 216038 1887
116105000 216778 2013
114794000 216850 1989
117044000 217799 2273
115101000 218021 2136
114648000 217938 2275
114238000 218214 2199
116133000 218436 1978
117268000 219170 1983
115581000 218602 2735
115148000 219389 1968
116079000 219503 2010
116101000 219637 1982
115761000 219165 2717
116987000 220901 1889
114744000 220947 1899
115070000 221150 1846
115239000 221287 1858
115214000 222487 1958
114270000 223407 1970
115718000 223811 1935
115083000 224244 1860
114177000 224849 1997
115121000 225192 1993
115635000 225468 1972
114591000 225968 2033
114561000 226203 1954
115609000 226293 2028
115693000 226686 1920
113529000 226720 1892
116371000 227332 2008
116292000 227396 2042
114834000 227578 1917
116377000 228110 1966
115135000 228345 2461
115509000 228615 2585
112975000 228924 2341
114599000 229631 1985
116007000 229902 1874
114485000 230236 1902
113914000 230301 1894
117522000 229478 3260
113938000 230994 1907
115518000 229773 3228
115681000 231557 1929
116478000 232717 1857
114383000 233051 1873
114835000 234748 1972
115331000 234797 1936
115665000 234857 1979
115814000 235367 1976
115783000 235481 1934
116327000 235669 1937
115165000 236061 1881
114746000 236020 1928
113935000 236128 1942
114430000 236424 1944
115140000 237839 1874
116321000 237816 1926
116188000 238154 1937
114022000 238140 1979
115719000 238287 1893
114756000 239561 1977
114846000 239541 2017
115072000 239783 2011
115644000 239752 2180
114890000 240012 2254
115651000 240637 2466
115251000 240671 2642
115085000 240945 2863
116430000 240880 3019
115857000 240961 2941
115242000 241226 2698
115238000 241694 2237
114947000 241757 2183
116882000 241519 2716
114863000 242338 1961
116071000 242510 1985
113996000 242639 1947
115084000 242707 2018
114954000 243172 1973
113878000 243201 1970
114346000 243654 1975
114902000 242076 3804
115470000 242066 3850
114749000 243987 1980
114498000 244135 1958
114878000 244434 1985
115491000 244559 1986
115172000 245420 2068
115629000 245803 1997
114441000 246076 2033
116054000 246211 1970
116785000 246314 1970
114870000 246373 2025
115817000 246778 1958
115509000 246934 1995
114121000 246932 2000
115859000 247197 1970
115626000 247476 1986
115583000 247666 2044
115029000 248191 2189
114284000 248544 2141
114495000 248630 2191
115088000 249059 1940
115940000 249669 1998
113410000 249164 2535
115216000 249910 2016
114305000 249916 2032
113729000 250252 1977
115727000 250299 2000
116139000 249824 2576
114368000 251191 1927
114608000 251078 2356
114718000 251443 2007
114915000 251724 1964
114604000 251951 2138
114223000 252086 2004
115389000 252385 1905
113949000 253122 1999
115010000 253225 1925
116517000 253800 1975
115965000 254143 1989
116054000 254535 1976
116922000 254666 1993
115319000 255211 1929
114885000 255638 1985
115627000 255802 1932
113643000 255956 1944
114010000 256332 1973
113966000 256723 1954
115405000 257327 1894
114677000 257269 1987
115831000 257740 1893
116256000 258035 1885
114345000 258361 1860
114889000 259321 1974
114444000 260042 1900
116142000 260359 1983
115402000 260589 1982
115142000 260868 1948
115915000 260845 1993
114023000 261424 1973
115926000 261928 2016
115117000 261941 2009
114943000 262711 1926
115394000 262841 1917
115259000 262796 1964
113577000 262983 1990
114876000 263203 1925
114922000 263322 2005
115759000 263411 1981
117081000 263796 2014
115442000 264515 1956
115110000 264508 1985
116410000 264553 2031
115227000 264991 2273
115771000 265687 2672
116032000 265990 2371
115930000 265991 2373
115166000 266250 2117
114045000 266157 2211
114307000 266743 1943
115365000 267672 1963
113482000 266580 3521
116091000 268212 1966
114936000 266744 3489
112882000 268532 1930
114777000 268970 1884
113942000 269430 1860
115184000 269750 1913
114226000 269831 1958
114720000 270780 2038
113980000 270974 2008
114034000 271415 2333
113940000 271570 2593
113623000 272040 2363
116232000 272166 2241
115664000 271998 2411
113709000 272299 2114
114649000 272525 2052
115248000 272676 2118
114722000 272761 2037
114526000 272757 2108
114593000 272929 2025
114388000 272986 1978
115575000 273031 1984
115531000 273130 2084
116248000 272522 3183
114977000 273794 1970
114375000 273814 2042
112423000 272866 3110
115854000 273987 2031
116466000 274365 2001
114823000 274958 1940
116369000 275239 1988
115675000 275705 2454
113367000 275991 2668
114707000 276213 2478
114791000 276477 2220
115210000 277115 2651
116068000 277802 2058
113568000 278049 1911
114061000 278205 1981
114244000 276930 3525
115498000 277097 3437
115662000 279096 2007
115534000 279412 1998
114812000 278081 3394
115713000 279584 1983
115656000 278309 3406
116191000 279882 2035
114938000 280021 1925
115290000 280171 1993
115948000 280641 1950
115569000 280562 2045
115386000 281162 2053
115813000 281793 1982
115102000 281839 1938
115723000 281854 2041
113787000 282312 1932
115698000 282498 2002
116300000 282594 2025
115424000 282729 2030
113521000 283310 1986
116236000 283391 1960
116611000 283246 2116
116404000 283909 1996
115556000 284168 2079
113974000 284179 2129
113699000 284384 1954
114312000 284930 1894
114242000 284920 1932
113599000 285512 1925
114816000 285751 1972
114132000 285773 1958
116556000 286388 2182
113301000 286727 2196
114730000 287434 1920
113293000 287507 1876
114723000 287866 1904
113688000 287452 2409
114737000 288398 1974
115113000 288161 2331
116277000 289013 1911
115271000 289387 1889
115676000 289926 1914
117134000 290058 1914
114363000 291498 1997
113796000 291993 1872
114179000 292182 1967
116101000 292189 2001
114890000 292363 1984
115442000 292793 1960
113625000 292995 1941
115899000 293033 1999
115397000 293124 1998
115748000 293279 1955
114572000 293896 1933
113982000 293944 1980
115350000 294079 1938
114711000 294197 1966
115016000 294653 2022
115827000 295151 2025
115765000 295808 1921
113594000 296396 1955
114885000 296668 2328
115378000 297427 2342
114680000 297877 1960
115680000 298123 1874
115716000 298769 1927
115481000 299062 2106
114323000 298021 3151
117045000 298346 3068
114449000 299372 2294
115870000 300544 1990
113967000 300809 1860
113587000 300791 1889
115237000 301453 1970
115057000 301809 2000
115037000 301969 1906
115702000 302011 2014
117416000 302805 1970
116318000 303185 1901
117067000 303182 1979
114266000 303286 1911
114620000 303251 1982
115233000 304285 2038
115643000 304532 2024
114555000 304653 1962
115159000 305355 2040
114982000 305434 2045
114902000 305546 1970
116163000 305713 1925
113124000 305801 1871
114492000 305739 2002
115078000 306555 2015
114562000 306560 2039
114895000 307088 2001
113961000 307398 1905
114517000 307918 1907
114824000 307857 1974
113810000 308557 1898
115267000 308441 2021
114328000 308667 1896
114799000 309059 2335
114544000 309444 2642
116175000 310034 2259
114691000 310116 2183
116448000 310555 1963
115789000 310544 2005
115156000 310799 1982
115297000 311603 2028
114558000 311817 1963
115214000 311886 1998
117209000 312065 2012
114978000 310508 3645
114142000 312285 1922
115258000 310612 3639
115247000 312740 2042
114256000 312841 2066
114969000 313181 2075
115421000 313552 2033
114733000 313820 2071
115543000 314107 2079
115577000 314173 2033
116253000 314025 2183
116315000 314033 2241
113876000 314389 2258
115701000 314491 2302
113684000 314580 2570
113564000 314606 2603
114528000 314889 2877
115486000 315419 3176
115179000 315823 2853
115387000 316541 2155
114105000 315456 3312
114889000 315501 3368
115117000 315937 2940
114627000 316011 2890
116395000 315903 3122
114747000 317149 2478
115965000 317268 2364
116274000 318189 1912
114558000 318319 1898
115313000 318478 1887
116077000 318595 1929
115465000 316420 4201
113316000 318708 1933
116106000 316575 4100
114709000 318838 1918
115008000 320258 2018
113846000 320388 1970
113738000 321025 1918
115314000 321195 2034
116416000 321407 2033
115830000 321188 2266
113694000 321542 1956
115087000 321629 1899
115272000 321884 1889
114521000 321723 2068
116354000 321985 2180
114873000 322294 1901
116056000 322341 1908
114263000 323165 1999
114542000 324419 2145
116932000 324584 2232
113495000 324785 2083
115149000 325357 1970
115062000 325293 2048
114945000 325047 2552
116119000 325604 2056
114884000 325714 2603
114651000 326496 1951
116005000 326604 1954
117657000 326591 2012
115249000 326644 2020
115111000 326714 2006
114924000 327068 1943
113916000 326990 2045
114540000 327102 2015
114521000 327232 1952
115991000 327400 1963
114347000 327343 2036
117203000 328221 2044
115214000 328530 1966
115384000 329492 1957
115781000 329788 1904
113537000 330022 1845
115648000 330072 1859
115946000 330515 1948
115280000 330710 1917
116553000 331145 2017
115554000 332161 2019
115594000 332259 2006
116023000 332629 2235
115549000 332681 2279
115296000 332701 2284
114832000 332852 2447
115968000 333066 2590
114910000 333176 2593
114150000 333239 2771
113985000 333513 2545
115354000 333626 2436
116104000 333772 2293
116080000 333948 2117
116505000 335266 1946
114436000 335262 1966
114215000 335811 1964
116396000 335905 1998
113434000 334246 3772
115738000 336035 2003
115234000 334271 3779
115501000 336216 1990
113479000 336656 1938
114958000 337016 1980
114810000 337045 2010
115884000 337441 2075
115442000 337473 2082
113687000 337716 2041
113806000 338091 1973
113986000 338133 2143
116937000 338411 2116
114532000 338691 2443
116956000 338812 2450
115720000 338797 2569
113964000 339244 2358
115666000 339166 2441
116100000 339377 2234
115757000 339779 2021
114934000 340007 1978
112285000 340935 1989
112501000 339742 3183
114475000 341047 1920
116883000 341164 1938
114670000 340113 3130
115806000 341477 2006
114633000 342110 2020
115582000 342547 2026
116110000 342872 1899
113896000 343358 1911
116361000 343450 1967
114866000 343738 1926
114759000 343668 2012
115545000 344255 1940
115630000 344594 1959
114579000 344918 1954
116140000 344942 1974
116231000 345362 1962
114302000 345932 2003
115293000 346050 1900
113691000 346200 1875
114710000 346519 1954
115409000 346754 1984
116281000 347486 1931
115697000 347754 1893
113978000 348086 1872
115514000 348191 1887
116212000 348503 1865
116544000 348527 1927
114504000 349929 1886
116509000 349962 1955
115171000 351428 1953
116352000 351337 2346
115558000 351349 2426
117094000 351743 2672
114351000 352067 2365
112716000 352002 2430
117096000 352355 2080
115604000 352184 2253
116740000 352342 2097
114693000 352711 1984
116169000 353167 2060
115285000 353526 1954
114349000 353878 1941
114466000 352614 3615
115749000 352755 3629
115080000 354576 1988
115083000 354563 2023
115785000 354606 2016
114695000 354824 1963
114569000 354862 2018
116112000 355452 1960
115012000 355989 1889
115210000 356275 1947
114754000 356604 1892
115022000 357791 1862
114605000 358154 1937
114740000 358271 1904
113546000 359038 1839
115125000 359838 1922
115220000 360956 2032
114886000 361288 1888
114681000 361549 1970
115269000 361896 1935
114224000 362020 1864
115161000 361195 3019
115375000 361589 2937
113736000 363118 1968
114742000 364273 1936
115131000 364508 1997
115634000 364629 1967
113136000 364798 1986
114704000 365338 2002
114893000 365400 1951
115180000 365447 1980
114962000 366020 1930
116676000 366148 1999
114979000 366306 2057
115703000 366754 2052
114773000 367126 2007
116513000 367303 2047
116969000 367551 1945
115476000 367707 2039
113445000 367993 1930
114692000 367991 2036
115945000 368249 1939
114225000 368217 1987
116144000 368552 1941
115884000 368755 2015
114895000 369342 2062
114687000 370152 1879
114905000 370213 1908
115122000 370542 1920
115724000 370611 1877
115501000 370625 1939
115646000 370909 1952
115643000 371883 2269
111833000 373186 2054
115283000 372431 2983
115493000 373455 2137
115561000 373504 2127
115781000 372872 2918
115616000 373828 2150
116212000 373990 2052
114723000 374320 1930
115928000 374871 1990
114679000 374184 2880
115638000 375351 1913
115047000 375348 1980
113321000 374845 2591
115033000 376646 1918
116525000 377045 1911
114032000 377410 1897
114261000 377856 2013
114177000 378272 1870
115070000 378358 1952
113971000 379045 1892
115250000 379139 2050
114563000 379421 2275
114850000 380509 2518
116086000 381322 1959
115770000 381340 1943
114278000 381500 1875
114342000 381638 1872
115330000 382005 1968
114234000 382213 1987
114171000 380786 3478
113395000 380958 3423
116714000 381508 3641
115469000 381594 3588
116716000 383368 1980
116545000 383645 1993
114503000 383765 1936
116966000 383738 1981
115559000 383767 1953
116138000 384471 2023
114512000 384771 1982
115445000 384880 1907
114737000 385412 1985
114799000 385653 1968
113713000 386145 2010
115701000 386681 1972
116076000 386773 1927
114854000 387202 1889
115134000 387234 1887
114548000 387201 1935
115307000 387362 1886
115024000 387707 2031
115942000 387834 2169
115158000 388135 2331
116083000 389222 2049
113799000 389384 1939
115342000 389567 1890
116318000 389579 1938
115706000 389496 3697
115258000 389576 3826
115722000 391378 2063
114808000 391141 2435
115587000 391149 2561
114288000 391888 2156
115511000 392282 2008
115163000 392893 1981
116335000 392065 3363
116091000 393724 1991
114858000 392598 3163
114890000 393949 2004
115673000 394064 1956
115593000 394409 1976
116550000 394504 1923
114158000 395141 1959
114164000 395220 1927
116180000 395471 1961
115602000 395519 1934
114828000 395648 1893
114687000 396189 2024
115464000 396463 1908
116854000 397131 1989
113535000 397600 1981
115218000 398305 1897
114135000 398480 2098
114179000 399028 2407
116443000 399243 2521
113539000 399251 2534
114617000 399492 2294
114900000 400085 1938
116381000 400394 1922
114876000 400422 1920
115445000 400984 1991
115787000 399977 3249
115879000 401348 1920
115996000 401413 1910
113842000 400293 3214
116735000 401801 1958
114551000 402365 2084
114269000 403346 2000
114079000 403399 2040
113787000 403809 1951
115083000 403433 2647
114868000 404851 2017
116361000 404018 3111
114520000 405113 2022
115483000 405284 1945
113865000 405249 2399
115916000 405671 2023
