nday dem circ circq pack
1 9.664 2.047 0.000 7.617
3 16.247 5.569 0.253 10.425
4 13.142 4.513 0.000 8.628
3 14.172 5.717 0.174 8.281
1 14.857 5.156 0.046 9.656
1 15.581 4.613 0.000 10.969
2 15.600 5.580 0.100 9.920
2 14.979 7.327 0.352 7.300
2 17.165 7.114 0.136 9.915
2 18.316 8.344 0.202 9.769
2 18.923 9.807 0.195 8.921
2 17.463 9.640 0.520 7.303
2 19.453 10.181 0.227 9.045
2 19.756 10.839 0.201 8.716
3 19.404 9.742 0.387 9.276
2 18.973 11.433 0.118 7.423
2 22.990 14.157 0.410 8.423
2 21.942 13.028 0.443 8.471
4 22.840 13.381 0.415 9.044
4 24.878 14.742 0.458 9.677
4 22.297 14.547 0.665 7.085
2 23.889 14.017 0.343 9.529
3 23.204 12.878 0.332 9.995
3 22.445 13.000 0.209 9.237
3 22.605 13.655 0.461 8.489
5 23.099 14.498 0.445 8.155
5 25.156 15.774 0.669 8.712
4 25.162 16.779 1.058 7.325
6 22.621 13.201 0.445 8.975
5 23.584 14.423 0.644 8.517
5 22.372 12.877 0.282 9.212
6 24.791 14.551 0.949 9.291
6 23.506 13.691 0.717 9.099
6 25.879 15.531 0.816 9.532
8 26.735 16.007 1.316 9.412
7 25.476 14.739 1.023 9.715
8 24.612 14.712 1.270 8.630
8 25.682 15.274 1.221 9.187
10 26.525 14.788 0.972 10.764
9 28.764 16.228 1.226 11.310
10 28.962 17.991 1.189 9.782
10 28.232 18.069 0.980 9.183
9 30.736 20.059 2.047 8.630
8 26.744 17.443 1.054 8.248
8 27.725 17.102 0.783 9.841
6 29.111 18.891 1.163 9.057
6 28.265 18.842 1.045 8.379
7 28.082 18.689 0.922 8.471
8 29.939 19.476 0.852 9.611
7 30.029 19.397 1.233 9.398
7 28.856 18.189 0.832 9.835
8 29.571 18.502 0.831 10.237
8 31.993 20.339 1.302 10.352
9 30.660 18.963 0.923 10.774
8 29.547 18.654 1.595 9.298
10 27.260 16.370 0.969 9.921
10 28.798 17.788 1.941 9.069
10 26.981 16.394 1.293 9.293
8 28.644 18.037 2.112 8.495
10 27.637 16.846 0.670 10.120
8 30.446 18.547 1.638 10.261
12 28.800 17.852 1.723 9.224
10 30.375 19.811 1.869 8.695
10 29.181 19.682 1.455 8.043
8 31.564 19.454 0.911 11.199
9 30.883 19.426 0.846 10.611
8 31.756 20.847 1.338 9.571
10 30.196 19.250 1.407 9.539
10 30.443 19.742 2.481 8.219
9 30.359 18.997 1.358 10.005
11 33.785 21.801 2.203 9.781
11 29.649 19.234 1.425 8.990
10 31.426 20.277 1.455 9.694
11 33.000 19.970 1.579 11.451
11 32.477 20.897 1.545 10.035
10 32.804 21.900 1.377 9.527
8 34.756 23.534 1.371 9.852
11 31.713 20.649 1.034 10.030
9 33.332 22.609 1.450 9.273
9 30.199 19.424 0.898 9.877
9 33.036 22.418 1.643 8.974
11 32.892 21.978 1.929 8.986
10 31.307 20.533 1.078 9.696
11 33.220 21.810 1.848 9.562
11 31.729 20.091 1.870 9.768
8 30.498 19.563 0.865 10.070
10 33.609 21.930 1.549 10.131
12 33.530 21.941 2.045 9.544
10 33.572 22.834 1.350 9.388
12 34.243 23.747 2.095 8.401
13 31.893 19.976 1.108 10.809
9 34.285 22.702 1.328 10.255
12 29.837 19.343 1.280 9.214
10 31.999 21.050 2.186 8.764
13 29.401 18.261 0.905 10.234
11 33.437 21.129 2.186 10.122
14 29.997 19.174 1.857 8.966
11 31.497 19.811 1.620 10.066
15 34.252 21.495 2.369 10.388
11 30.379 17.931 1.071 11.378
14 35.075 22.408 2.742 9.926
12 31.168 18.823 0.942 11.404
10 36.104 24.626 2.091 9.388
12 33.758 22.245 0.344 11.169
11 36.716 25.101 2.747 8.868
12 32.585 21.343 0.732 10.510
12 36.654 23.994 2.237 10.423
11 34.937 23.932 1.692 9.312
11 35.182 23.035 2.296 9.851
13 32.894 20.891 1.355 10.647
11 34.556 23.232 1.138 10.185
13 37.071 24.910 2.512 9.649
12 32.963 22.135 1.644 9.184
11 35.315 23.767 1.800 9.748
13 33.628 22.183 1.602 9.843
10 33.344 22.637 1.107 9.600
10 33.917 22.993 2.091 8.833
9 32.611 21.441 0.711 10.458
12 35.619 23.301 1.441 10.877
9 36.614 24.515 1.283 10.815
12 36.917 25.573 2.089 9.255
12 33.884 23.726 2.313 7.845
10 35.257 23.602 1.466 10.190
14 35.350 23.050 2.200 10.100
10 33.821 22.920 0.885 10.016
11 35.743 24.016 1.837 9.890
10 32.749 21.611 0.876 10.262
9 35.363 24.036 1.638 9.688
12 33.381 22.654 2.727 8.000
13 31.415 19.545 1.734 10.135
10 32.918 20.654 1.208 11.057
11 34.351 22.683 1.293 10.375
12 33.378 22.122 1.785 9.472
11 35.682 24.312 1.648 9.723
11 38.263 27.009 1.632 9.622
12 39.567 28.028 2.910 8.629
9 36.131 25.648 0.874 9.610
10 42.438 30.951 2.253 9.234
10 40.023 28.413 0.766 10.843
9 42.183 30.654 1.599 9.930
10 41.839 30.994 2.541 8.303
10 41.239 29.979 2.175 9.084
13 43.180 31.020 1.810 10.350
12 42.490 29.835 2.885 9.770
11 40.164 28.666 1.198 10.301
12 43.933 31.978 2.601 9.354
11 40.646 29.427 2.017 9.202
12 41.598 30.031 2.329 9.238
11 40.811 28.419 1.033 11.360
11 43.235 30.013 2.630 10.592
13 36.785 24.980 1.751 10.054
12 37.034 25.872 2.489 8.673
13 35.190 22.852 1.741 10.598
12 37.038 24.593 1.921 10.523
12 36.870 24.487 1.879 10.504
11 39.573 27.057 0.994 11.521
13 38.873 26.660 2.636 9.577
10 37.052 24.919 1.417 10.716
10 38.473 27.808 2.776 7.889
11 35.220 23.275 1.664 10.280
11 38.649 26.582 2.214 9.854
11 39.181 28.108 1.201 9.872
12 39.865 27.791 1.902 10.172
11 37.858 25.110 1.893 10.855
13 37.952 25.061 1.923 10.968
13 34.037 22.420 1.747 9.870
13 35.704 23.646 2.121 9.936
12 35.699 24.635 1.547 9.517
11 34.675 23.577 1.632 9.466
14 34.318 23.500 2.434 8.384
15 31.876 20.667 1.800 9.409
12 34.620 22.022 2.287 10.311
14 34.420 21.933 1.801 10.686
13 36.487 25.133 2.168 9.185
14 34.951 23.769 2.442 8.740
12 35.374 24.153 2.399 8.823
14 36.746 24.167 2.680 9.899
12 34.155 22.890 1.499 9.766
12 36.671 24.541 1.837 10.293
13 36.793 24.832 2.699 9.262
13 34.329 22.462 2.003 9.863
13 36.203 24.577 2.258 9.368
12 38.010 26.833 2.609 8.568
14 36.448 24.470 1.965 10.014
11 37.534 25.413 1.645 10.477
14 37.717 24.424 2.488 10.806
13 35.109 24.068 1.418 9.623
12 37.137 25.610 2.145 9.382
13 34.721 23.354 1.825 9.542
12 35.720 23.293 2.028 10.399
13 33.523 21.597 1.678 10.248
15 34.101 21.165 2.742 10.194
13 33.339 20.621 1.734 10.985
12 35.634 23.357 2.415 9.861
15 32.978 21.116 2.094 9.768
11 34.180 21.947 1.104 11.129
15 36.570 24.574 2.317 9.679
12 35.726 23.376 1.187 11.162
14 38.261 25.993 2.367 9.901
12 37.703 26.890 1.894 8.919
15 38.679 26.703 2.524 9.453
16 39.042 26.383 1.819 10.840
13 39.753 26.898 1.362 11.493
14 40.116 27.624 1.814 10.678
12 40.153 29.156 2.097 8.900
14 39.222 27.493 1.923 9.806
13 40.847 28.764 2.070 10.013
15 39.915 28.456 2.280 9.179
14 40.481 28.400 2.674 9.407
13 39.931 28.221 2.300 9.409
12 41.582 29.313 2.004 10.265
13 42.350 28.571 2.483 11.296
12 39.751 26.997 1.667 11.086
12 42.867 29.649 2.382 10.836
15 40.436 27.630 2.227 10.579
12 41.400 28.690 2.268 10.441
14 41.933 28.351 2.449 11.134
12 38.827 26.625 2.369 9.834
14 39.045 27.938 2.908 8.199
13 39.920 27.354 2.207 10.358
12 40.834 26.888 2.017 11.928
12 39.280 27.301 2.738 9.241
13 38.360 25.133 1.726 11.501
14 38.501 26.257 3.046 9.198
14 36.849 24.247 1.966 10.636
13 40.269 27.953 3.204 9.112
12 38.439 26.225 1.685 10.529
14 40.728 27.768 2.577 10.384
14 37.880 25.757 1.898 10.225
12 39.239 26.680 1.989 10.570
13 39.754 28.235 1.752 9.767
15 42.087 29.070 3.275 9.742
13 36.763 24.640 2.140 9.984
12 41.451 29.346 1.663 10.442
13 44.166 31.041 2.476 10.650
14 41.024 27.725 2.040 11.259
12 40.084 28.249 1.411 10.424
12 41.779 29.428 3.375 8.976
12 36.949 24.958 0.814 11.177
13 43.690 30.376 3.043 10.271
14 37.895 25.670 1.652 10.573
13 40.374 27.226 2.461 10.687
11 38.588 26.573 1.402 10.613
11 41.404 29.360 2.767 9.276
12 37.876 26.395 2.036 9.445
11 41.780 28.830 1.995 10.955
12 41.942 29.399 2.472 10.071
13 41.090 29.781 2.196 9.114
13 43.978 31.081 2.654 10.242
14 42.499 30.007 2.444 10.048
14 43.416 31.014 2.241 10.162
14 44.288 31.651 3.005 9.631
14 41.984 29.519 2.359 10.106
14 44.954 31.650 2.748 10.556
14 43.739 30.494 2.532 10.713
13 45.453 33.045 2.354 10.054
13 46.315 33.879 2.261 10.175
12 48.983 34.855 2.504 11.624
12 44.970 32.116 2.004 10.850
14 44.874 32.171 2.448 10.255
13 42.144 29.086 2.082 10.976
14 42.716 28.740 2.054 11.922
17 42.146 29.469 3.944 8.734
13 39.088 28.171 2.558 8.359
13 43.482 31.110 3.538 8.835
13 41.823 30.881 1.847 9.094
13 44.260 30.553 2.664 11.043
14 44.669 31.442 2.959 10.268
16 44.175 31.226 2.213 10.736
15 45.872 32.663 2.553 10.656
10 45.992 33.349 2.453 10.190
15 46.326 34.273 3.367 8.686
12 44.758 31.725 2.115 10.918
14 47.026 34.184 2.669 10.173
16 45.604 32.897 2.370 10.337
13 46.846 34.553 2.830 9.464
12 45.982 33.790 1.458 10.734
13 49.127 35.416 3.290 10.421
13 45.018 32.066 2.163 10.789
13 47.966 35.292 1.836 10.837
13 48.511 35.826 3.104 9.581
14 44.793 32.624 2.296 9.872
12 45.882 33.809 2.866 9.207
15 44.995 32.498 3.577 8.920
13 44.411 31.369 1.037 12.004
12 50.678 37.413 4.074 9.190
12 42.270 29.728 0.725 11.817
15 46.944 33.486 3.914 9.544
12 42.529 30.028 1.933 10.568
14 46.891 35.109 2.880 8.902
13 43.857 32.418 1.676 9.764
11 46.676 32.884 2.517 11.275
13 43.460 30.711 2.411 10.338
16 42.172 29.429 3.338 9.406
13 39.990 27.866 1.429 10.695
14 43.965 31.635 3.378 8.953
10 38.003 26.663 0.782 10.558
13 45.630 32.110 3.978 9.542
14 39.958 27.626 1.828 10.504
13 44.586 32.131 2.864 9.592
15 41.452 29.850 1.642 9.960
14 44.760 31.769 3.459 9.532
13 38.870 26.566 0.750 11.555
16 44.917 30.802 4.151 9.964
14 37.680 25.532 1.252 10.896
13 43.094 30.042 3.344 9.709
13 37.941 26.238 1.360 10.343
14 42.893 29.593 3.198 10.102
13 39.493 27.444 2.057 9.992
14 41.441 28.297 3.100 10.044
14 38.964 25.691 2.213 11.060
15 40.314 27.444 2.786 10.084
15 38.831 27.839 2.033 8.960
14 42.600 29.553 2.719 10.328
16 40.267 28.050 3.316 8.901
14 40.043 27.802 1.694 10.548
15 44.841 30.500 3.002 11.339
13 39.747 28.396 1.805 9.546
13 43.383 30.953 3.229 9.201
15 42.867 30.424 2.582 9.861
14 44.259 30.435 3.434 10.390
12 44.239 30.259 2.732 11.248
15 45.337 31.061 3.342 10.933
14 44.683 31.265 2.370 11.049
15 45.912 33.284 2.632 9.996
16 46.263 33.844 3.897 8.522
14 42.686 30.346 3.272 9.068
14 45.748 32.761 2.356 10.630
15 46.226 31.273 3.065 11.888
15 44.401 31.375 1.912 11.115
15 47.056 33.473 3.294 10.289
17 43.657 31.265 1.409 10.983
14 49.422 36.466 2.774 10.182
