nze be neph bph nzph50 nzph90 bph50 bph90
3745 4 63 1 63 63 0 0
3982 8 63 2 63 63 0 1
3978 7 63 2 63 63 0 0
3722 8 63 2 63 63 0 1
3941 8 63 1 63 63 0 1
3937 5 63 1 63 63 0 0
3964 6 63 2 63 63 0 0
3664 8 63 2 63 63 0 1
3888 8 63 2 63 63 0 1
3962 9 63 2 63 63 0 1
3898 11 63 2 63 63 0 1
3822 11 63 2 63 63 0 1
3876 10 63 2 63 63 0 1
3919 13 63 2 63 63 0 1
3838 10 63 1 63 63 0 1
3733 11 63 1 63 63 0 1
3617 14 63 2 63 63 0 1
3791 12 63 1 63 63 0 1
3915 15 63 2 63 63 0 1
3931 16 63 3 63 63 0 1
3798 17 63 3 63 63 0 1
3909 15 63 2 63 63 0 1
3900 15 63 2 63 63 0 1
3880 15 63 2 63 63 0 1
3876 14 63 2 63 63 0 1
3900 15 63 3 63 63 0 1
3836 18 63 3 63 63 0 1
3812 17 63 3 63 63 0 1
3931 19 63 3 63 63 0 1
3910 17 63 3 63 63 0 1
3918 15 63 3 63 63 0 1
3880 19 63 3 63 63 0 1
3859 18 63 3 63 63 0 1
3880 20 63 3 63 63 0 1
3830 23 63 3 63 63 0 1
3912 23 63 4 63 63 0 1
3795 24 63 4 63 63 0 1
3853 25 63 4 63 63 0 1
4001 30 63 4 63 63 0 2
3965 30 63 4 63 63 0 2
3931 30 63 4 63 63 0 2
3901 32 63 4 63 63 0 2
3814 32 63 3 63 63 0 2
3760 29 63 3 63 63 0 2
3930 29 63 3 63 63 0 2
3885 27 63 2 63 63 0 1
3852 27 63 2 63 63 0 1
3832 27 63 2 63 63 0 1
3855 32 63 3 63 63 0 2
3740 30 63 3 63 63 0 1
3949 27 63 3 63 63 0 1
3931 30 63 3 63 63 0 2
3944 32 63 3 63 63 0 2
3962 32 63 3 63 63 0 2
3924 30 63 3 63 63 0 2
3834 32 63 3 63 63 0 2
3904 31 63 3 63 63 0 2
3886 31 63 3 63 63 0 2
3747 32 63 3 63 63 0 2
3964 34 63 4 63 63 0 2
3913 34 63 4 63 63 0 2
3938 36 63 3 63 63 0 2
3764 34 63 3 63 63 0 2
3793 34 63 3 63 63 0 2
3995 34 63 3 63 63 0 2
4003 34 63 3 63 63 0 2
3904 34 63 3 63 63 0 2
3838 33 63 3 63 63 0 2
3711 35 63 3 63 63 0 2
3767 36 63 3 63 63 0 2
3834 39 63 5 63 63 0 2
3821 40 63 4 63 63 0 2
3884 38 63 3 63 63 0 2
3999 38 63 3 63 63 0 2
3900 38 63 3 63 63 0 2
3945 38 63 3 63 63 0 2
3923 41 63 3 63 63 0 2
3973 38 63 3 63 63 0 2
3871 37 63 4 63 63 0 2
3911 37 63 4 63 63 0 2
3924 37 63 3 63 63 0 2
3885 38 63 3 63 63 0 2
3889 38 63 3 63 63 0 2
3914 39 63 3 63 63 0 2
3902 37 63 3 63 63 0 2
3820 39 63 3 63 63 0 2
3887 41 63 4 63 63 0 2
3859 42 63 4 63 63 0 2
3874 43 63 4 63 63 0 2
3789 44 63 4 63 63 0 2
3940 46 63 4 63 63 0 2
3962 44 63 4 63 63 0 2
3922 41 63 4 63 63 0 2
3778 41 63 4 63 63 0 2
3996 40 63 4 63 63 0 2
3897 44 63 4 63 63 0 2
3853 46 63 4 63 63 0 2
3936 46 63 4 63 63 0 2
3924 46 63 5 63 63 0 2
3935 47 63 5 63 63 0 2
3892 44 63 5 63 63 0 2
3980 44 63 4 63 63 0 2
3910 46 63 4 63 63 0 2
3969 46 63 4 63 63 0 2
3948 44 63 4 63 63 0 2
3978 46 63 4 63 63 0 2
3940 49 63 4 63 63 0 2
3676 48 63 4 63 63 0 2
3911 48 63 4 63 63 0 2
3957 49 63 4 63 63 0 2
3916 48 63 4 63 63 0 2
3876 49 63 4 63 63 0 2
3950 49 63 4 63 63 0 2
3919 46 63 4 63 63 0 2
3895 44 63 4 63 63 0 2
3840 43 63 3 63 63 0 2
3903 44 63 3 63 63 0 2
3912 43 63 3 63 63 0 2
3979 45 63 3 63 63 0 2
3927 46 63 3 63 63 0 2
3908 48 63 3 63 63 0 2
3807 48 63 3 63 63 0 2
3987 48 63 3 63 63 0 2
3972 47 63 3 63 63 0 2
3897 47 63 3 63 63 0 2
3883 46 63 3 63 63 0 2
3953 43 63 3 63 63 0 2
3863 41 63 3 63 63 0 2
3882 43 63 3 63 63 0 2
3924 43 63 3 63 63 0 2
3922 44 63 3 63 63 0 2
3967 43 63 3 63 63 0 2
3926 44 63 4 63 63 0 2
3961 45 63 4 63 63 0 2
3771 49 63 3 63 63 1 2
3929 51 63 3 63 63 1 2
3812 49 63 3 63 63 1 2
3831 53 63 3 63 63 1 2
3994 55 63 3 63 63 1 2
3935 55 63 4 63 63 1 2
3910 54 63 4 63 63 1 2
3780 54 63 4 63 63 1 2
3959 54 63 4 63 63 1 2
3906 56 63 4 63 63 1 2
3904 56 63 4 63 63 1 2
3957 55 63 4 63 63 1 2
3890 56 63 4 63 63 1 2
3930 58 63 4 63 63 1 2
3932 58 63 4 63 63 1 2
3921 57 63 4 63 63 1 2
3836 55 63 4 63 63 1 2
3667 53 63 4 63 63 0 2
3888 53 63 4 63 63 0 2
3954 54 63 4 63 63 1 2
3957 55 63 4 63 63 1 2
3990 58 63 4 63 63 1 2
3896 54 63 4 63 63 1 2
3822 56 63 4 63 63 1 2
3778 55 63 5 63 63 1 2
3868 53 63 5 63 63 1 2
3860 54 63 5 63 63 1 2
3940 56 63 5 63 63 1 2
3915 56 63 5 63 63 1 2
3953 55 63 5 63 63 1 2
3952 55 63 5 63 63 1 2
3900 53 63 5 63 63 1 2
3950 52 63 5 63 63 0 2
3936 53 63 5 63 63 1 2
3804 54 63 5 63 63 1 2
3869 53 63 5 63 63 1 2
3902 53 63 5 63 63 0 2
3965 56 63 5 63 63 1 2
3963 57 63 5 63 63 1 2
3936 59 63 6 63 63 1 2
3847 59 63 6 63 63 1 2
3786 59 63 5 63 63 1 2
3716 61 63 6 63 63 1 3
3866 59 63 6 63 63 1 3
3886 57 63 5 63 63 1 2
3791 58 63 5 63 63 1 2
3920 58 63 5 63 63 1 2
3893 57 63 5 63 63 1 2
3914 63 63 5 63 63 1 3
3953 59 63 5 63 63 1 2
3910 57 63 5 63 63 1 2
3957 57 63 5 63 63 1 2
3977 54 63 5 63 63 1 2
3932 54 63 5 63 63 1 2
3880 53 63 5 63 63 0 2
3900 54 63 6 63 63 0 2
3970 54 63 6 63 63 0 2
3883 53 63 6 63 63 0 2
3930 53 63 6 63 63 0 2
3932 53 63 6 63 63 0 2
3892 55 63 6 63 63 0 2
3995 54 63 6 63 63 0 2
3891 57 63 6 63 63 0 2
3942 57 63 6 63 63 0 2
3928 58 63 6 63 63 1 2
3701 60 63 6 63 63 1 2
3842 58 63 6 63 63 1 2
3939 56 63 6 63 63 1 2
3993 58 63 6 63 63 1 2
3893 58 63 6 63 63 1 2
3826 59 63 6 63 63 1 2
3867 57 63 5 63 63 1 2
3977 59 63 5 63 63 1 2
3926 58 63 5 63 63 1 2
3935 61 63 5 63 63 1 3
3810 63 63 5 63 63 1 3
3869 61 63 5 63 63 1 2
3810 57 63 5 63 63 1 2
3924 60 63 5 63 63 1 2
3949 61 63 5 63 63 1 2
3918 60 63 5 63 63 1 2
3951 61 63 5 63 63 1 2
3941 59 63 5 63 63 1 2
3858 61 63 5 63 63 1 2
3779 62 63 5 63 63 1 2
3919 62 63 5 63 63 1 2
3934 64 63 5 63 63 1 2
3849 63 63 5 63 63 1 2
3929 61 63 5 63 63 1 3
3843 63 63 5 63 63 1 3
3928 59 63 5 63 63 1 3
3857 64 63 5 63 63 1 3
3922 65 63 5 63 63 1 3
3967 64 63 5 63 63 1 3
3988 60 63 5 63 63 1 2
3919 59 63 5 63 63 1 2
3897 59 63 5 63 63 1 2
3910 59 63 5 63 63 1 2
3944 58 63 5 63 63 1 2
3944 60 63 5 63 63 1 2
3962 59 63 5 63 63 1 2
3985 57 63 5 63 63 1 2
3937 59 63 5 63 63 1 2
3856 60 63 5 63 63 1 2
3959 60 63 5 63 63 1 2
3976 60 63 5 63 63 1 3
3858 62 63 5 63 63 1 3
3929 61 63 5 63 63 1 3
3916 60 63 5 63 63 1 3
3828 60 63 5 63 63 1 3
3883 60 63 5 63 63 1 2
3947 62 63 5 63 63 1 2
3907 62 63 6 63 63 1 2
3819 64 63 6 63 63 1 3
3950 66 63 6 63 63 1 3
3790 64 63 6 63 63 1 2
3845 66 63 7 63 63 1 2
3985 66 63 7 63 63 1 2
3875 69 63 7 63 63 1 2
3914 67 63 7 63 63 1 2
3919 67 63 7 63 63 1 2
3851 68 63 7 63 63 1 2
3847 69 63 7 63 63 1 2
3877 72 63 7 63 63 1 2
3901 73 63 7 63 63 1 3
3895 72 63 6 63 63 1 3
3975 68 63 6 63 63 1 3
3978 66 63 6 63 63 1 3
3808 69 63 6 63 63 1 3
3832 68 63 6 63 63 1 3
3815 70 63 6 63 63 1 3
3881 72 63 6 63 63 1 3
3945 72 63 6 63 63 1 3
3937 71 63 6 63 63 1 3
3927 73 63 6 63 63 1 3
3887 74 63 6 63 63 1 3
3942 72 63 6 63 63 1 3
3786 71 63 6 63 63 1 3
3908 71 63 6 63 63 1 2
3934 73 63 6 63 63 1 3
3957 74 63 6 63 63 1 3
3866 73 63 6 63 63 1 3
3930 74 63 6 63 63 1 3
3981 76 63 6 63 63 1 3
3959 76 63 6 63 63 1 3
3999 73 63 6 63 63 1 2
3944 76 63 6 63 63 1 2
3825 72 63 6 63 63 1 2
3883 68 63 6 63 63 1 2
3800 69 63 6 63 63 1 2
3969 73 63 6 63 63 1 2
3810 75 63 6 63 63 1 3
3934 75 63 6 63 63 1 3
3888 75 63 6 63 63 1 3
3917 75 63 6 63 63 1 3
3854 74 63 6 63 63 1 3
3920 69 63 6 63 63 1 2
3985 72 63 6 63 63 1 3
3923 69 63 6 63 63 1 2
3868 68 63 6 63 63 1 3
3908 69 63 6 63 63 1 3
3745 67 63 6 63 63 1 2
3921 71 63 6 63 63 1 3
3911 69 63 6 63 63 1 2
3891 70 63 6 63 63 1 2
3908 71 63 6 63 63 1 3
3887 69 63 6 63 63 1 3
3935 70 63 6 63 63 1 3
3883 69 63 6 63 63 1 3
3942 72 63 6 63 63 1 3
3960 66 63 6 63 63 1 2
3919 67 63 6 63 63 1 3
3927 68 63 6 63 63 1 3
3921 66 63 6 63 63 1 3
3912 66 63 6 63 63 1 2
3807 68 63 7 63 63 1 3
3923 68 63 7 63 63 1 3
3944 68 63 7 63 63 1 3
3864 71 63 7 63 63 1 3
3958 72 63 7 63 63 1 3
3835 72 63 7 63 63 1 3
3941 75 63 7 63 63 1 3
3980 74 63 7 63 63 1 3
3892 75 63 7 63 63 1 3
3849 76 63 7 63 63 1 3
3957 78 63 7 63 63 1 3
3949 78 63 7 63 63 1 3
3946 80 63 7 63 63 1 3
3921 80 63 7 63 63 1 3
3907 81 63 7 63 63 1 3
3897 84 63 7 63 63 1 3
3852 84 63 7 63 63 1 3
3839 82 63 7 63 63 1 3
3935 82 63 7 63 63 1 3
3973 82 63 7 63 63 1 3
3967 80 63 7 63 63 1 3
3965 79 63 7 63 63 1 3
4004 81 63 7 63 63 1 3
3969 82 63 7 63 63 1 3
