nze be neph bph nzph50 nzph90 bph50 bph90
56 1 7 1 7 7 0 1
56 2 7 1 7 7 0 1
56 2 7 1 7 7 0 1
56 2 7 1 7 7 0 1
56 1 7 1 7 7 0 1
56 0 7 0 7 7 0 0
56 0 7 0 7 7 0 0
56 2 7 2 7 7 0 1
56 3 7 2 7 7 0 2
56 3 7 2 7 7 0 2
56 3 7 2 7 7 0 2
56 3 7 2 7 7 0 2
56 3 7 2 7 7 0 2
56 2 7 1 7 7 0 1
56 1 7 1 7 7 0 1
56 1 7 1 7 7 0 1
56 1 7 1 7 7 0 1
56 2 7 1 7 7 0 1
56 1 7 1 7 7 0 1
56 3 7 1 7 7 0 1
56 3 7 1 7 7 0 1
56 2 7 1 7 7 0 1
56 2 7 1 7 7 0 1
56 3 7 2 7 7 0 1
56 4 7 2 7 7 0 2
56 4 7 2 7 7 0 2
56 4 7 2 7 7 0 2
56 5 7 2 7 7 1 2
56 6 7 3 7 7 1 2
56 6 7 3 7 7 1 2
56 5 7 3 7 7 1 1
56 4 7 3 7 7 0 1
56 3 7 2 7 7 0 1
56 1 7 1 7 7 0 1
56 2 7 2 7 7 0 1
56 2 7 1 7 7 0 1
56 3 7 1 7 7 0 1
56 3 7 1 7 7 0 1
56 2 7 1 7 7 0 1
56 2 7 1 7 7 0 1
56 1 7 1 7 7 0 1
56 1 7 1 7 7 0 1
56 3 7 2 7 7 0 1
56 2 7 2 7 7 0 1
56 2 7 2 7 7 0 1
56 2 7 2 7 7 0 1
56 2 7 2 7 7 0 1
56 2 7 2 7 7 0 1
56 2 7 2 7 7 0 1
56 0 7 0 7 7 0 0
56 2 7 1 7 7 0 1
56 3 7 1 7 7 0 1
56 3 7 1 7 7 0 1
56 3 7 1 7 7 0 1
56 1 7 1 7 7 0 1
56 1 7 1 7 7 0 1
56 2 7 1 7 7 0 1
56 2 7 1 7 7 0 1
56 2 7 1 7 7 0 1
56 3 7 2 7 7 0 1
56 2 7 2 7 7 0 1
56 3 7 2 7 7 0 1
56 4 7 2 7 7 0 1
56 5 7 2 7 7 1 1
56 6 7 2 7 7 1 2
56 5 7 2 7 7 1 1
56 2 7 1 7 7 0 1
56 1 7 1 7 7 0 1
56 0 7 0 7 7 0 0
56 0 7 0 7 7 0 0
56 0 7 0 7 7 0 0
56 0 7 0 7 7 0 0
56 2 7 1 7 7 0 1
56 2 7 1 7 7 0 1
56 2 7 1 7 7 0 1
56 2 7 1 7 7 0 1
56 3 7 1 7 7 0 1
56 3 7 1 7 7 0 1
56 3 7 1 7 7 0 1
56 4 7 2 7 7 0 1
56 1 7 1 7 7 0 1
56 1 7 1 7 7 0 1
56 1 7 1 7 7 0 1
56 0 7 0 7 7 0 0
56 0 7 0 7 7 0 0
56 0 7 0 7 7 0 0
56 2 7 1 7 7 0 1
56 2 7 1 7 7 0 1
56 2 7 1 7 7 0 1
56 2 7 1 7 7 0 1
56 2 7 1 7 7 0 1
56 2 7 1 7 7 0 1
56 2 7 1 7 7 0 1
56 2 7 1 7 7 0 1
56 0 7 0 7 7 0 0
56 0 7 0 7 7 0 0
56 0 7 0 7 7 0 0
56 1 7 1 7 7 0 1
56 1 7 1 7 7 0 1
56 2 7 1 7 7 0 1
56 2 7 1 7 7 0 1
56 2 7 1 7 7 0 1
56 3 7 1 7 7 0 1
56 3 7 2 7 7 0 1
56 5 7 3 7 7 0 2
56 4 7 3 7 7 0 2
56 4 7 3 7 7 0 2
56 4 7 3 7 7 0 2
56 4 7 3 7 7 0 2
56 3 7 3 7 7 0 1
56 3 7 2 7 7 0 2
56 2 7 2 7 7 0 1
56 1 7 1 7 7 0 1
56 1 7 1 7 7 0 1
56 1 7 1 7 7 0 1
56 1 7 1 7 7 0 1
56 1 7 1 7 7 0 1
56 1 7 1 7 7 0 1
56 0 7 0 7 7 0 0
56 1 7 1 7 7 0 1
56 1 7 1 7 7 0 1
56 1 7 1 7 7 0 1
56 1 7 1 7 7 0 1
56 2 7 1 7 7 0 1
56 2 7 1 7 7 0 1
56 3 7 2 7 7 0 2
56 3 7 2 7 7 0 2
56 3 7 2 7 7 0 2
56 3 7 2 7 7 0 1
56 2 7 1 7 7 0 1
56 2 7 1 7 7 0 1
56 2 7 1 7 7 0 1
56 1 7 1 7 7 0 1
56 1 7 1 7 7 0 1
56 0 7 0 7 7 0 0
56 0 7 0 7 7 0 0
56 0 7 0 7 7 0 0
56 0 7 0 7 7 0 0
56 0 7 0 7 7 0 0
56 3 7 1 7 7 0 1
56 4 7 2 7 7 0 1
56 5 7 2 7 7 1 1
56 5 7 2 7 7 1 1
56 4 7 2 7 7 0 2
56 4 7 2 7 7 0 2
56 3 7 2 7 7 0 2
56 2 7 2 7 7 0 1
56 2 7 2 7 7 0 1
56 3 7 2 7 7 0 2
56 3 7 2 7 7 0 2
56 2 7 1 7 7 0 1
56 3 7 2 7 7 0 1
56 5 7 2 7 7 1 1
56 4 7 2 7 7 0 1
56 5 7 2 7 7 1 1
56 6 7 2 7 7 1 2
56 4 7 2 7 7 0 2
56 7 7 2 7 7 1 2
56 5 7 2 7 7 1 2
56 5 7 2 7 7 1 2
56 5 7 2 7 7 1 2
56 3 7 2 7 7 0 1
56 4 7 2 7 7 0 1
56 2 7 1 7 7 0 1
56 1 7 1 7 7 0 1
56 1 7 1 7 7 0 1
56 1 7 1 7 7 0 1
56 3 7 2 7 7 0 1
56 3 7 2 7 7 0 1
56 4 7 2 7 7 0 1
56 3 7 2 7 7 0 1
56 3 7 2 7 7 0 1
56 3 7 2 7 7 0 1
56 2 7 2 7 7 0 1
56 0 7 0 7 7 0 0
56 0 7 0 7 7 0 0
56 1 7 1 7 7 0 1
56 1 7 1 7 7 0 1
56 1 7 1 7 7 0 1
56 1 7 1 7 7 0 1
56 0 7 0 7 7 0 0
56 0 7 0 7 7 0 0
56 0 7 0 7 7 0 0
56 0 7 0 7 7 0 0
56 2 7 1 7 7 0 1
56 2 7 1 7 7 0 1
56 3 7 2 7 7 0 2
56 4 7 2 7 7 0 2
56 5 7 3 7 7 0 2
56 4 7 2 7 7 0 2
56 4 7 2 7 7 0 2
56 4 7 2 7 7 0 2
56 3 7 2 7 7 0 1
56 2 7 2 7 7 0 1
56 2 7 2 7 7 0 1
56 2 7 1 7 7 0 1
56 3 7 1 7 7 0 1
56 2 7 1 7 7 0 1
56 4 7 2 7 7 0 1
56 3 7 2 7 7 0 1
56 4 7 2 7 7 0 2
56 3 7 1 7 7 0 1
56 2 7 1 7 7 0 1
56 1 7 1 7 7 0 1
56 0 7 0 7 7 0 0
56 2 7 1 7 7 0 1
56 3 7 1 7 7 0 1
56 4 7 1 7 7 1 1
56 4 7 1 7 7 1 1
56 2 7 1 7 7 0 1
56 1 7 1 7 7 0 1
56 2 7 1 7 7 0 1
56 4 7 2 7 7 0 2
56 5 7 3 7 7 0 2
56 6 7 3 7 7 0 2
56 7 7 3 7 7 1 2
56 5 7 3 7 7 0 2
56 6 7 3 7 7 1 2
56 5 7 2 7 7 1 2
56 4 7 2 7 7 0 2
56 3 7 1 7 7 0 1
56 1 7 1 7 7 0 1
56 1 7 1 7 7 0 1
56 2 7 1 7 7 0 1
56 1 7 1 7 7 0 1
56 1 7 1 7 7 0 1
56 1 7 1 7 7 0 1
56 2 7 2 7 7 0 1
56 2 7 2 7 7 0 1
56 2 7 2 7 7 0 1
56 3 7 2 7 7 0 1
56 3 7 2 7 7 0 1
56 3 7 2 7 7 0 1
56 4 7 2 7 7 0 1
56 2 7 1 7 7 0 1
56 3 7 2 7 7 0 1
56 3 7 2 7 7 0 1
56 2 7 2 7 7 0 1
56 3 7 2 7 7 0 1
56 3 7 1 7 7 0 1
56 5 7 2 7 7 1 1
56 5 7 2 7 7 1 1
56 4 7 2 7 7 0 1
56 3 7 2 7 7 0 1
56 2 7 2 7 7 0 1
56 2 7 2 7 7 0 1
56 3 7 2 7 7 0 1
56 3 7 2 7 7 0 1
56 3 7 2 7 7 0 1
56 3 7 2 7 7 0 1
56 3 7 2 7 7 0 1
56 2 7 2 7 7 0 1
56 3 7 2 7 7 0 1
56 2 7 1 7 7 0 1
56 4 7 2 7 7 0 1
56 5 7 2 7 7 1 1
56 4 7 2 7 7 0 1
56 4 7 2 7 7 0 1
56 3 7 1 7 7 0 1
56 1 7 1 7 7 0 1
56 1 7 1 7 7 0 1
56 2 7 2 7 7 0 1
56 3 7 2 7 7 0 1
56 4 7 2 7 7 0 1
56 6 7 2 7 7 0 2
56 7 7 3 7 7 1 2
56 8 7 3 7 7 1 2
56 8 7 3 7 7 1 2
56 9 7 3 7 7 1 2
56 7 7 3 7 7 1 2
56 6 7 2 7 7 1 2
56 6 7 2 7 7 1 2
56 5 7 2 7 7 1 2
56 4 7 2 7 7 0 2
56 4 7 2 7 7 0 2
56 4 7 2 7 7 0 2
56 4 7 2 7 7 0 2
56 4 7 2 7 7 0 1
56 1 7 1 7 7 0 1
56 1 7 1 7 7 0 1
56 1 7 1 7 7 0 1
56 1 7 1 7 7 0 1
56 2 7 1 7 7 0 1
56 3 7 2 7 7 0 1
56 4 7 2 7 7 0 1
56 4 7 2 7 7 0 2
56 5 7 2 7 7 1 2
56 6 7 2 7 7 1 2
56 4 7 2 7 7 0 1
56 5 7 2 7 7 1 2
56 4 7 2 7 7 0 2
56 3 7 2 7 7 0 1
56 3 7 2 7 7 0 1
56 3 7 2 7 7 0 1
56 3 7 2 7 7 0 1
56 5 7 2 7 7 1 2
56 5 7 2 7 7 1 2
56 8 7 3 7 7 1 2
56 9 7 3 7 7 1 2
56 10 7 3 7 7 1 2
56 10 7 3 7 7 1 2
56 10 7 3 7 7 1 2
56 8 7 2 7 7 1 2
56 4 7 2 7 7 0 1
56 4 7 3 7 7 0 1
56 4 7 3 7 7 0 2
56 6 7 3 7 7 0 2
56 6 7 3 7 7 0 2
56 5 7 2 7 7 0 2
56 5 7 2 7 7 0 2
56 5 7 2 7 7 0 2
56 5 7 2 7 7 0 2
56 4 7 2 7 7 0 2
56 2 7 1 7 7 0 1
56 2 7 1 7 7 0 1
56 1 7 1 7 7 0 1
56 2 7 1 7 7 0 1
56 3 7 2 7 7 0 1
56 2 7 2 7 7 0 1
56 2 7 2 7 7 0 1
56 3 7 2 7 7 0 1
56 3 7 2 7 7 0 1
56 3 7 2 7 7 0 1
56 4 7 1 7 7 1 1
56 3 7 1 7 7 0 1
56 3 7 1 7 7 0 1
56 3 7 2 7 7 0 1
56 1 7 1 7 7 0 1
56 1 7 1 7 7 0 1
56 1 7 1 7 7 0 1
56 0 7 0 7 7 0 0
56 1 7 1 7 7 0 1
56 1 7 1 7 7 0 1
