nday dem circ circq pack
1 10.430 2.078 0.000 8.353
3 16.195 5.717 0.000 10.478
4 14.487 6.207 0.000 8.280
3 13.347 4.809 0.000 8.538
1 14.717 5.341 0.000 9.376
1 16.166 5.162 0.000 11.005
2 15.566 5.829 0.000 9.736
2 15.286 7.667 0.000 7.620
2 17.927 8.073 0.000 9.854
2 19.775 10.334 0.000 9.442
3 19.697 10.984 0.000 8.713
2 18.156 10.756 0.016 7.384
2 19.699 10.767 0.003 8.928
1 19.808 11.283 0.000 8.524
2 20.463 11.124 0.000 9.338
2 20.401 13.234 0.000 7.167
2 22.828 14.203 0.000 8.625
2 22.884 14.687 0.000 8.196
4 24.592 15.288 0.000 9.303
3 25.794 16.437 0.014 9.343
4 23.678 16.462 0.022 7.195
2 25.253 15.631 0.000 9.622
4 24.418 14.763 0.000 9.655
3 24.110 14.750 0.000 9.360
2 23.308 15.359 0.000 7.948
5 24.896 16.303 0.090 8.503
5 26.525 17.989 0.063 8.473
4 24.916 17.708 0.037 7.170
6 24.319 15.609 0.158 8.552
5 24.188 15.136 0.026 9.026
4 24.122 15.097 0.000 9.025
6 24.967 16.038 0.060 8.869
7 25.423 16.304 0.263 8.856
6 25.774 16.441 0.077 9.256
7 26.350 16.647 0.282 9.420
8 25.675 16.093 0.272 9.310
7 25.210 16.266 0.307 8.638
8 26.568 17.445 0.434 8.689
8 29.060 18.154 0.424 10.482
7 28.917 18.374 0.260 10.283
9 28.654 18.784 0.458 9.412
6 28.783 19.771 0.239 8.773
7 29.379 20.732 0.501 8.146
7 28.980 20.618 0.337 8.024
6 29.885 20.425 0.193 9.267
8 30.258 21.388 0.441 8.429
5 29.803 21.512 0.266 8.025
7 29.806 21.074 0.328 8.405
7 31.990 22.758 0.169 9.063
8 32.353 22.746 0.420 9.188
6 32.064 22.123 0.159 9.782
10 31.990 21.797 0.494 9.699
9 32.838 22.335 0.452 10.051
9 32.049 21.017 0.477 10.555
7 30.267 21.075 0.447 8.745
7 30.992 21.099 0.546 9.348
8 30.210 20.980 0.698 8.531
7 29.928 20.754 0.658 8.516
8 29.370 20.809 0.747 7.813
9 31.593 21.771 0.391 9.432
8 31.569 21.065 0.476 10.027
8 29.781 20.932 0.672 8.176
10 29.817 20.232 0.742 8.842
9 29.272 21.105 0.779 7.388
9 31.323 20.577 0.198 10.548
8 31.883 21.242 0.521 10.120
8 31.032 21.395 0.577 9.059
8 30.861 21.473 0.510 8.877
10 31.119 22.117 1.071 7.931
9 33.803 24.000 0.743 9.060
10 33.596 23.321 0.850 9.425
10 32.218 23.440 0.844 7.934
9 32.622 22.731 0.593 9.298
9 34.574 23.371 0.534 10.670
10 34.480 24.387 0.765 9.328
10 32.517 23.237 0.727 8.553
9 35.073 24.573 0.588 9.912
10 32.548 22.696 0.685 9.167
12 31.190 21.172 0.862 9.156
9 30.592 21.474 0.465 8.653
9 30.433 21.354 0.610 8.469
8 31.823 22.834 0.269 8.720
8 32.563 23.333 0.572 8.657
7 32.244 22.583 0.330 9.332
8 32.200 22.292 0.472 9.436
10 32.444 22.935 0.460 9.049
10 34.481 24.234 0.409 9.838
9 34.312 25.178 0.588 8.546
9 35.624 26.135 0.643 8.845
10 33.705 24.884 0.779 8.042
10 33.926 23.705 0.563 9.658
8 34.484 24.132 0.434 9.918
11 32.008 23.040 0.852 8.115
8 32.577 23.383 0.551 8.643
11 34.201 24.494 0.696 9.010
11 35.450 24.537 0.833 10.080
11 33.822 24.602 1.311 7.908
9 35.299 24.966 0.786 9.547
8 36.264 26.037 0.710 9.517
11 35.932 24.863 1.018 10.050
12 35.070 24.623 1.249 9.198
9 36.449 25.639 0.755 10.055
12 35.820 25.836 1.135 8.849
12 35.764 24.766 0.944 10.054
12 35.496 25.634 1.191 8.671
12 36.671 26.134 1.095 9.442
12 38.221 27.224 0.814 10.183
11 35.846 26.452 0.891 8.503
9 36.229 26.752 0.573 8.904
10 36.097 25.984 0.914 9.199
11 35.671 25.485 0.693 9.493
11 36.448 26.217 0.934 9.297
9 35.798 26.695 0.879 8.223
10 36.363 26.534 0.980 8.848
11 35.216 24.906 0.753 9.557
12 34.689 24.906 1.057 8.726
12 34.744 25.251 0.980 8.513
11 35.708 25.599 0.502 9.607
10 37.580 26.727 0.657 10.196
9 38.615 27.883 0.622 10.110
8 38.486 29.043 0.779 8.664
10 37.045 28.870 1.155 7.020
9 38.236 27.956 0.592 9.688
9 36.589 26.964 0.424 9.201
9 37.399 27.778 0.605 9.016
10 36.124 25.929 0.587 9.607
9 34.949 25.472 0.281 9.196
9 34.089 24.146 0.636 9.307
10 32.900 24.530 1.160 7.210
10 35.297 25.641 0.710 8.947
8 35.493 24.435 0.360 10.699
10 35.318 25.591 0.713 9.014
10 35.282 25.824 0.572 8.887
10 36.987 27.367 0.885 8.735
11 38.243 28.279 0.983 8.982
10 38.908 29.623 1.098 8.187
8 38.516 29.302 0.778 8.436
10 38.554 29.113 0.872 8.568
11 40.908 30.024 0.434 10.450
10 40.383 30.602 0.598 9.183
10 40.234 31.747 1.171 7.315
10 42.112 32.713 1.102 8.296
10 42.839 32.143 0.719 9.977
9 40.972 31.661 0.667 8.644
11 43.748 33.335 0.898 9.515
11 43.144 33.851 0.730 8.564
12 41.895 32.648 1.347 7.901
12 40.311 30.278 1.145 8.888
10 39.934 28.962 0.406 10.566
11 38.885 28.097 0.791 9.997
10 36.541 26.819 0.909 8.813
11 36.921 27.496 1.194 8.231
9 37.172 27.224 0.683 9.265
12 38.124 27.300 0.853 9.971
10 39.089 28.443 0.845 9.801
9 42.639 31.674 0.506 10.459
10 40.887 31.142 0.721 9.024
10 40.764 30.260 0.758 9.745
12 36.808 28.189 1.151 7.468
9 36.765 27.106 0.665 8.994
12 36.551 26.448 0.922 9.181
10 37.473 27.466 0.940 9.068
12 38.203 27.829 1.060 9.315
11 38.606 27.348 0.679 10.578
10 37.446 26.799 0.996 9.651
10 36.642 27.131 0.601 8.911
10 37.097 27.414 0.761 8.922
12 36.342 27.046 0.787 8.509
11 34.861 24.988 0.995 8.878
11 32.358 23.889 1.038 7.431
11 33.352 23.660 0.696 8.996
13 36.037 25.489 1.006 9.542
12 36.651 26.886 0.893 8.871
10 36.153 27.018 0.895 8.240
12 35.926 26.727 1.207 7.992
12 36.885 27.059 1.417 8.409
11 37.411 27.492 1.332 8.586
13 36.601 26.614 1.333 8.654
11 37.075 26.627 0.803 9.645
10 36.318 26.583 1.175 8.560
13 35.862 25.703 1.423 8.736
12 34.843 25.413 1.236 8.193
13 34.920 25.386 1.433 8.102
10 35.138 25.038 0.921 9.178
11 35.393 25.036 0.788 9.569
11 34.879 24.332 0.858 9.689
12 31.213 21.621 1.015 8.577
12 31.852 22.218 1.005 8.628
11 32.648 22.845 1.090 8.713
12 34.228 23.462 0.994 9.772
10 33.667 23.394 0.707 9.566
12 32.665 22.393 0.937 9.335
12 34.089 23.381 1.099 9.609
11 32.217 22.700 0.837 8.680
12 31.431 21.718 1.013 8.700
12 33.807 22.316 0.772 10.720
9 34.770 25.555 0.473 8.741
12 37.957 26.788 0.662 10.508
12 38.340 28.324 1.058 8.958
10 40.243 31.628 0.907 7.708
10 40.500 30.989 1.020 8.491
11 41.394 30.642 0.568 10.185
11 41.345 30.189 0.680 10.475
12 40.999 30.096 1.026 9.877
11 40.468 31.204 1.126 8.137
11 39.091 28.952 0.628 9.511
12 40.370 30.308 1.148 8.914
12 39.639 29.790 1.394 8.455
11 38.798 29.129 1.049 8.619
12 40.160 30.100 1.286 8.773
13 40.791 30.585 1.227 8.979
10 39.986 28.560 0.882 10.544
12 38.188 27.171 0.955 10.061
12 38.755 28.087 1.094 9.573
13 35.964 25.245 1.282 9.437
13 35.760 25.360 1.135 9.265
12 38.397 26.756 1.076 10.565
12 38.078 28.480 1.085 8.513
10 37.509 29.319 1.100 7.090
12 37.606 27.181 0.902 9.524
12 39.081 27.335 0.857 10.889
10 35.653 27.100 1.272 7.280
12 39.130 27.007 1.400 10.723
11 38.145 28.766 1.215 8.164
10 38.556 28.293 1.102 9.160
11 39.321 29.680 1.343 8.298
12 41.095 30.573 1.297 9.225
13 40.161 29.631 1.154 9.376
13 40.199 29.476 1.321 9.402
11 41.518 30.718 0.984 9.816
11 41.163 31.400 1.144 8.619
12 42.784 32.540 1.289 8.955
10 42.059 32.289 0.865 8.905
12 44.943 34.366 1.097 9.480
10 45.390 34.862 0.575 9.952
10 43.527 32.405 0.647 10.476
10 42.603 32.319 0.837 9.447
11 42.727 33.106 1.067 8.554
9 43.920 33.435 0.750 9.735
12 43.857 33.539 0.928 9.391
13 43.161 32.337 1.449 9.375
10 44.063 32.950 0.984 10.129
11 43.714 33.690 0.813 9.211
12 44.169 34.886 1.315 7.968
12 43.985 34.037 1.123 8.824
11 45.416 34.736 0.714 9.966
13 45.276 34.983 1.591 8.702
11 45.752 36.121 1.211 8.419
13 47.880 37.060 1.299 9.521
14 47.476 36.966 2.180 8.330
11 47.831 37.260 1.392 9.179
11 47.418 37.564 1.277 8.577
13 47.140 36.235 1.589 9.316
11 47.469 36.973 0.946 9.549
14 46.795 36.017 1.547 9.231
13 47.187 37.134 1.271 8.782
11 46.370 36.135 1.134 9.101
13 47.705 35.507 1.163 11.034
13 46.054 35.276 1.305 9.474
12 45.660 35.297 1.387 8.977
12 45.529 34.757 0.673 10.099
11 45.400 34.140 0.801 10.460
12 45.401 35.897 1.719 7.785
11 43.348 34.743 1.508 7.098
12 43.746 34.396 1.631 7.719
10 44.405 35.654 1.134 7.616
12 44.942 33.537 0.804 10.602
11 44.482 34.254 1.157 9.071
13 46.592 35.595 1.253 9.745
11 47.828 36.979 0.943 9.906
11 48.254 38.259 1.482 8.512
10 47.994 39.063 1.354 7.577
11 46.912 36.749 0.592 9.571
15 46.475 35.720 1.443 9.312
11 47.236 37.180 1.010 9.046
10 47.095 37.210 1.204 8.682
10 47.659 37.194 1.027 9.438
13 45.836 34.655 1.367 9.814
13 46.231 35.368 1.372 9.491
11 44.324 33.554 1.004 9.766
12 44.318 34.202 1.298 8.818
11 44.004 34.117 1.285 8.603
15 42.177 31.984 1.794 8.399
14 42.654 33.062 1.759 7.833
11 44.263 32.811 0.792 10.661
12 43.741 33.625 1.571 8.545
13 43.619 31.901 1.233 10.485
13 42.408 32.746 1.435 8.227
12 42.054 31.091 1.458 9.504
13 42.812 33.640 1.760 7.413
12 43.486 33.802 1.152 8.532
11 42.388 30.743 0.667 10.978
10 41.905 31.836 1.157 8.912
11 42.498 32.833 1.264 8.401
13 42.232 32.116 0.786 9.331
11 39.501 30.303 1.098 8.099
11 40.555 30.034 1.172 9.350
13 41.277 31.136 1.629 8.513
10 41.941 32.055 0.947 8.940
13 42.108 31.786 1.529 8.794
12 42.063 31.709 1.253 9.101
12 41.603 31.897 1.142 8.564
11 41.047 29.736 1.078 10.232
10 40.955 30.408 1.023 9.524
12 40.721 30.200 1.218 9.303
12 41.600 31.492 1.412 8.695
13 41.704 31.453 1.080 9.171
13 40.562 29.879 1.481 9.202
12 40.725 30.571 1.281 8.873
13 42.125 31.446 1.830 8.848
13 42.002 30.985 1.347 9.669
13 41.526 31.483 1.641 8.402
13 40.496 31.185 1.981 7.329
12 42.469 31.251 1.249 9.969
12 40.307 31.224 1.554 7.530
14 41.968 30.551 1.459 9.958
14 42.297 31.325 1.401 9.572
13 40.929 31.151 1.684 8.095
14 42.354 32.186 1.760 8.408
14 43.498 33.220 1.866 8.413
11 44.811 34.187 1.162 9.462
13 46.086 34.667 1.646 9.773
13 44.957 33.949 1.532 9.475
13 46.316 35.185 1.923 9.209
15 45.128 34.218 1.983 8.927
13 44.857 34.858 2.347 7.652
11 45.121 35.516 1.974 7.630
12 47.142 36.214 1.200 9.728
13 47.565 35.630 1.556 10.379
12 45.928 34.699 1.321 9.907
13 45.986 35.409 1.443 9.134
14 46.432 35.384 1.575 9.472
12 48.554 37.829 1.425 9.299
