nze be neph bph nzph50 nzph90 bph50 bph90
3777 4 63 1 63 63 0 0
3989 8 63 2 63 63 0 1
3961 7 63 2 63 63 0 0
3743 6 63 2 63 63 0 0
3943 7 63 1 63 63 0 1
3932 5 63 1 63 63 0 0
3932 6 63 2 63 63 0 0
3711 8 63 2 63 63 0 1
3922 8 63 2 63 63 0 1
3911 10 63 2 63 63 0 1
3912 11 63 2 63 63 0 1
3838 10 63 2 63 63 0 1
3864 10 63 2 63 63 0 1
3931 11 63 1 63 63 0 1
3851 10 63 1 63 63 0 1
3674 11 63 1 63 63 0 1
3653 14 63 2 63 63 0 1
3808 13 63 1 63 63 0 1
3929 16 63 2 63 63 0 1
3903 16 63 3 63 63 0 1
3823 17 63 3 63 63 0 1
3912 15 63 2 63 63 0 1
3901 15 63 2 63 63 0 1
3876 15 63 2 63 63 0 1
3877 13 63 2 63 63 0 1
3923 15 63 3 63 63 0 1
3813 18 63 3 63 63 0 1
3835 17 63 3 63 63 0 1
3932 18 63 3 63 63 0 1
3946 16 63 3 63 63 0 1
3889 15 63 3 63 63 0 1
3850 19 63 3 63 63 0 1
3864 18 63 3 63 63 0 1
3888 20 63 3 63 63 0 1
3753 22 63 3 63 63 0 1
3902 21 63 4 63 63 0 1
3822 24 63 4 63 63 0 1
3853 25 63 4 63 63 0 1
3990 29 63 3 63 63 0 2
3969 27 63 3 63 63 0 2
3924 26 63 3 63 63 0 2
3901 26 63 3 63 63 0 1
3746 26 63 2 63 63 0 2
3746 26 63 2 63 63 0 1
3923 26 63 2 63 63 0 1
3872 27 63 2 63 63 0 1
3876 26 63 2 63 63 0 1
3852 26 63 2 63 63 0 1
3850 31 63 3 63 63 0 1
3675 29 63 3 63 63 0 1
3942 27 63 3 63 63 0 1
3935 29 63 3 63 63 0 1
3961 32 63 3 63 63 0 2
3969 30 63 3 63 63 0 1
3900 29 63 3 63 63 0 1
3837 31 63 3 63 63 0 2
3852 31 63 3 63 63 0 2
3877 31 63 3 63 63 0 2
3711 31 63 3 63 63 0 2
3967 31 63 3 63 63 0 1
3902 30 63 3 63 63 0 1
3934 33 63 3 63 63 0 1
3747 31 63 3 63 63 0 1
3825 31 63 3 63 63 0 1
4001 31 63 3 63 63 0 2
4002 32 63 3 63 63 0 2
3857 32 63 3 63 63 0 2
3838 32 63 3 63 63 0 2
3657 34 63 3 63 63 0 2
3764 35 63 3 63 63 0 2
3864 39 63 5 63 63 0 2
3778 39 63 4 63 63 0 2
3878 36 63 3 63 63 0 2
4001 35 63 3 63 63 0 2
3887 36 63 3 63 63 0 2
3921 35 63 3 63 63 0 2
3925 37 63 3 63 63 0 2
3951 35 63 3 63 63 0 2
3901 32 63 4 63 63 0 1
3912 32 63 4 63 63 0 1
3913 31 63 3 63 63 0 1
3900 30 63 3 63 63 0 1
3878 30 63 3 63 63 0 1
3900 30 63 3 63 63 0 1
3913 29 63 3 63 63 0 1
3852 33 63 3 63 63 0 2
3911 35 63 4 63 63 0 2
3777 35 63 4 63 63 0 2
3851 35 63 4 63 63 0 2
3744 36 63 4 63 63 0 2
3913 36 63 4 63 63 0 2
3976 37 63 4 63 63 0 2
3859 36 63 4 63 63 0 2
3793 37 63 4 63 63 0 2
3983 37 63 4 63 63 0 2
3891 40 63 4 63 63 0 2
3812 42 63 4 63 63 0 2
3914 42 63 4 63 63 0 2
3912 43 63 4 63 63 0 2
3925 43 63 4 63 63 0 2
3889 41 63 4 63 63 0 2
3934 42 63 4 63 63 0 2
3893 44 63 4 63 63 0 2
3960 43 63 4 63 63 0 2
3923 41 63 4 63 63 0 2
3953 44 63 4 63 63 0 2
3943 43 63 4 63 63 0 2
3657 39 63 4 63 63 0 2
3924 39 63 4 63 63 0 2
3953 41 63 3 63 63 0 2
3899 41 63 3 63 63 0 2
3879 40 63 3 63 63 0 2
3962 40 63 3 63 63 0 2
3878 38 63 3 63 63 0 2
3924 39 63 3 63 63 0 2
3824 39 63 3 63 63 0 2
3952 41 63 3 63 63 0 2
3922 39 63 3 63 63 0 2
3951 42 63 3 63 63 0 2
3901 44 63 3 63 63 0 2
3890 45 63 3 63 63 0 2
3779 44 63 3 63 63 0 2
3990 43 63 3 63 63 0 2
3961 41 63 3 63 63 0 2
3883 42 63 3 63 63 0 2
3876 39 63 3 63 63 0 2
3960 38 63 3 63 63 0 2
3822 36 63 3 63 63 0 2
3865 38 63 3 63 63 0 2
3890 39 63 3 63 63 0 2
3943 40 63 3 63 63 0 2
3951 39 63 3 63 63 0 2
3921 43 63 4 63 63 0 2
3942 42 63 3 63 63 0 2
3764 45 63 3 63 63 0 2
3902 45 63 3 63 63 0 2
3745 43 63 3 63 63 0 2
3811 47 63 3 63 63 1 2
4002 48 63 3 63 63 1 2
3934 48 63 3 63 63 1 2
3891 47 63 3 63 63 1 2
3796 49 63 3 63 63 1 2
3984 48 63 3 63 63 1 2
3918 47 63 3 63 63 1 2
3932 49 63 4 63 63 1 2
3960 48 63 4 63 63 1 2
3870 49 63 4 63 63 1 2
3914 50 63 4 63 63 1 2
3923 49 63 4 63 63 1 2
3877 47 63 4 63 63 0 2
3808 46 63 4 63 63 0 2
3714 45 63 4 63 63 0 2
3911 46 63 4 63 63 0 2
3962 47 63 4 63 63 0 2
3976 47 63 4 63 63 0 2
4002 49 63 4 63 63 1 2
3877 45 63 4 63 63 0 2
3826 46 63 4 63 63 1 2
3765 41 63 4 63 63 0 2
3798 42 63 4 63 63 0 2
3888 42 63 4 63 63 0 2
3934 44 63 4 63 63 0 2
3866 45 63 4 63 63 0 2
3976 44 63 4 63 63 0 2
3932 46 63 4 63 63 0 2
3905 46 63 4 63 63 0 2
3942 44 63 4 63 63 0 2
3923 42 63 5 63 63 0 2
3709 42 63 5 63 63 0 2
3760 41 63 5 63 63 0 2
3941 42 63 5 63 63 0 2
3970 46 63 5 63 63 0 2
3961 47 63 5 63 63 0 2
3926 48 63 5 63 63 0 2
3827 46 63 5 63 63 0 2
3712 47 63 5 63 63 0 2
3636 49 63 6 63 63 0 2
3852 46 63 5 63 63 0 2
3877 45 63 5 63 63 0 2
3827 45 63 5 63 63 0 2
3878 45 63 5 63 63 0 2
3869 47 63 5 63 63 0 2
3925 48 63 5 63 63 0 2
3960 44 63 5 63 63 0 2
3942 43 63 5 63 63 0 2
3902 41 63 5 63 63 0 2
3954 40 63 5 63 63 0 2
3943 40 63 5 63 63 0 2
3891 41 63 5 63 63 0 2
3842 44 63 5 63 63 0 2
3969 43 63 5 63 63 0 2
3825 41 63 5 63 63 0 2
3914 42 63 5 63 63 0 2
3924 42 63 5 63 63 0 2
3824 41 63 5 63 63 0 2
4017 42 63 5 63 63 0 2
3863 45 63 5 63 63 0 2
3932 46 63 5 63 63 0 2
3902 47 63 5 63 63 0 2
3620 50 63 5 63 63 0 2
3825 49 63 5 63 63 0 2
3922 48 63 5 63 63 0 2
3977 49 63 5 63 63 0 2
3854 49 63 5 63 63 0 2
3796 49 63 5 63 63 1 2
3890 48 63 5 63 63 0 2
3864 50 63 5 63 63 1 2
3902 50 63 5 63 63 1 2
3878 52 63 5 63 63 0 2
3760 54 63 5 63 63 1 2
3829 51 63 5 63 63 1 2
3765 47 63 5 63 63 0 2
3921 49 63 5 63 63 0 2
3943 50 63 5 63 63 0 2
3902 46 63 5 63 63 0 2
3976 47 63 5 63 63 0 2
3945 46 63 5 63 63 0 2
3825 47 63 5 63 63 0 2
3810 49 63 5 63 63 1 2
3913 49 63 5 63 63 1 2
3943 49 63 5 63 63 0 2
3762 47 63 5 63 63 0 2
3945 47 63 5 63 63 0 2
3850 49 63 5 63 63 1 2
3889 48 63 5 63 63 0 2
3838 54 63 5 63 63 1 2
3952 55 63 5 63 63 1 2
3941 54 63 5 63 63 1 2
4009 49 63 5 63 63 1 2
3913 50 63 5 63 63 1 2
3852 51 63 5 63 63 1 2
3877 50 63 5 63 63 1 2
3954 49 63 5 63 63 1 2
3934 52 63 5 63 63 1 2
3983 51 63 5 63 63 1 2
3962 49 63 5 63 63 1 2
3923 50 63 5 63 63 1 2
3876 52 63 5 63 63 1 2
3948 52 63 5 63 63 1 2
3960 52 63 5 63 63 1 2
3876 52 63 5 63 63 1 2
3925 51 63 5 63 63 1 2
3881 51 63 5 63 63 1 2
3808 52 63 5 63 63 1 2
3952 53 63 5 63 63 1 2
3943 54 63 6 63 63 1 2
3867 53 63 6 63 63 1 2
3863 55 63 6 63 63 1 2
3942 59 63 6 63 63 1 2
3733 57 63 6 63 63 1 2
3906 57 63 7 63 63 1 2
3960 57 63 7 63 63 1 2
3879 61 63 7 63 63 1 2
3913 58 63 7 63 63 1 2
3911 57 63 7 63 63 1 2
3852 58 63 7 63 63 1 2
3864 57 63 6 63 63 1 2
3868 58 63 6 63 63 1 2
3883 56 63 6 63 63 1 2
3879 56 63 6 63 63 1 2
3983 54 63 6 63 63 1 2
3952 54 63 6 63 63 1 2
3766 54 63 6 63 63 1 2
3826 51 63 6 63 63 1 2
3764 52 63 6 63 63 1 2
3838 53 63 6 63 63 1 2
3976 54 63 6 63 63 1 2
3911 55 63 6 63 63 1 2
3901 56 63 6 63 63 1 2
3901 59 63 6 63 63 1 2
3896 57 63 6 63 63 1 2
3814 57 63 6 63 63 1 2
3886 58 63 6 63 63 1 2
3961 58 63 6 63 63 1 2
3959 59 63 6 63 63 1 2
3852 59 63 6 63 63 1 2
3889 60 63 6 63 63 1 2
3943 60 63 6 63 63 1 2
3976 59 63 6 63 63 1 2
4012 58 63 6 63 63 1 2
3890 57 63 6 63 63 1 2
3757 53 63 6 63 63 1 2
3881 51 63 6 63 63 1 2
3797 52 63 6 63 63 1 2
3977 56 63 6 63 63 1 2
3794 57 63 6 63 63 1 2
3945 56 63 6 63 63 1 2
3830 56 63 6 63 63 1 2
3935 57 63 6 63 63 1 2
3832 53 63 6 63 63 1 2
3900 51 63 6 63 63 1 2
4002 52 63 5 63 63 1 2
3880 52 63 5 63 63 1 2
3840 53 63 6 63 63 1 2
3951 53 63 6 63 63 1 2
3744 50 63 6 63 63 1 2
3953 53 63 6 63 63 1 2
3879 53 63 6 63 63 1 2
3925 51 63 6 63 63 1 2
3856 54 63 6 63 63 1 2
3854 52 63 6 63 63 1 2
3935 53 63 6 63 63 1 2
3828 51 63 5 63 63 1 2
3932 52 63 5 63 63 1 2
3934 52 63 5 63 63 1 2
3891 53 63 5 63 63 1 2
3932 55 63 5 63 63 1 2
3925 51 63 5 63 63 1 2
3894 53 63 5 63 63 1 2
3856 54 63 5 63 63 1 2
3891 57 63 5 63 63 1 2
3923 55 63 5 63 63 1 2
3839 58 63 5 63 63 1 2
3944 56 63 5 63 63 1 2
3830 57 63 5 63 63 1 2
3942 58 63 5 63 63 1 2
3962 58 63 5 63 63 1 2
3865 56 63 5 63 63 1 2
3870 59 63 5 63 63 1 2
3961 61 63 5 63 63 1 2
3923 60 63 5 63 63 1 2
3946 64 63 5 63 63 1 2
3890 64 63 5 63 63 1 2
3904 64 63 5 63 63 1 2
3893 64 63 5 63 63 1 2
3746 65 63 5 63 63 1 2
3781 67 63 5 63 63 1 3
3968 66 63 5 63 63 1 3
3960 66 63 5 63 63 1 3
3977 63 63 5 63 63 1 2
3943 62 63 5 63 63 1 2
3960 65 63 5 63 63 1 2
3965 65 63 5 63 63 1 2
