nday dem circ circq pack
1 5.628 0.157 0.000 5.471
1 7.091 1.253 0.000 5.838
1 7.104 1.496 0.000 5.608
1 7.198 1.567 0.000 5.632
1 6.600 1.321 0.000 5.280
1 7.201 1.285 0.000 5.917
1 7.197 1.975 0.000 5.223
2 9.267 3.652 0.000 5.615
1 9.479 3.885 0.000 5.594
1 9.468 3.884 0.000 5.584
1 10.318 4.935 0.000 5.384
2 10.001 4.934 0.000 5.067
3 12.116 6.591 0.000 5.525
2 12.013 6.618 0.000 5.395
2 12.168 6.582 0.000 5.586
2 13.276 7.661 0.000 5.615
2 16.049 10.768 0.000 5.281
3 16.094 10.391 0.000 5.702
3 12.672 6.947 0.019 5.706
2 14.263 8.994 0.000 5.269
3 13.745 8.123 0.004 5.618
3 15.518 10.124 0.001 5.394
3 16.350 10.663 0.001 5.686
4 18.396 12.623 0.003 5.770
4 18.034 12.826 0.000 5.208
4 18.305 12.853 0.052 5.400
5 16.086 10.468 0.000 5.618
4 19.241 13.737 0.074 5.431
4 19.376 13.893 0.000 5.483
2 20.982 15.803 0.034 5.144
6 24.399 18.995 0.115 5.289
6 25.563 19.492 0.000 6.071
3 28.585 22.810 0.062 5.713
8 26.515 20.908 0.228 5.379
8 26.269 20.626 0.085 5.557
8 27.422 21.423 0.227 5.772
6 27.553 21.675 0.028 5.850
6 27.272 21.713 0.009 5.550
5 27.274 21.640 0.053 5.581
6 26.823 20.915 0.081 5.827
6 26.054 20.504 0.089 5.460
5 25.061 19.333 0.059 5.669
5 25.226 19.512 0.026 5.688
6 25.988 19.922 0.168 5.898
7 26.095 20.628 0.067 5.400
7 26.447 21.132 0.031 5.284
5 27.081 21.607 0.227 5.248
6 26.524 20.688 0.105 5.731
6 28.334 23.056 0.144 5.135
7 27.548 21.940 0.163 5.446
6 27.011 21.236 0.077 5.698
5 27.121 21.526 0.013 5.583
5 29.202 23.241 0.123 5.837
5 29.853 23.991 0.000 5.862
6 33.278 27.340 0.239 5.699
6 30.724 25.124 0.000 5.600
5 31.662 26.214 0.131 5.317
6 29.719 24.687 0.057 4.975
4 30.184 24.957 0.000 5.227
5 31.055 25.375 0.128 5.553
3 28.723 23.296 0.014 5.414
3 28.424 22.908 0.028 5.489
3 28.293 22.749 0.000 5.544
2 28.947 23.408 0.000 5.539
2 28.787 23.241 0.000 5.546
3 29.932 24.343 0.006 5.583
3 30.630 24.862 0.000 5.768
3 30.464 25.162 0.000 5.302
3 28.523 22.983 0.000 5.540
4 28.458 23.061 0.015 5.382
4 26.536 20.691 0.000 5.845
2 26.866 20.952 0.010 5.903
4 26.280 20.763 0.000 5.517
4 27.221 21.606 0.064 5.551
3 28.014 22.655 0.000 5.358
2 28.919 23.573 0.021 5.325
3 28.000 22.048 0.000 5.952
2 27.076 21.326 0.000 5.750
3 26.435 20.847 0.000 5.588
3 26.188 20.630 0.065 5.493
4 25.389 19.862 0.000 5.526
2 25.528 19.931 0.000 5.597
3 26.325 20.947 0.064 5.314
4 27.572 22.291 0.034 5.246
4 28.499 22.806 0.016 5.677
3 30.114 24.469 0.000 5.644
3 31.391 26.001 0.037 5.354
4 30.506 25.042 0.000 5.464
3 30.892 25.250 0.006 5.637
3 31.545 25.974 0.000 5.572
3 30.805 25.291 0.027 5.487
4 29.888 24.620 0.069 5.199
4 28.763 23.114 0.043 5.606
4 28.376 22.234 0.022 6.120
7 27.944 22.117 0.146 5.681
7 25.389 19.607 0.183 5.599
6 24.834 19.488 0.039 5.307
5 24.586 19.102 0.034 5.451
6 25.433 20.063 0.088 5.282
5 27.876 22.365 0.031 5.480
6 26.105 20.349 0.059 5.697
6 26.818 20.542 0.029 6.247
4 25.115 19.359 0.118 5.638
6 25.006 19.127 0.003 5.875
6 24.904 18.927 0.151 5.826
5 23.763 18.066 0.029 5.669
5 24.104 18.567 0.000 5.536
3 24.241 18.408 0.000 5.833
3 22.564 17.264 0.061 5.239
5 20.023 14.174 0.000 5.848
5 21.937 16.152 0.046 5.739
4 24.364 18.483 0.000 5.880
4 26.408 20.709 0.041 5.658
4 26.759 21.141 0.000 5.618
4 26.218 20.772 0.043 5.403
3 24.987 19.702 0.000 5.285
5 27.008 21.398 0.058 5.552
6 26.387 20.719 0.027 5.641
4 25.231 19.980 0.000 5.251
6 25.135 19.986 0.135 5.014
6 21.612 16.234 0.046 5.332
5 20.580 15.191 0.042 5.347
5 20.271 14.746 0.032 5.492
4 18.323 12.873 0.029 5.421
5 17.989 12.645 0.048 5.296
4 17.716 12.332 0.000 5.384
4 18.497 13.015 0.046 5.435
5 17.355 11.930 0.000 5.425
5 19.128 13.246 0.094 5.788
5 17.478 11.617 0.000 5.860
5 18.183 12.335 0.079 5.769
4 17.552 11.779 0.000 5.773
4 18.030 12.064 0.052 5.915
5 16.806 11.484 0.080 5.242
5 17.916 12.320 0.001 5.595
5 18.188 12.771 0.000 5.416
5 17.659 12.192 0.082 5.385
4 18.195 12.948 0.001 5.246
4 17.785 12.200 0.008 5.577
4 17.825 12.514 0.000 5.311
4 18.943 13.165 0.010 5.767
4 18.423 13.072 0.013 5.338
4 19.243 13.400 0.000 5.843
5 19.163 13.608 0.062 5.493
6 18.889 13.456 0.013 5.420
7 19.765 14.029 0.098 5.638
6 19.604 13.978 0.002 5.624
5 21.231 15.586 0.182 5.463
8 18.476 12.768 0.047 5.662
6 19.450 13.937 0.000 5.513
5 22.339 17.032 0.167 5.140
5 20.904 15.542 0.079 5.284
6 22.261 16.492 0.186 5.582
6 20.347 14.602 0.029 5.716
5 21.060 15.173 0.000 5.887
4 22.799 17.058 0.060 5.682
5 21.263 16.042 0.009 5.213
6 20.947 14.979 0.134 5.834
7 20.963 15.389 0.058 5.516
7 20.468 15.079 0.000 5.389
6 22.819 17.299 0.143 5.377
5 22.741 17.432 0.000 5.310
6 23.296 17.424 0.171 5.702
7 21.369 16.450 0.044 4.876
7 21.850 16.580 0.000 5.270
5 23.127 17.682 0.096 5.348
