nday dem circ circq pack
1 6.325 0.000 0.000 6.325
1 7.073 0.519 0.000 6.555
1 8.353 1.841 0.000 6.511
1 9.186 3.130 0.000 6.055
1 10.414 3.718 0.000 6.696
1 11.948 5.115 0.000 6.833
1 13.021 6.275 0.000 6.745
2 15.522 8.785 0.000 6.737
2 17.461 10.843 0.000 6.618
2 19.121 12.319 0.000 6.801
2 19.637 13.025 0.000 6.611
4 18.661 11.970 0.009 6.682
3 17.941 11.374 0.015 6.553
3 18.019 11.678 0.012 6.329
3 18.542 12.022 0.000 6.520
2 19.176 12.542 0.000 6.634
3 19.388 12.789 0.013 6.585
5 21.377 14.902 0.000 6.475
3 21.224 14.483 0.000 6.741
3 21.526 15.046 0.000 6.480
3 20.931 14.349 0.000 6.582
3 21.147 14.458 0.000 6.689
4 21.078 14.532 0.009 6.537
4 21.284 14.887 0.013 6.384
5 20.544 13.740 0.049 6.755
3 20.100 13.726 0.016 6.358
6 19.999 13.538 0.103 6.358
5 20.659 14.122 0.062 6.475
5 22.151 15.458 0.049 6.644
6 23.142 16.238 0.084 6.820
5 22.903 16.331 0.026 6.546
5 22.359 15.790 0.024 6.545
5 22.267 15.857 0.010 6.400
4 21.361 15.061 0.003 6.296
5 21.153 14.625 0.026 6.502
4 21.546 15.139 0.022 6.385
4 20.677 14.161 0.045 6.470
4 18.862 12.425 0.014 6.424
5 18.511 12.261 0.046 6.204
6 17.973 11.655 0.087 6.232
5 17.777 11.129 0.117 6.531
6 18.957 12.185 0.039 6.733
6 21.701 15.313 0.156 6.232
7 22.494 16.126 0.107 6.262
6 23.072 16.617 0.094 6.361
6 24.675 18.099 0.105 6.470
7 27.987 21.329 0.127 6.531
8 28.527 22.079 0.169 6.279
7 29.899 22.779 0.151 6.969
8 29.013 22.472 0.274 6.267
8 27.434 21.068 0.260 6.107
6 25.869 19.274 0.093 6.502
6 26.011 19.259 0.170 6.582
6 25.666 18.916 0.105 6.645
7 25.201 18.939 0.094 6.168
7 27.712 20.735 0.068 6.909
7 27.546 21.043 0.084 6.420
6 27.539 20.436 0.023 7.081
6 27.226 20.659 0.037 6.529
7 27.254 20.703 0.086 6.465
7 28.453 22.257 0.129 6.067
6 29.834 23.124 0.046 6.664
7 29.331 22.851 0.198 6.282
7 28.640 21.960 0.047 6.633
7 28.864 22.202 0.215 6.447
9 28.012 21.172 0.177 6.663
9 29.644 22.851 0.198 6.595
8 29.482 22.593 0.188 6.701
8 28.576 21.566 0.300 6.710
7 28.022 21.205 0.154 6.662
7 29.905 23.287 0.250 6.368
7 32.374 25.508 0.144 6.721
7 31.755 24.914 0.298 6.544
8 30.769 24.126 0.383 6.259
8 31.148 23.960 0.210 6.978
10 31.705 24.557 0.330 6.818
10 33.281 26.335 0.419 6.526
8 32.394 25.506 0.454 6.434
10 32.044 25.325 0.399 6.321
8 31.601 24.666 0.243 6.692
8 32.555 25.894 0.380 6.280
8 33.875 26.626 0.434 6.814
9 33.427 26.283 0.353 6.791
8 32.858 26.114 0.297 6.446
8 33.507 26.735 0.145 6.628
8 34.213 27.692 0.209 6.312
9 32.828 25.845 0.212 6.771
8 31.830 25.157 0.146 6.527
7 31.546 25.109 0.202 6.236
8 32.886 26.278 0.159 6.450
9 34.112 27.581 0.234 6.298
9 34.502 27.962 0.220 6.321
8 33.702 26.919 0.329 6.455
7 32.408 25.832 0.159 6.418
7 31.541 25.114 0.050 6.376
6 32.357 25.957 0.116 6.284
8 32.640 25.765 0.124 6.752
7 31.165 24.621 0.229 6.315
8 31.895 25.045 0.131 6.719
8 32.002 25.408 0.242 6.353
8 31.120 24.403 0.178 6.539
9 32.337 25.915 0.358 6.064
8 31.290 24.497 0.167 6.626
7 31.354 24.623 0.079 6.652
9 30.803 23.866 0.251 6.686
9 28.954 22.752 0.203 5.999
9 30.033 23.258 0.233 6.542
8 30.466 23.502 0.170 6.794
10 29.785 22.629 0.443 6.714
9 28.687 21.986 0.220 6.480
8 29.320 22.248 0.142 6.930
9 28.790 22.348 0.194 6.248
8 28.493 22.154 0.160 6.179
6 30.526 23.952 0.138 6.435
8 32.084 25.420 0.068 6.595
8 32.407 25.909 0.118 6.381
6 33.424 26.920 0.041 6.463
7 34.270 27.750 0.001 6.519
7 34.918 28.511 0.039 6.368
9 33.807 27.533 0.067 6.207
6 31.322 24.452 0.000 6.870
7 30.880 24.260 0.010 6.610
8 30.639 23.970 0.059 6.610
7 30.665 23.845 0.000 6.820
6 28.790 22.107 0.000 6.683
7 27.689 21.286 0.000 6.403
6 27.419 20.661 0.100 6.657
7 27.764 20.915 0.036 6.813
7 28.470 22.099 0.088 6.282
8 29.219 22.431 0.011 6.777
6 30.344 23.827 0.066 6.450
6 31.566 25.062 0.130 6.374
8 32.316 25.533 0.139 6.643
5 31.937 25.022 0.046 6.868
7 32.254 25.469 0.175 6.611
8 31.601 24.882 0.219 6.500
10 29.997 22.742 0.351 6.903
9 29.733 22.714 0.339 6.680
7 30.016 23.687 0.182 6.147
9 30.159 23.434 0.361 6.364
8 29.563 23.004 0.282 6.277
8 30.724 23.891 0.212 6.621
8 31.260 24.364 0.157 6.740
10 29.440 22.809 0.261 6.369
9 28.760 22.372 0.236 6.152
8 27.951 21.626 0.275 6.049
9 27.246 20.352 0.426 6.468
8 27.452 20.649 0.245 6.557
9 28.087 21.240 0.343 6.503
9 29.983 23.140 0.207 6.636
8 28.991 22.330 0.302 6.359
9 28.802 22.013 0.256 6.534
9 28.697 21.841 0.252 6.604
8 27.642 20.852 0.216 6.574
9 28.028 21.023 0.194 6.811
8 26.654 19.865 0.121 6.668
7 26.904 20.424 0.126 6.355
8 27.526 21.021 0.134 6.372
7 28.444 21.335 0.046 7.064
8 28.958 22.216 0.181 6.561
8 28.494 21.757 0.033 6.703
8 27.846 21.319 0.061 6.466
8 28.987 22.193 0.139 6.655
8 28.901 22.655 0.112 6.134
8 29.010 22.591 0.201 6.219
8 29.137 22.497 0.153 6.487
8 29.488 22.799 0.244 6.445
9 28.582 22.382 0.141 6.059
10 28.592 22.105 0.068 6.419
9 27.043 20.043 0.142 6.859
10 27.055 20.608 0.043 6.405
8 28.077 21.585 0.203 6.289
7 28.134 21.224 0.114 6.796
6 29.622 23.212 0.076 6.335
11 30.013 23.444 0.240 6.329
9 29.380 22.241 0.206 6.933
9 31.251 24.272 0.118 6.861
10 31.364 24.637 0.061 6.666
10 31.706 25.007 0.146 6.553
9 29.357 22.804 0.237 6.316
10 28.862 21.747 0.169 6.946
10 28.767 22.425 0.182 6.160
9 28.522 22.015 0.164 6.344
9 28.456 22.001 0.195 6.259
10 28.536 21.796 0.199 6.542
10 27.232 20.295 0.322 6.615
10 27.685 20.700 0.219 6.767
9 26.990 20.215 0.163 6.612
10 29.567 22.657 0.342 6.568
10 30.639 23.807 0.361 6.471
9 30.338 23.571 0.193 6.574
11 30.446 23.493 0.307 6.647
11 27.238 20.454 0.304 6.480
9 26.275 19.877 0.252 6.145
10 26.370 19.447 0.263 6.660
9 27.395 20.763 0.337 6.295
12 26.902 19.906 0.397 6.599
10 26.781 20.168 0.310 6.303
10 26.913 19.948 0.304 6.660
12 27.134 20.555 0.460 6.118
10 28.318 21.647 0.215 6.456
10 27.436 20.629 0.192 6.614
11 27.108 20.792 0.495 5.821
9 26.657 20.179 0.348 6.130
10 26.367 19.496 0.237 6.634
9 27.799 21.340 0.242 6.217
10 28.180 20.989 0.267 6.923
7 27.857 21.065 0.169 6.623
11 27.358 20.603 0.211 6.543
10 26.992 20.164 0.211 6.617
10 27.040 19.943 0.252 6.846
11 27.155 20.587 0.464 6.104
9 26.812 20.335 0.197 6.281
11 27.837 21.106 0.548 6.183
10 27.570 20.709 0.355 6.506
10 27.302 20.492 0.259 6.552
9 26.702 20.376 0.165 6.161
9 27.422 20.483 0.079 6.860
9 27.124 20.087 0.120 6.918
8 27.114 20.219 0.113 6.783
10 27.334 20.612 0.215 6.507
8 27.726 21.005 0.104 6.616
8 28.127 21.788 0.075 6.264
9 28.641 21.855 0.092 6.695
10 28.776 21.970 0.393 6.413
11 30.023 23.037 0.222 6.764
10 29.860 23.407 0.198 6.255
9 30.733 24.150 0.235 6.348
10 30.766 24.138 0.178 6.450
10 29.798 23.359 0.210 6.229
9 30.778 24.011 0.001 6.765
10 29.993 23.697 0.110 6.186
9 30.030 23.451 0.144 6.435
11 30.848 24.375 0.190 6.283
9 30.652 24.031 0.017 6.604
6 31.591 25.034 0.087 6.471
8 30.078 23.665 0.199 6.214
9 27.981 21.421 0.081 6.479
7 28.169 21.739 0.017 6.413
8 27.102 20.471 0.032 6.600
10 25.524 18.972 0.163 6.388
7 24.977 18.492 0.017 6.468
7 26.393 19.834 0.077 6.482
8 26.138 19.645 0.045 6.448
8 25.561 18.816 0.123 6.622
8 26.461 19.560 0.046 6.855
8 26.037 19.843 0.071 6.123
6 26.994 20.001 0.036 6.958
7 29.005 22.713 0.149 6.143
7 30.358 24.027 0.068 6.263
8 32.347 25.611 0.124 6.612
6 32.193 25.426 0.022 6.745
7 32.371 26.041 0.109 6.220
7 32.411 25.744 0.023 6.644
7 31.463 24.685 0.080 6.698
8 31.911 25.393 0.216 6.301
7 30.984 24.201 0.157 6.626
8 31.720 24.983 0.230 6.507
7 31.346 24.621 0.115 6.610
8 30.843 24.682 0.178 5.983
5 30.714 24.078 0.058 6.578
7 30.343 23.770 0.097 6.476
6 30.301 23.699 0.041 6.562
6 30.364 23.515 0.121 6.728
8 30.752 24.102 0.052 6.598
7 30.127 23.603 0.213 6.311
8 30.813 24.477 0.215 6.121
7 30.052 23.202 0.248 6.601
6 26.192 19.592 0.026 6.574
7 23.814 17.034 0.097 6.682
6 23.923 17.351 0.170 6.401
6 24.954 18.133 0.101 6.720
5 25.062 18.870 0.056 6.136
6 25.034 18.582 0.084 6.368
5 25.381 19.053 0.021 6.308
5 26.229 19.639 0.063 6.527
5 25.566 18.806 0.122 6.638
5 25.427 18.733 0.020 6.674
4 25.314 18.835 0.065 6.414
5 27.178 20.816 0.106 6.257
5 27.549 21.148 0.070 6.330
6 26.226 19.291 0.040 6.895
4 26.097 20.052 0.095 5.950
4 26.345 19.838 0.058 6.449
3 26.301 19.561 0.036 6.704
3 26.150 19.869 0.001 6.279
5 27.971 21.289 0.014 6.668
6 29.305 22.543 0.003 6.758
5 28.419 21.860 0.035 6.525
4 29.296 22.674 0.000 6.622
4 29.548 23.146 0.000 6.402
5 31.488 24.756 0.030 6.703
4 32.690 26.288 0.000 6.402
5 32.792 26.434 0.000 6.358
5 31.277 24.334 0.000 6.942
6 29.362 23.214 0.000 6.148
7 28.840 22.432 0.082 6.326
5 26.550 20.008 0.011 6.531
5 24.891 17.999 0.000 6.892
6 25.079 18.543 0.000 6.537
5 25.640 19.141 0.000 6.499
3 27.275 20.493 0.000 6.782
2 26.187 19.621 0.000 6.566
2 25.815 18.962 0.000 6.854
3 26.137 19.098 0.000 7.038
2 25.418 18.742 0.000 6.676
4 25.022 18.419 0.000 6.603
4 25.036 18.003 0.008 7.025
3 24.767 18.120 0.015 6.632
4 25.053 18.397 0.052 6.604
4 24.821 18.203 0.000 6.617
4 24.143 17.651 0.028 6.463
3 23.450 16.765 0.024 6.661
4 23.599 16.701 0.070 6.828
3 27.957 21.281 0.000 6.676
7 29.422 22.552 0.057 6.813
5 28.343 21.696 0.173 6.474
6 26.004 19.428 0.143 6.433
7 26.256 19.745 0.177 6.334
8 26.175 19.364 0.201 6.611
9 27.058 20.311 0.392 6.354
7 27.543 20.531 0.373 6.640
9 29.742 23.122 0.523 6.097
8 30.195 23.516 0.374 6.305
8 31.149 24.131 0.231 6.786
9 30.456 23.574 0.283 6.599
8 29.276 22.848 0.235 6.194
9 28.367 21.651 0.311 6.405
7 28.322 21.516 0.269 6.536
9 28.311 21.366 0.438 6.507
9 27.410 20.695 0.432 6.282
10 27.546 20.476 0.451 6.618
9 27.223 20.569 0.281 6.373
