nze be neph bph nzph50 nzph90 bph50 bph90
4032 0 63 0 63 63 0 0
4032 2 63 1 63 63 0 0
4032 2 63 1 63 63 0 0
4032 3 63 1 63 63 0 0
4032 3 63 1 63 63 0 0
4032 5 63 1 63 63 0 0
4032 7 63 1 63 63 0 1
4032 9 63 2 63 63 0 1
4032 10 63 2 63 63 0 1
4032 12 63 2 63 63 0 1
4032 13 63 2 63 63 0 1
4032 13 63 2 63 63 0 1
4032 13 63 2 63 63 0 1
4032 12 63 2 63 63 0 1
4032 13 63 2 63 63 0 1
4032 13 63 2 63 63 0 1
4032 14 63 2 63 63 0 1
4032 17 63 2 63 63 0 1
4032 14 63 2 63 63 0 1
4032 16 63 2 63 63 0 1
4032 14 63 2 63 63 0 1
4032 15 63 2 63 63 0 1
4032 16 63 2 63 63 0 1
4032 17 63 2 63 63 0 1
4032 18 63 2 63 63 0 1
4032 15 63 2 63 63 0 1
4032 16 63 3 63 63 0 1
4032 16 63 3 63 63 0 1
4032 17 63 3 63 63 0 1
4032 19 63 3 63 63 0 1
4032 18 63 3 63 63 0 1
4032 18 63 3 63 63 0 1
4032 18 63 3 63 63 0 1
4032 17 63 3 63 63 0 1
4032 17 63 3 63 63 0 1
4032 18 63 3 63 63 0 1
4032 17 63 3 63 63 0 1
4032 15 63 3 63 63 0 1
4032 15 63 3 63 63 0 1
4032 16 63 3 63 63 0 1
4032 15 63 3 63 63 0 1
4032 17 63 3 63 63 0 1
4032 20 63 3 63 63 0 1
4032 21 63 3 63 63 0 1
4032 20 63 3 63 63 0 1
4032 21 63 3 63 63 0 1
4032 25 63 3 63 63 0 1
4032 27 63 3 63 63 0 1
4032 25 63 3 63 63 0 1
4032 27 63 3 63 63 0 1
4032 26 63 3 63 63 0 1
4032 23 63 3 63 63 0 1
4032 24 63 3 63 63 0 1
4032 24 63 3 63 63 0 1
4032 23 63 3 63 63 0 1
4032 25 63 3 63 63 0 1
4032 24 63 3 63 63 0 1
4032 23 63 3 63 63 0 1
4032 23 63 3 63 63 0 1
4032 25 63 3 63 63 0 1
4032 26 63 3 63 63 0 1
4032 26 63 3 63 63 0 1
4032 27 63 3 63 63 0 1
4032 26 63 3 63 63 0 1
4032 26 63 3 63 63 0 1
4032 26 63 3 63 63 0 1
4032 30 63 3 63 63 0 1
4032 29 63 3 63 63 0 1
4032 27 63 3 63 63 0 1
4032 28 63 3 63 63 0 1
4032 31 63 4 63 63 0 1
4032 34 63 4 63 63 0 2
4032 35 63 4 63 63 0 2
4032 33 63 4 63 63 0 1
4032 33 63 4 63 63 0 1
4032 32 63 4 63 63 0 1
4032 38 63 4 63 63 0 2
4032 36 63 4 63 63 0 2
4032 34 63 4 63 63 0 2
4032 34 63 4 63 63 0 2
4032 34 63 4 63 63 0 2
4032 36 63 4 63 63 0 2
4032 34 63 4 63 63 0 2
4032 33 63 4 63 63 0 2
4032 32 63 4 63 63 0 1
4032 33 63 4 63 63 0 1
4032 34 63 4 63 63 0 1
4032 32 63 4 63 63 0 1
4032 30 63 4 63 63 0 1
4032 33 63 4 63 63 0 1
4032 37 63 4 63 63 0 2
4032 34 63 4 63 63 0 1
4032 36 63 4 63 63 0 2
4032 33 63 4 63 63 0 1
4032 31 63 4 63 63 0 1
4032 32 63 4 63 63 0 1
4032 31 63 4 63 63 0 1
4032 29 63 4 63 63 0 1
4032 30 63 4 63 63 0 1
4032 33 63 4 63 63 0 1
4032 33 63 4 63 63 0 1
4032 34 63 4 63 63 0 1
4032 33 63 4 63 63 0 1
4032 32 63 4 63 63 0 1
4032 32 63 4 63 63 0 1
4032 31 63 4 63 63 0 1
4032 30 63 4 63 63 0 1
4032 30 63 4 63 63 0 1
4032 32 63 4 63 63 0 1
4032 30 63 4 63 63 0 1
4032 30 63 4 63 63 0 1
4032 29 63 4 63 63 0 1
4032 28 63 4 63 63 0 1
4032 30 63 4 63 63 0 1
4032 31 63 4 63 63 0 1
4032 31 63 4 63 63 0 1
4032 32 63 4 63 63 0 1
4032 30 63 3 63 63 0 1
4032 31 63 3 63 63 0 1
4032 32 63 3 63 63 0 1
4032 29 63 3 63 63 0 1
4032 28 63 3 63 63 0 1
4032 28 63 3 63 63 0 1
4032 27 63 3 63 63 0 1
4032 24 63 3 63 63 0 1
4032 23 63 3 63 63 0 1
4032 25 63 3 63 63 0 1
4032 26 63 3 63 63 0 1
4032 27 63 3 63 63 0 1
4032 27 63 3 63 63 0 1
4032 27 63 3 63 63 0 1
4032 28 63 3 63 63 0 1
4032 29 63 3 63 63 0 1
4032 29 63 3 63 63 0 1
4032 29 63 3 63 63 0 1
4032 30 63 3 63 63 0 1
4032 30 63 3 63 63 0 1
4032 32 63 3 63 63 0 2
4032 33 63 3 63 63 0 1
4032 33 63 3 63 63 0 1
4032 30 63 3 63 63 0 1
4032 30 63 3 63 63 0 1
4032 32 63 3 63 63 0 2
4032 31 63 4 63 63 0 2
4032 30 63 4 63 63 0 1
4032 30 63 4 63 63 0 1
4032 30 63 4 63 63 0 2
4032 28 63 4 63 63 0 1
4032 31 63 4 63 63 0 2
4032 32 63 4 63 63 0 2
4032 31 63 4 63 63 0 2
4032 31 63 4 63 63 0 2
4032 31 63 4 63 63 0 2
4032 30 63 4 63 63 0 2
4032 28 63 4 63 63 0 1
4032 28 63 4 63 63 0 1
4032 27 63 4 63 63 0 1
4032 27 63 4 63 63 0 1
4032 28 63 4 63 63 0 1
4032 30 63 4 63 63 0 1
4032 28 63 4 63 63 0 1
4032 27 63 4 63 63 0 1
4032 30 63 4 63 63 0 1
4032 32 63 4 63 63 0 1
4032 31 63 4 63 63 0 1
4032 31 63 4 63 63 0 1
4032 32 63 4 63 63 0 1
4032 30 63 4 63 63 0 1
4032 29 63 4 63 63 0 2
4032 28 63 4 63 63 0 2
4032 30 63 4 63 63 0 2
4032 31 63 4 63 63 0 2
4032 31 63 4 63 63 0 2
4032 32 63 5 63 63 0 2
4032 33 63 5 63 63 0 2
4032 33 63 5 63 63 0 2
4032 31 63 5 63 63 0 1
4032 32 63 5 63 63 0 2
4032 32 63 5 63 63 0 1
4032 31 63 5 63 63 0 1
4032 30 63 5 63 63 0 1
4032 31 63 5 63 63 0 1
4032 29 63 5 63 63 0 1
4032 30 63 5 63 63 0 1
4032 32 63 5 63 63 0 2
4032 31 63 5 63 63 0 1
4032 30 63 4 63 63 0 1
4032 30 63 4 63 63 0 1
4032 34 63 5 63 63 0 2
4032 34 63 5 63 63 0 2
4032 35 63 5 63 63 0 2
4032 33 63 5 63 63 0 1
4032 32 63 5 63 63 0 1
4032 30 63 5 63 63 0 1
4032 32 63 5 63 63 0 1
4032 31 63 5 63 63 0 1
4032 30 63 5 63 63 0 1
4032 29 63 5 63 63 0 1
4032 29 63 5 63 63 0 1
4032 31 63 5 63 63 0 1
4032 31 63 5 63 63 0 1
4032 31 63 5 63 63 0 2
4032 31 63 5 63 63 0 1
4032 30 63 5 63 63 0 1
4032 30 63 5 63 63 0 1
4032 32 63 5 63 63 0 1
4032 33 63 5 63 63 0 1
4032 32 63 5 63 63 0 2
4032 31 63 5 63 63 0 1
4032 31 63 5 63 63 0 2
4032 31 63 6 63 63 0 2
4032 37 63 6 63 63 0 2
4032 31 63 5 63 63 0 2
4032 35 63 5 63 63 0 2
4032 34 63 5 63 63 0 2
4032 31 63 5 63 63 0 1
4032 30 63 5 63 63 0 1
4032 30 63 5 63 63 0 1
4032 30 63 5 63 63 0 1
4032 29 63 5 63 63 0 1
4032 30 63 5 63 63 0 1
4032 30 63 5 63 63 0 1
4032 32 63 5 63 63 0 1
4032 30 63 4 63 63 0 1
4032 31 63 4 63 63 0 1
4032 34 63 4 63 63 0 1
4032 31 63 4 63 63 0 1
4032 33 63 5 63 63 0 1
4032 34 63 5 63 63 0 1
4032 33 63 5 63 63 0 1
4032 31 63 5 63 63 0 1
4032 32 63 5 63 63 0 1
4032 31 63 5 63 63 0 1
4032 30 63 5 63 63 0 1
4032 32 63 5 63 63 0 1
4032 31 63 5 63 63 0 1
4032 30 63 5 63 63 0 1
4032 28 63 5 63 63 0 1
4032 28 63 5 63 63 0 1
4032 26 63 5 63 63 0 1
4032 25 63 5 63 63 0 1
4032 26 63 5 63 63 0 1
4032 26 63 5 63 63 0 1
4032 26 63 5 63 63 0 1
4032 27 63 5 63 63 0 1
4032 25 63 5 63 63 0 1
4032 25 63 4 63 63 0 1
4032 27 63 4 63 63 0 1
4032 26 63 4 63 63 0 1
4032 28 63 4 63 63 0 1
4032 29 63 4 63 63 0 1
4032 28 63 4 63 63 0 1
4032 28 63 4 63 63 0 1
4032 28 63 4 63 63 0 1
4032 29 63 4 63 63 0 1
4032 29 63 4 63 63 0 1
4032 29 63 4 63 63 0 1
4032 31 63 4 63 63 0 1
4032 30 63 4 63 63 0 1
4032 27 63 4 63 63 0 1
4032 27 63 4 63 63 0 1
4032 27 63 4 63 63 0 1
4032 27 63 4 63 63 0 1
4032 28 63 4 63 63 0 1
4032 30 63 4 63 63 0 1
4032 32 63 4 63 63 0 1
4032 30 63 3 63 63 0 1
4032 29 63 3 63 63 0 1
4032 26 63 3 63 63 0 1
4032 22 63 3 63 63 0 1
4032 23 63 3 63 63 0 1
4032 23 63 3 63 63 0 1
4032 22 63 2 63 63 0 1
4032 22 63 2 63 63 0 1
4032 22 63 2 63 63 0 1
4032 24 63 2 63 63 0 1
4032 22 63 2 63 63 0 1
4032 21 63 2 63 63 0 1
4032 21 63 2 63 63 0 1
4032 24 63 2 63 63 0 1
4032 24 63 2 63 63 0 1
4032 22 63 2 63 63 0 1
4032 22 63 2 63 63 0 1
4032 20 63 2 63 63 0 1
4032 20 63 2 63 63 0 1
4032 20 63 2 63 63 0 1
4032 24 63 2 63 63 0 1
4032 23 63 2 63 63 0 1
4032 22 63 2 63 63 0 1
4032 21 63 2 63 63 0 1
4032 22 63 2 63 63 0 1
4032 25 63 2 63 63 0 1
4032 24 63 2 63 63 0 1
4032 26 63 2 63 63 0 1
4032 26 63 2 63 63 0 1
4032 24 63 2 63 63 0 1
4032 26 63 2 63 63 0 1
4032 21 63 2 63 63 0 1
4032 19 63 2 63 63 0 1
4032 20 63 3 63 63 0 1
4032 22 63 3 63 63 0 1
4032 19 63 2 63 63 0 1
4032 19 63 2 63 63 0 1
4032 17 63 2 63 63 0 1
4032 18 63 2 63 63 0 1
4032 18 63 2 63 63 0 1
4032 19 63 2 63 63 0 1
4032 21 63 2 63 63 0 1
4032 21 63 2 63 63 0 1
4032 20 63 2 63 63 0 1
4032 20 63 2 63 63 0 1
4032 20 63 2 63 63 0 1
4032 19 63 2 63 63 0 1
4032 20 63 2 63 63 0 1
4032 25 63 2 63 63 0 1
4032 25 63 2 63 63 0 1
4032 30 63 2 63 63 0 1
4032 24 63 2 63 63 0 1
4032 24 63 3 63 63 0 1
4032 25 63 3 63 63 0 1
4032 30 63 3 63 63 0 2
4032 28 63 3 63 63 0 1
4032 31 63 3 63 63 0 1
4032 29 63 3 63 63 0 1
4032 29 63 3 63 63 0 1
4032 31 63 3 63 63 0 1
4032 29 63 3 63 63 0 1
4032 27 63 3 63 63 0 1
4032 27 63 3 63 63 0 1
4032 28 63 3 63 63 0 1
4032 28 63 3 63 63 0 1
4032 28 63 3 63 63 0 1
4032 30 63 3 63 63 0 1
