0.038400 8 4 60
6.860800 5 0 1404
8.000000 5 0 1404
9.145600 5 0 1404
10.284800 5 0 1404
11.430400 5 0 1404
12.569600 5 0 1404
13.715200 5 0 1404
14.854400 5 0 1404
16.000000 5 0 1404
17.139200 5 0 1404
18.284800 5 0 1404
19.424000 5 0 1404
20.569600 5 0 1404
21.708800 5 0 1404
22.854400 5 0 1404
23.993600 5 0 1404
25.139200 5 0 1404
26.278400 5 0 1404
27.424000 5 0 1404
28.563200 5 0 1404
29.708800 5 0 1404
30.848000 5 0 1404
31.993600 5 0 1404
33.132800 5 0 1404
34.278400 5 0 1404
35.417600 5 0 1404
36.563200 5 0 1404
37.702400 5 0 1404
38.848000 5 0 1404
39.987200 5 0 1404
41.132800 5 0 1404
42.272000 5 0 1404
43.417600 5 0 1404
44.556800 5 0 1404
45.702400 5 0 1404
46.841600 5 0 1404
47.987200 5 0 1404
49.126400 5 0 1404
50.272000 5 0 1404
51.411200 5 0 1404
52.556800 5 0 1404
53.696000 5 0 1404
54.841600 5 0 1404
55.980800 5 0 1404
57.126400 5 0 1404
58.265600 5 0 1404
59.411200 5 0 1404
60.550400 5 0 1404
61.696000 5 0 1404
62.835200 5 0 1404
63.980800 5 0 1404
65.120000 5 0 1404
66.265600 5 0 1404
67.404800 5 0 1404
68.550400 5 0 1404
69.689600 5 0 1404
70.835200 5 0 1404
71.974400 5 0 1404
73.120000 5 0 1404
74.259200 5 0 1404
75.404800 5 0 1404
76.544000 5 0 1404
77.689600 5 0 1404
78.828800 5 0 1404
79.974400 5 0 1404
81.113600 5 0 1404
82.259200 5 0 1404
83.398400 5 0 1404
84.544000 5 0 1404
85.683200 5 0 1404
86.828800 5 0 1404
87.968000 5 0 1404
89.113600 5 0 1404
90.252800 5 0 1404
91.398400 5 0 1404
92.537600 5 0 1404
93.683200 5 0 1404
94.822400 5 0 1404
95.968000 5 0 1404
97.107200 5 0 1404
98.252800 5 0 1404
99.392000 5 0 1404
100.537600 5 0 1404
101.683200 5 0 1404
102.828800 5 0 1404
103.974400 5 0 1404
105.113600 5 0 1404
106.259200 5 0 1404
107.398400 5 0 1404
108.544000 5 0 1404
109.683200 5 0 1404
110.828800 5 0 1404
111.968000 5 0 1404
113.113600 5 0 1404
114.252800 5 0 1404
115.398400 5 0 1404
116.537600 5 0 1404
117.683200 5 0 1404
118.822400 5 0 1404
119.968000 5 0 1404
121.107200 5 0 1404
122.252800 5 0 1404
123.392000 5 0 1404
124.537600 5 0 1404
125.676800 5 0 1404
126.822400 5 0 1404
127.961600 5 0 1404
129.107200 5 0 1404
130.246400 5 0 1404
131.392000 5 0 1404
132.531200 5 0 1404
133.676800 5 0 1404
134.816000 5 0 1404
135.961600 5 0 1404
137.100800 5 0 1404
138.246400 5 0 1404
139.385600 5 0 1404
140.531200 5 0 1404
141.670400 5 0 1404
142.816000 5 0 1404
143.955200 5 0 1404
145.100800 5 0 1404
146.240000 5 0 1404
147.385600 5 0 1404
148.524800 5 0 1404
149.670400 5 0 1404
150.809600 5 0 1404
151.955200 5 0 1404
153.094400 5 0 1404
154.240000 5 0 1404
155.379200 5 0 1404
156.524800 5 0 1404
157.664000 5 0 1404
158.809600 5 0 1404
159.948800 5 0 1404
161.094400 5 0 1404
162.233600 5 0 1404
163.379200 5 0 1404
164.518400 5 0 1404
165.664000 5 0 1404
166.803200 5 0 1404
167.948800 5 0 1404
169.088000 5 0 1404
170.233600 5 0 1404
171.372800 5 0 1404
172.518400 5 0 1404
173.657600 5 0 1404
174.803200 5 0 1404
175.942400 5 0 1404
177.088000 5 0 1404
178.227200 5 0 1404
179.372800 5 0 1404
180.512000 5 0 1404
181.657600 5 0 1404
182.796800 5 0 1404
183.942400 5 0 1404
185.081600 5 0 1404
186.227200 5 0 1404
187.366400 5 0 1404
188.512000 5 0 1404
189.651200 5 0 1404
190.796800 5 0 1404
191.936000 5 0 1404
193.081600 5 0 1404
194.220800 5 0 1404
195.366400 5 0 1404
196.505600 5 0 1404
197.651200 5 0 1404
198.790400 5 0 1404
199.936000 5 0 1404
201.075200 5 0 1404
202.220800 5 0 1404
203.360000 5 0 1404
204.505600 5 0 1404
205.644800 5 0 1404
206.790400 5 0 1404
207.929600 5 0 1404
209.075200 5 0 1404
210.214400 5 0 1404
211.360000 5 0 1404
212.499200 5 0 1404
213.644800 5 0 1404
214.784000 5 0 1404
215.929600 5 0 1404
217.068800 5 0 1404
218.214400 5 0 1404
219.353600 5 0 1404
220.499200 5 0 1404
221.638400 5 0 1404
222.784000 5 0 1404
223.923200 5 0 1404
225.068800 5 0 1404
226.208000 5 0 1404
227.353600 5 0 1404
228.492800 5 0 1404
229.638400 5 0 1404
230.777600 5 0 1404
231.923200 5 0 1404
233.062400 5 0 1404
234.208000 5 0 1404
235.347200 5 0 1404
236.492800 5 0 1404
237.632000 5 0 1404
238.777600 5 0 1404
239.916800 5 0 1404
241.062400 5 0 1404
242.201600 5 0 1404
243.347200 5 0 1404
244.486400 5 0 1404
245.632000 5 0 1404
246.771200 5 0 1404
247.916800 5 0 1404
249.056000 5 0 1404
250.201600 5 0 1404
251.340800 5 0 1404
252.486400 5 0 1404
253.625600 5 0 1404
254.771200 5 0 1404
255.910400 5 0 1404
257.056000 5 0 1404
258.195200 5 0 1404
259.340800 5 0 1404
260.480000 5 0 1404
261.625600 5 0 1404
262.764800 5 0 1404
263.910400 5 0 1404
265.049600 5 0 1404
266.195200 5 0 1404
267.334400 5 0 1404
268.480000 5 0 1404
269.619200 5 0 1404
270.764800 5 0 1404
271.904000 5 0 1404
273.049600 5 0 1404
274.188800 5 0 1404
275.334400 5 0 1404
276.473600 5 0 1404
277.619200 5 0 1404
278.758400 5 0 1404
279.904000 5 0 1404
281.043200 5 0 1404
282.188800 5 0 1404
283.328000 5 0 1404
284.473600 5 0 1404
285.612800 5 0 1404
286.758400 5 0 1404
287.897600 5 0 1404
289.043200 5 0 1404
290.182400 5 0 1404
291.328000 5 0 1404
292.467200 5 0 1404
293.612800 5 0 1404
294.752000 5 0 1404
295.897600 5 0 1404
297.036800 5 0 1404
298.182400 5 0 1404
299.321600 5 0 1404
300.467200 5 0 1404
301.606400 5 0 1404
302.752000 5 0 1404
303.891200 5 0 1404
305.036800 5 0 1404
306.176000 5 0 1404
307.321600 5 0 1404
308.460800 5 0 1404
309.606400 5 0 1404
310.745600 5 0 1404
311.891200 5 0 1404
313.030400 5 0 1404
314.176000 5 0 1404
315.315200 5 0 1404
316.460800 5 0 1404
317.600000 5 0 1404
318.745600 5 0 1404
319.884800 5 0 1404
321.030400 5 0 1404
322.169600 5 0 1404
323.315200 5 0 1404
324.454400 5 0 1404
325.600000 5 0 1404
326.739200 5 0 1404
327.884800 5 0 1404
329.024000 5 0 1404
330.169600 5 0 1404
331.308800 5 0 1404
332.454400 5 0 1404
333.593600 5 0 1404
334.739200 5 0 1404
335.878400 5 0 1404
337.024000 5 0 1404
338.163200 5 0 1404
339.308800 5 0 1404
340.448000 5 0 1404
341.593600 5 0 1404
342.732800 5 0 1404
343.878400 5 0 1404
345.017600 5 0 1404
346.163200 5 0 1404
347.302400 5 0 1404
348.448000 5 0 1404
349.587200 5 0 1404
350.732800 5 0 1404
351.872000 5 0 1404
353.017600 5 0 1404
354.156800 5 0 1404
355.302400 5 0 1404
356.441600 5 0 1404
357.587200 5 0 1404
358.726400 5 0 1404
359.872000 5 0 1404
361.011200 5 0 1404
362.156800 5 0 1404
363.296000 5 0 1404
364.441600 5 0 1404
365.580800 5 0 1404
366.726400 5 0 1404
367.865600 5 0 1404
369.011200 5 0 1404
370.150400 5 0 1404
371.296000 5 0 1404
372.435200 5 0 1404
373.580800 5 0 1404
374.726400 5 0 1404
375.865600 5 0 1404
377.011200 5 0 1404
378.150400 5 0 1404
379.296000 5 0 1404
380.435200 5 0 1404
381.580800 5 0 1404
382.720000 5 0 1404
383.865600 5 0 1404
385.004800 5 0 1404
386.150400 5 0 1404
387.289600 5 0 1404
388.435200 5 0 1404
389.574400 5 0 1404
390.720000 5 0 1404
391.859200 5 0 1404
393.004800 5 0 1404
394.144000 5 0 1404
395.289600 5 0 1404
396.428800 5 0 1404
400.486400 5 0 1404
405.292800 5 0 1404
409.241600 5 0 1404
412.595200 5 0 1404
417.113600 5 0 1404
420.915200 5 0 1404
424.992000 5 0 1404
429.753600 5 0 1404
434.265600 5 0 1404
438.073600 5 0 1404
442.041600 5 0 1404
446.067200 5 0 1404
450.195200 5 0 1404
454.035200 5 0 1404
459.155200 5 0 1404
462.752000 5 0 1404
467.187200 5 0 1404
470.054400 8 4 60
471.078400 5 0 1404
474.988800 5 0 1404
500.038400 8 4 60
506.867200 4 0 1404
508.006400 4 0 1404
509.152000 4 0 1404
510.291200 4 0 1404
511.436800 4 0 1404
512.576000 4 0 1404
513.721600 4 0 1404
514.860800 4 0 1404
516.006400 4 0 1404
517.145600 4 0 1404
518.291200 4 0 1404
519.430400 4 0 1404
520.576000 4 0 1404
521.715200 4 0 1404
522.860800 4 0 1404
524.000000 4 0 1404
525.145600 4 0 1404
526.284800 4 0 1404
527.430400 4 0 1404
528.569600 4 0 1404
529.715200 4 0 1404
530.854400 4 0 1404
532.000000 4 0 1404
533.139200 4 0 1404
534.284800 4 0 1404
535.424000 4 0 1404
536.569600 4 0 1404
537.708800 4 0 1404
538.854400 4 0 1404
539.993600 4 0 1404
541.139200 4 0 1404
542.278400 4 0 1404
543.424000 4 0 1404
544.563200 4 0 1404
545.708800 4 0 1404
546.848000 4 0 1404
547.993600 4 0 1404
549.132800 4 0 1404
550.278400 4 0 1404
551.417600 4 0 1404
552.563200 4 0 1404
553.702400 4 0 1404
554.848000 4 0 1404
555.987200 4 0 1404
557.132800 4 0 1404
558.272000 4 0 1404
559.417600 4 0 1404
560.556800 4 0 1404
561.702400 4 0 1404
562.841600 4 0 1404
563.987200 4 0 1404
565.126400 4 0 1404
566.272000 4 0 1404
567.411200 4 0 1404
568.556800 4 0 1404
569.696000 4 0 1404
570.841600 4 0 1404
571.980800 4 0 1404
573.126400 4 0 1404
574.265600 4 0 1404
575.411200 4 0 1404
576.550400 4 0 1404
577.696000 4 0 1404
578.835200 4 0 1404
579.980800 4 0 1404
581.120000 4 0 1404
582.265600 4 0 1404
583.404800 4 0 1404
584.550400 4 0 1404
585.689600 4 0 1404
586.835200 4 0 1404
587.974400 4 0 1404
589.120000 4 0 1404
590.259200 4 0 1404
591.404800 4 0 1404
592.544000 4 0 1404
593.689600 4 0 1404
594.828800 4 0 1404
595.974400 4 0 1404
597.120000 4 0 1404
598.259200 4 0 1404
599.404800 4 0 1404
600.544000 4 0 1404
601.689600 4 0 1404
602.828800 4 0 1404
603.974400 4 0 1404
605.113600 4 0 1404
606.259200 4 0 1404
607.398400 4 0 1404
608.544000 4 0 1404
609.683200 4 0 1404
610.828800 4 0 1404
611.968000 4 0 1404
613.113600 4 0 1404
614.252800 4 0 1404
615.398400 4 0 1404
616.537600 4 0 1404
617.683200 4 0 1404
618.822400 4 0 1404
619.968000 4 0 1404
621.107200 4 0 1404
622.252800 4 0 1404
623.392000 4 0 1404
624.537600 4 0 1404
625.676800 4 0 1404
626.822400 4 0 1404
627.961600 4 0 1404
629.107200 4 0 1404
630.246400 4 0 1404
631.392000 4 0 1404
632.531200 4 0 1404
633.676800 4 0 1404
634.816000 4 0 1404
635.961600 4 0 1404
637.100800 4 0 1404
638.246400 4 0 1404
639.385600 4 0 1404
640.531200 4 0 1404
641.670400 4 0 1404
642.816000 4 0 1404
643.955200 4 0 1404
645.100800 4 0 1404
646.240000 4 0 1404
647.385600 4 0 1404
648.524800 4 0 1404
649.670400 4 0 1404
650.809600 4 0 1404
651.955200 4 0 1404
653.094400 4 0 1404
654.240000 4 0 1404
655.379200 4 0 1404
656.524800 4 0 1404
657.664000 4 0 1404
658.809600 4 0 1404
659.948800 4 0 1404
661.094400 4 0 1404
662.233600 4 0 1404
663.379200 4 0 1404
664.518400 4 0 1404
665.664000 4 0 1404
666.803200 4 0 1404
667.948800 4 0 1404
669.088000 4 0 1404
670.233600 4 0 1404
671.372800 4 0 1404
672.518400 4 0 1404
673.657600 4 0 1404
674.803200 4 0 1404
675.942400 4 0 1404
677.088000 4 0 1404
678.227200 4 0 1404
679.372800 4 0 1404
680.512000 4 0 1404
681.657600 4 0 1404
682.796800 4 0 1404
683.942400 4 0 1404
685.081600 4 0 1404
686.227200 4 0 1404
687.366400 4 0 1404
688.512000 4 0 1404
689.651200 4 0 1404
690.796800 4 0 1404
691.936000 4 0 1404
693.081600 4 0 1404
694.220800 4 0 1404
695.366400 4 0 1404
696.505600 4 0 1404
697.651200 4 0 1404
698.790400 4 0 1404
699.923200 8 5 70
699.987200 4 0 1404
701.120000 4 0 1404
702.252800 4 0 1404
703.385600 4 0 1404
704.518400 4 0 1404
705.651200 4 0 1404
706.790400 4 0 1404
707.929600 4 0 1404
709.075200 4 0 1404
710.214400 4 0 1404
711.360000 4 0 1404
712.499200 4 0 1404
713.644800 4 0 1404
714.784000 4 0 1404
715.929600 4 0 1404
717.068800 4 0 1404
718.214400 4 0 1404
719.353600 4 0 1404
720.499200 4 0 1404
721.638400 4 0 1404
722.784000 4 0 1404
723.923200 4 0 1404
725.068800 4 0 1404
726.208000 4 0 1404
727.353600 4 0 1404
728.492800 4 0 1404
729.638400 4 0 1404
730.777600 4 0 1404
731.923200 4 0 1404
733.062400 4 0 1404
734.208000 4 0 1404
735.347200 4 0 1404
736.492800 4 0 1404
737.632000 4 0 1404
738.777600 4 0 1404
739.916800 4 0 1404
741.062400 4 0 1404
742.201600 4 0 1404
743.347200 4 0 1404
744.486400 4 0 1404
745.632000 4 0 1404
746.771200 4 0 1404
747.916800 4 0 1404
749.056000 4 0 1404
750.201600 4 0 1404
751.340800 4 0 1404
752.486400 4 0 1404
753.625600 4 0 1404
754.771200 4 0 1404
755.910400 4 0 1404
757.056000 4 0 1404
758.195200 4 0 1404
759.340800 4 0 1404
760.480000 4 0 1404
761.625600 4 0 1404
762.764800 4 0 1404
763.910400 4 0 1404
765.049600 4 0 1404
766.195200 4 0 1404
767.334400 4 0 1404
768.480000 4 0 1404
769.619200 4 0 1404
770.764800 4 0 1404
771.904000 4 0 1404
773.049600 4 0 1404
774.188800 4 0 1404
775.334400 4 0 1404
776.473600 4 0 1404
777.619200 4 0 1404
778.758400 4 0 1404
779.904000 4 0 1404
781.043200 4 0 1404
782.188800 4 0 1404
783.328000 4 0 1404
784.473600 4 0 1404
785.612800 4 0 1404
786.758400 4 0 1404
787.897600 4 0 1404
789.043200 4 0 1404
790.182400 4 0 1404
791.328000 4 0 1404
792.467200 4 0 1404
793.612800 4 0 1404
794.752000 4 0 1404
795.897600 4 0 1404
797.036800 4 0 1404
798.182400 4 0 1404
799.321600 4 0 1404
800.467200 4 0 1404
801.606400 4 0 1404
802.752000 4 0 1404
803.891200 4 0 1404
805.036800 4 0 1404
806.176000 4 0 1404
807.321600 4 0 1404
808.460800 4 0 1404
809.606400 4 0 1404
810.745600 4 0 1404
811.891200 4 0 1404
813.030400 4 0 1404
814.176000 4 0 1404
815.315200 4 0 1404
816.460800 4 0 1404
817.600000 4 0 1404
818.745600 4 0 1404
819.884800 4 0 1404
821.030400 4 0 1404
822.169600 4 0 1404
823.315200 4 0 1404
824.454400 4 0 1404
825.600000 4 0 1404
826.739200 4 0 1404
827.884800 4 0 1404
829.024000 4 0 1404
830.169600 4 0 1404
831.308800 4 0 1404
832.454400 4 0 1404
833.593600 4 0 1404
834.739200 4 0 1404
835.884800 4 0 1404
837.030400 4 0 1404
838.169600 4 0 1404
839.315200 4 0 1404
840.454400 4 0 1404
841.600000 4 0 1404
842.739200 4 0 1404
843.884800 4 0 1404
845.024000 4 0 1404
846.169600 4 0 1404
847.308800 4 0 1404
848.454400 4 0 1404
849.593600 4 0 1404
850.739200 4 0 1404
851.878400 4 0 1404
853.024000 4 0 1404
854.163200 4 0 1404
855.308800 4 0 1404
856.448000 4 0 1404
857.593600 4 0 1404
858.732800 4 0 1404
859.878400 4 0 1404
861.017600 4 0 1404
862.163200 4 0 1404
863.302400 4 0 1404
864.448000 4 0 1404
865.587200 4 0 1404
866.732800 4 0 1404
867.872000 4 0 1404
869.017600 4 0 1404
870.156800 4 0 1404
871.302400 4 0 1404
872.441600 4 0 1404
873.587200 4 0 1404
874.726400 4 0 1404
875.872000 4 0 1404
877.011200 4 0 1404
878.156800 4 0 1404
879.296000 4 0 1404
880.441600 4 0 1404
881.580800 4 0 1404
882.726400 4 0 1404
883.865600 4 0 1404
885.011200 4 0 1404
886.150400 4 0 1404
887.296000 4 0 1404
888.435200 4 0 1404
889.580800 4 0 1404
890.720000 4 0 1404
891.865600 4 0 1404
893.004800 4 0 1404
894.150400 4 0 1404
895.289600 4 0 1404
896.435200 4 0 1404
899.993600 4 0 1404
904.153600 4 0 1404
907.948800 4 0 1404
911.660800 4 0 1404
916.902400 4 0 1404
921.100800 4 0 1404
924.697600 4 0 1404
928.889600 4 0 1404
932.576000 4 0 1404
937.344000 4 0 1404
941.907200 4 0 1404
946.028800 4 0 1404
949.708800 4 0 1404
954.003200 4 0 1404
957.555200 4 0 1404
961.651200 4 0 1404
965.465600 4 0 1404
970.054400 -1 2 64
970.112000 8 4 60
971.283200 4 0 1404
974.892800 4 0 1404
1000.038400 8 4 60
1006.848000 6 0 1404
1007.987200 6 0 1404
1009.132800 6 0 1404
1010.272000 6 0 1404
1011.417600 6 0 1404
1012.556800 6 0 1404
1013.702400 6 0 1404
1014.841600 6 0 1404
1015.987200 6 0 1404
1017.126400 6 0 1404
1018.272000 6 0 1404
1019.411200 6 0 1404
1020.556800 6 0 1404
1021.696000 6 0 1404
1022.841600 6 0 1404
1023.980800 6 0 1404
1025.126400 6 0 1404
1026.265600 6 0 1404
1027.411200 6 0 1404
1028.550400 6 0 1404
1029.696000 6 0 1404
1030.835200 6 0 1404
1031.980800 6 0 1404
1033.120000 6 0 1404
1034.265600 6 0 1404
1035.404800 6 0 1404
1036.550400 6 0 1404
1037.689600 6 0 1404
1038.835200 6 0 1404
1039.974400 6 0 1404
1041.120000 6 0 1404
1042.259200 6 0 1404
1043.404800 6 0 1404
1044.544000 6 0 1404
1045.689600 6 0 1404
1046.828800 6 0 1404
1047.974400 6 0 1404
1049.113600 6 0 1404
1050.259200 6 0 1404
1051.398400 6 0 1404
1052.544000 6 0 1404
1053.683200 6 0 1404
1054.828800 6 0 1404
1055.968000 6 0 1404
1057.113600 6 0 1404
1058.252800 6 0 1404
1059.398400 6 0 1404
1060.537600 6 0 1404
1061.683200 6 0 1404
1062.828800 6 0 1404
1063.974400 6 0 1404
1065.113600 6 0 1404
1066.259200 6 0 1404
1067.398400 6 0 1404
1068.544000 6 0 1404
1069.683200 6 0 1404
1070.828800 6 0 1404
1071.968000 6 0 1404
1073.113600 6 0 1404
1074.252800 6 0 1404
1075.398400 6 0 1404
1076.537600 6 0 1404
1077.683200 6 0 1404
1078.822400 6 0 1404
1079.968000 6 0 1404
1081.107200 6 0 1404
1082.252800 6 0 1404
1083.392000 6 0 1404
1084.537600 6 0 1404
1085.676800 6 0 1404
1086.822400 6 0 1404
1087.961600 6 0 1404
1089.107200 6 0 1404
1090.246400 6 0 1404
1091.392000 6 0 1404
1092.531200 6 0 1404
1093.676800 6 0 1404
1094.816000 6 0 1404
1095.961600 6 0 1404
1097.100800 6 0 1404
1098.246400 6 0 1404
1099.385600 6 0 1404
1100.531200 6 0 1404
1101.670400 6 0 1404
1102.816000 6 0 1404
1103.955200 6 0 1404
1105.100800 6 0 1404
1106.240000 6 0 1404
1107.385600 6 0 1404
1108.524800 6 0 1404
1109.670400 6 0 1404
1110.809600 6 0 1404
1111.955200 6 0 1404
1113.094400 6 0 1404
1114.240000 6 0 1404
1115.379200 6 0 1404
1116.524800 6 0 1404
1117.664000 6 0 1404
1118.809600 6 0 1404
1119.948800 6 0 1404
1121.094400 6 0 1404
1122.233600 6 0 1404
1123.379200 6 0 1404
1124.518400 6 0 1404
1125.664000 6 0 1404
1126.803200 6 0 1404
1127.948800 6 0 1404
1129.088000 6 0 1404
1130.233600 6 0 1404
1131.372800 6 0 1404
1132.518400 6 0 1404
1133.657600 6 0 1404
1134.803200 6 0 1404
1135.942400 6 0 1404
1137.088000 6 0 1404
1138.227200 6 0 1404
1139.372800 6 0 1404
1140.512000 6 0 1404
1141.657600 6 0 1404
1142.796800 6 0 1404
1143.942400 6 0 1404
1145.081600 6 0 1404
1146.227200 6 0 1404
1147.366400 6 0 1404
1148.512000 6 0 1404
1149.651200 6 0 1404
1150.796800 6 0 1404
1151.936000 6 0 1404
1153.081600 6 0 1404
1154.220800 6 0 1404
1155.366400 6 0 1404
1156.505600 6 0 1404
1157.651200 6 0 1404
1158.790400 6 0 1404
1159.936000 6 0 1404
1161.075200 6 0 1404
1162.220800 6 0 1404
1163.360000 6 0 1404
1164.505600 6 0 1404
1165.644800 6 0 1404
1166.790400 6 0 1404
1167.929600 6 0 1404
1169.075200 6 0 1404
1170.214400 6 0 1404
1171.360000 6 0 1404
1172.499200 6 0 1404
1173.644800 6 0 1404
1174.784000 6 0 1404
1175.929600 6 0 1404
1177.068800 6 0 1404
1178.214400 6 0 1404
1179.353600 6 0 1404
1180.499200 6 0 1404
1181.638400 6 0 1404
1182.784000 6 0 1404
1183.923200 6 0 1404
1185.068800 6 0 1404
1186.208000 6 0 1404
1187.353600 6 0 1404
1188.492800 6 0 1404
1189.638400 6 0 1404
1190.777600 6 0 1404
1191.923200 6 0 1404
1193.062400 6 0 1404
1194.208000 6 0 1404
1195.347200 6 0 1404
1196.492800 6 0 1404
1197.632000 6 0 1404
1198.777600 6 0 1404
1199.916800 6 0 1404
1201.062400 6 0 1404
1202.201600 6 0 1404
1203.347200 6 0 1404
1204.486400 6 0 1404
1205.632000 6 0 1404
1206.771200 6 0 1404
1207.916800 6 0 1404
1209.056000 6 0 1404
1210.201600 6 0 1404
1211.340800 6 0 1404
1212.486400 6 0 1404
1213.625600 6 0 1404
1214.771200 6 0 1404
1215.910400 6 0 1404
1217.056000 6 0 1404
1218.195200 6 0 1404
1219.340800 6 0 1404
1220.480000 6 0 1404
1221.625600 6 0 1404
1222.764800 6 0 1404
1223.910400 6 0 1404
1225.049600 6 0 1404
1226.195200 6 0 1404
1227.334400 6 0 1404
1228.480000 6 0 1404
1229.619200 6 0 1404
1230.764800 6 0 1404
1231.904000 6 0 1404
1233.049600 6 0 1404
1234.188800 6 0 1404
1235.334400 6 0 1404
1236.473600 6 0 1404
1237.619200 6 0 1404
1238.758400 6 0 1404
1239.904000 6 0 1404
1241.043200 6 0 1404
1242.188800 6 0 1404
1243.328000 6 0 1404
1244.473600 6 0 1404
1245.612800 6 0 1404
1246.758400 6 0 1404
1247.897600 6 0 1404
1249.043200 6 0 1404
1250.182400 6 0 1404
1251.328000 6 0 1404
1252.467200 6 0 1404
1253.612800 6 0 1404
1254.752000 6 0 1404
1255.897600 6 0 1404
1257.036800 6 0 1404
1258.182400 6 0 1404
1259.321600 6 0 1404
1260.467200 6 0 1404
1261.606400 6 0 1404
1262.752000 6 0 1404
1263.891200 6 0 1404
1265.036800 6 0 1404
1266.176000 6 0 1404
1267.321600 6 0 1404
1268.460800 6 0 1404
1269.606400 6 0 1404
1270.745600 6 0 1404
1271.891200 6 0 1404
1273.030400 6 0 1404
1274.176000 6 0 1404
1275.315200 6 0 1404
1276.460800 6 0 1404
1277.600000 6 0 1404
1278.745600 6 0 1404
1279.884800 6 0 1404
1281.030400 6 0 1404
1282.169600 6 0 1404
1283.315200 6 0 1404
1284.454400 6 0 1404
1285.600000 6 0 1404
1286.739200 6 0 1404
1287.884800 6 0 1404
1289.030400 6 0 1404
1290.169600 6 0 1404
1291.315200 6 0 1404
1292.454400 6 0 1404
1293.600000 6 0 1404
1294.739200 6 0 1404
1295.884800 6 0 1404
1297.024000 6 0 1404
1298.169600 6 0 1404
1299.308800 6 0 1404
1300.454400 6 0 1404
1301.593600 6 0 1404
1302.739200 6 0 1404
1303.878400 6 0 1404
1305.024000 6 0 1404
1306.163200 6 0 1404
1307.308800 6 0 1404
1308.448000 6 0 1404
1309.593600 6 0 1404
1310.732800 6 0 1404
1311.878400 6 0 1404
1313.017600 6 0 1404
1314.163200 6 0 1404
1315.302400 6 0 1404
1316.448000 6 0 1404
1317.587200 6 0 1404
1318.732800 6 0 1404
1319.872000 6 0 1404
1321.017600 6 0 1404
1322.156800 6 0 1404
1323.302400 6 0 1404
1324.441600 6 0 1404
1325.587200 6 0 1404
1326.726400 6 0 1404
1327.872000 6 0 1404
1329.011200 6 0 1404
1330.156800 6 0 1404
1331.296000 6 0 1404
1332.441600 6 0 1404
1333.580800 6 0 1404
1334.726400 6 0 1404
1335.865600 6 0 1404
1337.011200 6 0 1404
1338.150400 6 0 1404
1339.296000 6 0 1404
1340.435200 6 0 1404
1341.580800 6 0 1404
1342.720000 6 0 1404
1343.865600 6 0 1404
1345.004800 6 0 1404
1346.150400 6 0 1404
1347.289600 6 0 1404
1348.435200 6 0 1404
1349.574400 6 0 1404
1350.720000 6 0 1404
1351.859200 6 0 1404
1353.004800 6 0 1404
1354.144000 6 0 1404
1355.289600 6 0 1404
1356.428800 6 0 1404
1357.574400 6 0 1404
1358.713600 6 0 1404
1359.859200 6 0 1404
1360.998400 6 0 1404
1362.144000 6 0 1404
1363.283200 6 0 1404
1364.428800 6 0 1404
1365.568000 6 0 1404
1366.713600 6 0 1404
1367.852800 6 0 1404
1368.998400 6 0 1404
1370.137600 6 0 1404
1371.283200 6 0 1404
1372.422400 6 0 1404
1373.568000 6 0 1404
1374.707200 6 0 1404
1375.852800 6 0 1404
1376.992000 6 0 1404
1378.137600 6 0 1404
1379.276800 6 0 1404
1380.422400 6 0 1404
1381.561600 6 0 1404
1382.707200 6 0 1404
1383.846400 6 0 1404
1384.992000 6 0 1404
1386.131200 6 0 1404
1387.276800 6 0 1404
1388.416000 6 0 1404
1389.561600 6 0 1404
1390.700800 6 0 1404
1391.846400 6 0 1404
1392.985600 6 0 1404
1394.131200 6 0 1404
1395.270400 6 0 1404
1396.416000 6 0 1404
1398.790400 6 0 1404
1403.648000 6 0 1404
1407.942400 6 0 1404
1411.564800 6 0 1404
1415.539200 6 0 1404
1419.475200 6 0 1404
1423.590400 6 0 1404
1428.582400 6 0 1404
1432.940800 6 0 1404
1436.652800 6 0 1404
1440.716800 6 0 1404
1444.569600 6 0 1404
1448.787200 6 0 1404
1452.505600 6 0 1404
1457.894400 6 0 1404
1461.612800 6 0 1404
1465.491200 6 0 1404
1469.574400 6 0 1404
1470.707200 8 4 60
1473.715200 6 0 1404
1500.038400 8 4 60
1506.854400 5 0 1404
1508.000000 5 0 1404
1509.145600 5 0 1404
1510.284800 5 0 1404
1511.430400 5 0 1404
1512.569600 5 0 1404
1513.715200 5 0 1404
1514.854400 5 0 1404
1516.000000 5 0 1404
1517.139200 5 0 1404
1518.284800 5 0 1404
1519.424000 5 0 1404
1520.569600 5 0 1404
1521.708800 5 0 1404
1522.854400 5 0 1404
1523.993600 5 0 1404
1525.139200 5 0 1404
1526.278400 5 0 1404
1527.424000 5 0 1404
1528.563200 5 0 1404
1529.708800 5 0 1404
1530.848000 5 0 1404
1531.993600 5 0 1404
1533.132800 5 0 1404
1534.278400 5 0 1404
1535.417600 5 0 1404
1536.563200 5 0 1404
1537.702400 5 0 1404
1538.848000 5 0 1404
1539.987200 5 0 1404
1541.132800 5 0 1404
1542.272000 5 0 1404
1543.417600 5 0 1404
1544.556800 5 0 1404
1545.702400 5 0 1404
1546.841600 5 0 1404
1547.987200 5 0 1404
1549.126400 5 0 1404
1550.272000 5 0 1404
1551.411200 5 0 1404
1552.556800 5 0 1404
1553.696000 5 0 1404
1554.841600 5 0 1404
1555.980800 5 0 1404
1557.126400 5 0 1404
1558.265600 5 0 1404
1559.411200 5 0 1404
1560.550400 5 0 1404
1561.696000 5 0 1404
1562.835200 5 0 1404
1563.980800 5 0 1404
1565.120000 5 0 1404
1566.265600 5 0 1404
1567.404800 5 0 1404
1568.550400 5 0 1404
1569.689600 5 0 1404
1570.835200 5 0 1404
1571.974400 5 0 1404
1573.120000 5 0 1404
1574.259200 5 0 1404
1575.404800 5 0 1404
1576.544000 5 0 1404
1577.689600 5 0 1404
1578.828800 5 0 1404
1579.974400 5 0 1404
1581.113600 5 0 1404
1582.259200 5 0 1404
1583.398400 5 0 1404
1584.544000 5 0 1404
1585.683200 5 0 1404
1586.828800 5 0 1404
1587.968000 5 0 1404
1589.113600 5 0 1404
1590.252800 5 0 1404
1591.398400 5 0 1404
1592.537600 5 0 1404
1593.683200 5 0 1404
1594.822400 5 0 1404
1595.968000 5 0 1404
1597.107200 5 0 1404
1598.252800 5 0 1404
1599.392000 5 0 1404
1600.537600 5 0 1404
1601.676800 5 0 1404
1602.822400 5 0 1404
1603.961600 5 0 1404
1605.107200 5 0 1404
1606.246400 5 0 1404
1607.392000 5 0 1404
1608.531200 5 0 1404
1609.676800 5 0 1404
1610.816000 5 0 1404
1611.961600 5 0 1404
1613.100800 5 0 1404
1614.246400 5 0 1404
1615.385600 5 0 1404
1616.531200 5 0 1404
1617.670400 5 0 1404
1618.816000 5 0 1404
1619.955200 5 0 1404
1621.100800 5 0 1404
1622.240000 5 0 1404
1623.385600 5 0 1404
1624.524800 5 0 1404
1625.670400 5 0 1404
1626.809600 5 0 1404
1627.955200 5 0 1404
1629.094400 5 0 1404
1630.240000 5 0 1404
1631.379200 5 0 1404
1632.524800 5 0 1404
1633.664000 5 0 1404
1634.809600 5 0 1404
1635.948800 5 0 1404
1637.094400 5 0 1404
1638.233600 5 0 1404
1639.379200 5 0 1404
1640.518400 5 0 1404
1641.664000 5 0 1404
1642.803200 5 0 1404
1643.948800 5 0 1404
1645.088000 5 0 1404
1646.233600 5 0 1404
1647.372800 5 0 1404
1648.518400 5 0 1404
1649.657600 5 0 1404
1650.803200 5 0 1404
1651.942400 5 0 1404
1653.088000 5 0 1404
1654.227200 5 0 1404
1655.372800 5 0 1404
1656.512000 5 0 1404
1657.657600 5 0 1404
1658.796800 5 0 1404
1659.942400 5 0 1404
1661.081600 5 0 1404
1662.227200 5 0 1404
1663.366400 5 0 1404
1664.512000 5 0 1404
1665.651200 5 0 1404
1666.796800 5 0 1404
1667.936000 5 0 1404
1669.081600 5 0 1404
1670.220800 5 0 1404
1671.366400 5 0 1404
1672.505600 5 0 1404
1673.651200 5 0 1404
1674.790400 5 0 1404
1675.936000 5 0 1404
1677.075200 5 0 1404
1678.220800 5 0 1404
1679.360000 5 0 1404
1680.505600 5 0 1404
1681.644800 5 0 1404
1682.790400 5 0 1404
1683.929600 5 0 1404
1685.075200 5 0 1404
1686.214400 5 0 1404
1687.360000 5 0 1404
1688.499200 5 0 1404
1689.644800 5 0 1404
1690.784000 5 0 1404
1691.929600 5 0 1404
1693.068800 5 0 1404
1694.214400 5 0 1404
1695.353600 5 0 1404
1696.499200 5 0 1404
1697.638400 5 0 1404
1698.784000 5 0 1404
1699.923200 5 0 1404
1701.068800 5 0 1404
1702.208000 5 0 1404
1703.353600 5 0 1404
1704.492800 5 0 1404
1705.638400 5 0 1404
1706.777600 5 0 1404
1707.923200 5 0 1404
1709.062400 5 0 1404
1710.208000 5 0 1404
1711.347200 5 0 1404
1712.492800 5 0 1404
1713.632000 5 0 1404
1714.777600 5 0 1404
1715.916800 5 0 1404
1717.062400 5 0 1404
1718.201600 5 0 1404
1719.347200 5 0 1404
1720.486400 5 0 1404
1721.632000 5 0 1404
1722.771200 5 0 1404
1723.916800 5 0 1404
1725.056000 5 0 1404
1726.201600 5 0 1404
1727.340800 5 0 1404
1728.486400 5 0 1404
1729.625600 5 0 1404
1730.771200 5 0 1404
1731.910400 5 0 1404
1733.056000 5 0 1404
1734.195200 5 0 1404
1735.340800 5 0 1404
1736.480000 5 0 1404
1737.625600 5 0 1404
1738.764800 5 0 1404
1739.910400 5 0 1404
1741.056000 5 0 1404
1742.201600 5 0 1404
1743.340800 5 0 1404
1744.486400 5 0 1404
1745.625600 5 0 1404
1746.771200 5 0 1404
1747.910400 5 0 1404
1749.056000 5 0 1404
1750.195200 5 0 1404
1751.340800 5 0 1404
1752.480000 5 0 1404
1753.625600 5 0 1404
1754.764800 5 0 1404
1755.910400 5 0 1404
1757.049600 5 0 1404
1758.195200 5 0 1404
1759.334400 5 0 1404
1760.480000 5 0 1404
1761.619200 5 0 1404
1762.764800 5 0 1404
1763.904000 5 0 1404
1765.049600 5 0 1404
1766.188800 5 0 1404
1767.334400 5 0 1404
1768.473600 5 0 1404
1769.619200 5 0 1404
1770.758400 5 0 1404
1771.904000 5 0 1404
1773.043200 5 0 1404
1774.188800 5 0 1404
1775.328000 5 0 1404
1776.473600 5 0 1404
1777.612800 5 0 1404
1778.758400 5 0 1404
1779.897600 5 0 1404
1781.043200 5 0 1404
1782.182400 5 0 1404
1783.328000 5 0 1404
1784.467200 5 0 1404
1785.612800 5 0 1404
1786.752000 5 0 1404
1787.897600 5 0 1404
1789.036800 5 0 1404
1790.182400 5 0 1404
1791.321600 5 0 1404
1792.467200 5 0 1404
1793.606400 5 0 1404
1794.752000 5 0 1404
1795.891200 5 0 1404
1797.036800 5 0 1404
1798.176000 5 0 1404
1799.321600 5 0 1404
1800.460800 5 0 1404
1801.606400 5 0 1404
1802.745600 5 0 1404
1803.891200 5 0 1404
1805.030400 5 0 1404
1806.176000 5 0 1404
1807.315200 5 0 1404
1808.460800 5 0 1404
1809.600000 5 0 1404
1810.745600 5 0 1404
1811.884800 5 0 1404
1813.030400 5 0 1404
1814.169600 5 0 1404
1815.315200 5 0 1404
1816.454400 5 0 1404
1817.600000 5 0 1404
1818.739200 5 0 1404
1819.884800 5 0 1404
1821.024000 5 0 1404
1822.169600 5 0 1404
1823.308800 5 0 1404
1824.454400 5 0 1404
1825.593600 5 0 1404
1826.739200 5 0 1404
1827.878400 5 0 1404
1829.024000 5 0 1404
1830.163200 5 0 1404
1831.308800 5 0 1404
1832.448000 5 0 1404
1833.593600 5 0 1404
1834.732800 5 0 1404
1835.878400 5 0 1404
1837.017600 5 0 1404
1838.163200 5 0 1404
1839.302400 5 0 1404
1840.448000 5 0 1404
1841.587200 5 0 1404
1842.732800 5 0 1404
1843.872000 5 0 1404
1845.017600 5 0 1404
1846.156800 5 0 1404
1847.302400 5 0 1404
1848.441600 5 0 1404
1849.587200 5 0 1404
1850.726400 5 0 1404
1851.872000 5 0 1404
1853.011200 5 0 1404
1854.156800 5 0 1404
1855.296000 5 0 1404
1856.441600 5 0 1404
1857.580800 5 0 1404
1858.726400 5 0 1404
1859.865600 5 0 1404
1861.011200 5 0 1404
1862.150400 5 0 1404
1863.296000 5 0 1404
1864.435200 5 0 1404
1865.580800 5 0 1404
1866.720000 5 0 1404
1867.865600 5 0 1404
1869.004800 5 0 1404
1870.150400 5 0 1404
1871.289600 5 0 1404
1872.435200 5 0 1404
1873.574400 5 0 1404
1874.720000 5 0 1404
1875.859200 5 0 1404
1877.004800 5 0 1404
1878.144000 5 0 1404
1879.289600 5 0 1404
1880.428800 5 0 1404
1881.574400 5 0 1404
1882.713600 5 0 1404
1883.859200 5 0 1404
1884.998400 5 0 1404
1886.144000 5 0 1404
1887.283200 5 0 1404
1888.428800 5 0 1404
1889.568000 5 0 1404
1890.713600 5 0 1404
1891.852800 5 0 1404
1892.998400 5 0 1404
1894.137600 5 0 1404
1895.283200 5 0 1404
1896.422400 5 0 1404
1900.236800 5 0 1404
1904.160000 5 0 1404
1907.840000 5 0 1404
1913.075200 5 0 1404
1916.908800 5 0 1404
1920.908800 5 0 1404
1924.748800 5 0 1404
1929.241600 5 0 1404
1932.953600 5 0 1404
1937.881600 5 0 1404
1941.561600 5 0 1404
1946.092800 5 0 1404
1949.862400 5 0 1404
1953.977600 5 0 1404
1957.721600 5 0 1404
1962.150400 5 0 1404
1967.014400 5 0 1404
1970.054400 8 4 60
1970.873600 5 0 1404
1974.790400 5 0 1404
2000.038400 8 4 60
2006.867200 4 0 1404
2008.006400 4 0 1404
2009.152000 4 0 1404
2010.291200 4 0 1404
2011.436800 4 0 1404
2012.576000 4 0 1404
2013.721600 4 0 1404
2014.860800 4 0 1404
2016.006400 4 0 1404
2017.145600 4 0 1404
2018.291200 4 0 1404
2019.430400 4 0 1404
2020.576000 4 0 1404
2021.715200 4 0 1404
2022.860800 4 0 1404
2024.000000 4 0 1404
2025.145600 4 0 1404
2026.284800 4 0 1404
2027.430400 4 0 1404
2028.569600 4 0 1404
2029.715200 4 0 1404
2030.854400 4 0 1404
2032.000000 4 0 1404
2033.139200 4 0 1404
2034.284800 4 0 1404
2035.424000 4 0 1404
2036.569600 4 0 1404
2037.708800 4 0 1404
2038.854400 4 0 1404
2039.993600 4 0 1404
2041.139200 4 0 1404
2042.278400 4 0 1404
2043.424000 4 0 1404
2044.563200 4 0 1404
2045.708800 4 0 1404
2046.854400 4 0 1404
2047.993600 4 0 1404
2049.139200 4 0 1404
2050.278400 4 0 1404
2051.424000 4 0 1404
2052.563200 4 0 1404
2053.708800 4 0 1404
2054.848000 4 0 1404
2055.993600 4 0 1404
2057.132800 4 0 1404
2058.278400 4 0 1404
2059.417600 4 0 1404
2060.563200 4 0 1404
2061.702400 4 0 1404
2062.848000 4 0 1404
2063.987200 4 0 1404
2065.132800 4 0 1404
2066.272000 4 0 1404
2067.417600 4 0 1404
2068.556800 4 0 1404
2069.702400 4 0 1404
2070.841600 4 0 1404
2071.987200 4 0 1404
2073.126400 4 0 1404
2074.272000 4 0 1404
2075.411200 4 0 1404
2076.556800 4 0 1404
2077.696000 4 0 1404
2078.841600 4 0 1404
2079.980800 4 0 1404
2081.126400 4 0 1404
2082.265600 4 0 1404
2083.411200 4 0 1404
2084.550400 4 0 1404
2085.696000 4 0 1404
2086.835200 4 0 1404
2087.980800 4 0 1404
2089.120000 4 0 1404
2090.265600 4 0 1404
2091.404800 4 0 1404
2092.550400 4 0 1404
2093.689600 4 0 1404
2094.835200 4 0 1404
2095.974400 4 0 1404
2097.120000 4 0 1404
2098.259200 4 0 1404
2099.404800 4 0 1404
2100.544000 4 0 1404
2101.689600 4 0 1404
2102.828800 4 0 1404
2103.974400 4 0 1404
2105.113600 4 0 1404
2106.259200 4 0 1404
2107.398400 4 0 1404
2108.544000 4 0 1404
2109.683200 4 0 1404
2110.828800 4 0 1404
2111.968000 4 0 1404
2113.113600 4 0 1404
2114.252800 4 0 1404
2115.398400 4 0 1404
2116.537600 4 0 1404
2117.683200 4 0 1404
2118.822400 4 0 1404
2119.968000 4 0 1404
2121.107200 4 0 1404
2122.252800 4 0 1404
2123.392000 4 0 1404
2124.537600 4 0 1404
2125.676800 4 0 1404
2126.822400 4 0 1404
2127.961600 4 0 1404
2129.107200 4 0 1404
2130.246400 4 0 1404
2131.392000 4 0 1404
2132.531200 4 0 1404
2133.676800 4 0 1404
2134.816000 4 0 1404
2135.961600 4 0 1404
2137.100800 4 0 1404
2138.246400 4 0 1404
2139.385600 4 0 1404
2140.531200 4 0 1404
2141.670400 4 0 1404
2142.816000 4 0 1404
2143.955200 4 0 1404
2145.100800 4 0 1404
2146.240000 4 0 1404
2147.385600 4 0 1404
2148.524800 4 0 1404
2149.670400 4 0 1404
2150.809600 4 0 1404
2151.955200 4 0 1404
2153.094400 4 0 1404
2154.240000 4 0 1404
2155.379200 4 0 1404
2156.524800 4 0 1404
2157.664000 4 0 1404
2158.809600 4 0 1404
2159.948800 4 0 1404
2161.094400 4 0 1404
2162.233600 4 0 1404
2163.379200 4 0 1404
2164.518400 4 0 1404
2165.664000 4 0 1404
2166.803200 4 0 1404
2167.948800 4 0 1404
2169.088000 4 0 1404
2170.233600 4 0 1404
2171.372800 4 0 1404
2172.518400 4 0 1404
2173.657600 4 0 1404
2174.803200 4 0 1404
2175.942400 4 0 1404
2177.088000 4 0 1404
2178.227200 4 0 1404
2179.372800 4 0 1404
2180.512000 4 0 1404
2181.657600 4 0 1404
2182.796800 4 0 1404
2183.942400 4 0 1404
2185.081600 4 0 1404
2186.227200 4 0 1404
2187.366400 4 0 1404
2188.512000 4 0 1404
2189.651200 4 0 1404
2190.796800 4 0 1404
2191.936000 4 0 1404
2193.081600 4 0 1404
2194.220800 4 0 1404
2195.366400 4 0 1404
2196.505600 4 0 1404
2197.651200 4 0 1404
2198.790400 4 0 1404
2199.923200 8 5 70
2199.987200 4 0 1404
2201.120000 4 0 1404
2202.252800 4 0 1404
2203.385600 4 0 1404
2204.518400 4 0 1404
2205.651200 4 0 1404
2206.790400 4 0 1404
2207.929600 4 0 1404
2209.075200 4 0 1404
2210.214400 4 0 1404
2211.360000 4 0 1404
2212.499200 4 0 1404
2213.644800 4 0 1404
2214.784000 4 0 1404
2215.929600 4 0 1404
2217.068800 4 0 1404
2218.214400 4 0 1404
2219.353600 4 0 1404
2220.499200 4 0 1404
2221.638400 4 0 1404
2222.784000 4 0 1404
2223.923200 4 0 1404
2225.068800 4 0 1404
2226.208000 4 0 1404
2227.353600 4 0 1404
2228.492800 4 0 1404
2229.638400 4 0 1404
2230.777600 4 0 1404
2231.923200 4 0 1404
2233.062400 4 0 1404
2234.208000 4 0 1404
2235.347200 4 0 1404
2236.492800 4 0 1404
2237.632000 4 0 1404
2238.777600 4 0 1404
2239.916800 4 0 1404
2241.062400 4 0 1404
2242.201600 4 0 1404
2243.347200 4 0 1404
2244.486400 4 0 1404
2245.632000 4 0 1404
2246.771200 4 0 1404
2247.916800 4 0 1404
2249.056000 4 0 1404
2250.201600 4 0 1404
2251.340800 4 0 1404
2252.486400 4 0 1404
2253.625600 4 0 1404
2254.771200 4 0 1404
2255.910400 4 0 1404
2257.056000 4 0 1404
2258.195200 4 0 1404
2259.340800 4 0 1404
2260.480000 4 0 1404
2261.625600 4 0 1404
2262.764800 4 0 1404
2263.910400 4 0 1404
2265.049600 4 0 1404
2266.195200 4 0 1404
2267.334400 4 0 1404
2268.480000 4 0 1404
2269.619200 4 0 1404
2270.764800 4 0 1404
2271.904000 4 0 1404
2273.049600 4 0 1404
2274.188800 4 0 1404
2275.334400 4 0 1404
2276.473600 4 0 1404
2277.619200 4 0 1404
2278.758400 4 0 1404
2279.904000 4 0 1404
2281.043200 4 0 1404
2282.188800 4 0 1404
2283.328000 4 0 1404
2284.473600 4 0 1404
2285.619200 4 0 1404
2286.764800 4 0 1404
2287.904000 4 0 1404
2289.049600 4 0 1404
2290.188800 4 0 1404
2291.334400 4 0 1404
2292.473600 4 0 1404
2293.619200 4 0 1404
2294.758400 4 0 1404
2295.904000 4 0 1404
2297.043200 4 0 1404
2298.188800 4 0 1404
2299.328000 4 0 1404
2300.473600 4 0 1404
2301.612800 4 0 1404
2302.758400 4 0 1404
2303.897600 4 0 1404
2305.043200 4 0 1404
2306.182400 4 0 1404
2307.328000 4 0 1404
2308.467200 4 0 1404
2309.612800 4 0 1404
2310.752000 4 0 1404
2311.897600 4 0 1404
2313.036800 4 0 1404
2314.182400 4 0 1404
2315.321600 4 0 1404
2316.467200 4 0 1404
2317.606400 4 0 1404
2318.752000 4 0 1404
2319.891200 4 0 1404
2321.036800 4 0 1404
2322.176000 4 0 1404
2323.321600 4 0 1404
2324.460800 4 0 1404
2325.606400 4 0 1404
2326.745600 4 0 1404
2327.891200 4 0 1404
2329.030400 4 0 1404
2330.176000 4 0 1404
2331.315200 4 0 1404
2332.460800 4 0 1404
2333.600000 4 0 1404
2334.745600 4 0 1404
2335.884800 4 0 1404
2337.030400 4 0 1404
2338.169600 4 0 1404
2339.315200 4 0 1404
2340.454400 4 0 1404
2341.600000 4 0 1404
2342.739200 4 0 1404
2343.884800 4 0 1404
2345.024000 4 0 1404
2346.169600 4 0 1404
2347.308800 4 0 1404
2348.454400 4 0 1404
2349.593600 4 0 1404
2350.739200 4 0 1404
2351.878400 4 0 1404
2353.024000 4 0 1404
2354.163200 4 0 1404
2355.308800 4 0 1404
2356.448000 4 0 1404
2357.593600 4 0 1404
2358.732800 4 0 1404
2359.878400 4 0 1404
2361.017600 4 0 1404
2362.163200 4 0 1404
2363.302400 4 0 1404
2364.448000 4 0 1404
2365.587200 4 0 1404
2366.732800 4 0 1404
2367.872000 4 0 1404
2369.017600 4 0 1404
2370.156800 4 0 1404
2371.302400 4 0 1404
2372.441600 4 0 1404
2373.587200 4 0 1404
2374.726400 4 0 1404
2375.872000 4 0 1404
2377.011200 4 0 1404
2378.156800 4 0 1404
2379.296000 4 0 1404
2380.441600 4 0 1404
2381.580800 4 0 1404
2382.726400 4 0 1404
2383.865600 4 0 1404
2385.011200 4 0 1404
2386.150400 4 0 1404
2387.296000 4 0 1404
2388.435200 4 0 1404
2389.580800 4 0 1404
2390.720000 4 0 1404
2391.865600 4 0 1404
2393.004800 4 0 1404
2394.150400 4 0 1404
2395.289600 4 0 1404
2396.435200 4 0 1404
2399.884800 4 0 1404
2403.603200 4 0 1404
2407.910400 4 0 1404
2411.808000 4 0 1404
2416.198400 4 0 1404
2419.577600 4 0 1404
2425.222400 4 0 1404
2428.800000 4 0 1404
2432.934400 4 0 1404
2436.883200 4 0 1404
2440.339200 4 0 1404
2444.569600 4 0 1404
2449.849600 4 0 1404
2453.862400 4 0 1404
2457.811200 4 0 1404
2461.600000 4 0 1404
2465.696000 4 0 1404
2469.932800 4 0 1404
2471.065600 -1 2 64
2471.123200 8 4 60
2473.574400 4 0 1404
2500.038400 8 4 60
2506.854400 6 0 1404
2508.000000 6 0 1404
2509.139200 6 0 1404
2510.284800 6 0 1404
2511.424000 6 0 1404
2512.569600 6 0 1404
2513.708800 6 0 1404
2514.854400 6 0 1404
2515.993600 6 0 1404
2517.139200 6 0 1404
2518.278400 6 0 1404
2519.424000 6 0 1404
2520.563200 6 0 1404
2521.708800 6 0 1404
2522.848000 6 0 1404
2523.993600 6 0 1404
2525.132800 6 0 1404
2526.278400 6 0 1404
2527.417600 6 0 1404
2528.563200 6 0 1404
2529.702400 6 0 1404
2530.848000 6 0 1404
2531.987200 6 0 1404
2533.132800 6 0 1404
2534.272000 6 0 1404
2535.417600 6 0 1404
2536.556800 6 0 1404
2537.702400 6 0 1404
2538.841600 6 0 1404
2539.987200 6 0 1404
2541.126400 6 0 1404
2542.272000 6 0 1404
2543.411200 6 0 1404
2544.556800 6 0 1404
2545.696000 6 0 1404
2546.841600 6 0 1404
2547.980800 6 0 1404
2549.126400 6 0 1404
2550.265600 6 0 1404
2551.411200 6 0 1404
2552.550400 6 0 1404
2553.696000 6 0 1404
2554.835200 6 0 1404
2555.980800 6 0 1404
2557.120000 6 0 1404
2558.265600 6 0 1404
2559.404800 6 0 1404
2560.550400 6 0 1404
2561.689600 6 0 1404
2562.835200 6 0 1404
2563.974400 6 0 1404
2565.120000 6 0 1404
2566.259200 6 0 1404
2567.404800 6 0 1404
2568.544000 6 0 1404
2569.689600 6 0 1404
2570.828800 6 0 1404
2571.974400 6 0 1404
2573.113600 6 0 1404
2574.259200 6 0 1404
2575.398400 6 0 1404
2576.544000 6 0 1404
2577.683200 6 0 1404
2578.828800 6 0 1404
2579.968000 6 0 1404
2581.113600 6 0 1404
2582.252800 6 0 1404
2583.398400 6 0 1404
2584.537600 6 0 1404
2585.683200 6 0 1404
2586.822400 6 0 1404
2587.968000 6 0 1404
2589.107200 6 0 1404
2590.252800 6 0 1404
2591.392000 6 0 1404
2592.537600 6 0 1404
2593.676800 6 0 1404
2594.822400 6 0 1404
2595.961600 6 0 1404
2597.107200 6 0 1404
2598.246400 6 0 1404
2599.392000 6 0 1404
2600.531200 6 0 1404
2601.676800 6 0 1404
2602.816000 6 0 1404
2603.961600 6 0 1404
2605.100800 6 0 1404
2606.246400 6 0 1404
2607.385600 6 0 1404
2608.531200 6 0 1404
2609.670400 6 0 1404
2610.816000 6 0 1404
2611.955200 6 0 1404
2613.100800 6 0 1404
2614.240000 6 0 1404
2615.385600 6 0 1404
2616.524800 6 0 1404
2617.670400 6 0 1404
2618.809600 6 0 1404
2619.955200 6 0 1404
2621.094400 6 0 1404
2622.240000 6 0 1404
2623.379200 6 0 1404
2624.524800 6 0 1404
2625.664000 6 0 1404
2626.809600 6 0 1404
2627.948800 6 0 1404
2629.094400 6 0 1404
2630.233600 6 0 1404
2631.379200 6 0 1404
2632.518400 6 0 1404
2633.664000 6 0 1404
2634.803200 6 0 1404
2635.948800 6 0 1404
2637.088000 6 0 1404
2638.233600 6 0 1404
2639.372800 6 0 1404
2640.518400 6 0 1404
2641.657600 6 0 1404
2642.803200 6 0 1404
2643.942400 6 0 1404
2645.088000 6 0 1404
2646.227200 6 0 1404
2647.372800 6 0 1404
2648.518400 6 0 1404
2649.664000 6 0 1404
2650.809600 6 0 1404
2651.948800 6 0 1404
2653.094400 6 0 1404
2654.233600 6 0 1404
2655.379200 6 0 1404
2656.518400 6 0 1404
2657.664000 6 0 1404
2658.803200 6 0 1404
2659.948800 6 0 1404
2661.088000 6 0 1404
2662.233600 6 0 1404
2663.372800 6 0 1404
2664.518400 6 0 1404
2665.657600 6 0 1404
2666.803200 6 0 1404
2667.942400 6 0 1404
2669.088000 6 0 1404
2670.227200 6 0 1404
2671.372800 6 0 1404
2672.512000 6 0 1404
2673.657600 6 0 1404
2674.796800 6 0 1404
2675.942400 6 0 1404
2677.081600 6 0 1404
2678.227200 6 0 1404
2679.366400 6 0 1404
2680.512000 6 0 1404
2681.651200 6 0 1404
2682.796800 6 0 1404
2683.936000 6 0 1404
2685.081600 6 0 1404
2686.220800 6 0 1404
2687.366400 6 0 1404
2688.505600 6 0 1404
2689.651200 6 0 1404
2690.790400 6 0 1404
2691.936000 6 0 1404
2693.075200 6 0 1404
2694.220800 6 0 1404
2695.360000 6 0 1404
2696.505600 6 0 1404
2697.644800 6 0 1404
2698.790400 6 0 1404
2699.929600 6 0 1404
2701.075200 6 0 1404
2702.214400 6 0 1404
2703.360000 6 0 1404
2704.499200 6 0 1404
2705.644800 6 0 1404
2706.784000 6 0 1404
2707.929600 6 0 1404
2709.068800 6 0 1404
2710.214400 6 0 1404
2711.353600 6 0 1404
2712.499200 6 0 1404
2713.638400 6 0 1404
2714.784000 6 0 1404
2715.923200 6 0 1404
2717.068800 6 0 1404
2718.208000 6 0 1404
2719.353600 6 0 1404
2720.492800 6 0 1404
2721.638400 6 0 1404
2722.777600 6 0 1404
2723.923200 6 0 1404
2725.062400 6 0 1404
2726.208000 6 0 1404
2727.347200 6 0 1404
2728.492800 6 0 1404
2729.632000 6 0 1404
2730.777600 6 0 1404
2731.916800 6 0 1404
2733.062400 6 0 1404
2734.201600 6 0 1404
2735.347200 6 0 1404
2736.486400 6 0 1404
2737.632000 6 0 1404
2738.771200 6 0 1404
2739.916800 6 0 1404
2741.056000 6 0 1404
2742.201600 6 0 1404
2743.340800 6 0 1404
2744.486400 6 0 1404
2745.625600 6 0 1404
2746.771200 6 0 1404
2747.910400 6 0 1404
2749.056000 6 0 1404
2750.195200 6 0 1404
2751.340800 6 0 1404
2752.480000 6 0 1404
2753.625600 6 0 1404
2754.764800 6 0 1404
2755.910400 6 0 1404
2757.049600 6 0 1404
2758.195200 6 0 1404
2759.334400 6 0 1404
2760.480000 6 0 1404
2761.619200 6 0 1404
2762.764800 6 0 1404
2763.904000 6 0 1404
2765.049600 6 0 1404
2766.188800 6 0 1404
2767.334400 6 0 1404
2768.473600 6 0 1404
2769.619200 6 0 1404
2770.758400 6 0 1404
2771.904000 6 0 1404
2773.043200 6 0 1404
2774.188800 6 0 1404
2775.328000 6 0 1404
2776.473600 6 0 1404
2777.612800 6 0 1404
2778.758400 6 0 1404
2779.897600 6 0 1404
2781.043200 6 0 1404
2782.182400 6 0 1404
2783.328000 6 0 1404
2784.467200 6 0 1404
2785.612800 6 0 1404
2786.752000 6 0 1404
2787.897600 6 0 1404
2789.036800 6 0 1404
2790.182400 6 0 1404
2791.321600 6 0 1404
2792.467200 6 0 1404
2793.606400 6 0 1404
2794.752000 6 0 1404
2795.891200 6 0 1404
2797.036800 6 0 1404
2798.176000 6 0 1404
2799.321600 6 0 1404
2800.460800 6 0 1404
2801.606400 6 0 1404
2802.745600 6 0 1404
2803.891200 6 0 1404
2805.030400 6 0 1404
2806.176000 6 0 1404
2807.315200 6 0 1404
2808.460800 6 0 1404
2809.600000 6 0 1404
2810.745600 6 0 1404
2811.884800 6 0 1404
2813.030400 6 0 1404
2814.169600 6 0 1404
2815.315200 6 0 1404
2816.454400 6 0 1404
2817.600000 6 0 1404
2818.739200 6 0 1404
2819.884800 6 0 1404
2821.024000 6 0 1404
2822.169600 6 0 1404
2823.308800 6 0 1404
2824.454400 6 0 1404
2825.593600 6 0 1404
2826.739200 6 0 1404
2827.878400 6 0 1404
2829.024000 6 0 1404
2830.163200 6 0 1404
2831.308800 6 0 1404
2832.448000 6 0 1404
2833.593600 6 0 1404
2834.732800 6 0 1404
2835.878400 6 0 1404
2837.017600 6 0 1404
2838.163200 6 0 1404
2839.302400 6 0 1404
2840.448000 6 0 1404
2841.587200 6 0 1404
2842.732800 6 0 1404
2843.872000 6 0 1404
2845.017600 6 0 1404
2846.156800 6 0 1404
2847.302400 6 0 1404
2848.441600 6 0 1404
2849.587200 6 0 1404
2850.726400 6 0 1404
2851.872000 6 0 1404
2853.011200 6 0 1404
2854.156800 6 0 1404
2855.296000 6 0 1404
2856.441600 6 0 1404
2857.580800 6 0 1404
2858.726400 6 0 1404
2859.865600 6 0 1404
2861.011200 6 0 1404
2862.150400 6 0 1404
2863.296000 6 0 1404
2864.435200 6 0 1404
2865.580800 6 0 1404
2866.720000 6 0 1404
2867.865600 6 0 1404
2869.004800 6 0 1404
2870.150400 6 0 1404
2871.289600 6 0 1404
2872.435200 6 0 1404
2873.574400 6 0 1404
2874.720000 6 0 1404
2875.865600 6 0 1404
2877.004800 6 0 1404
2878.150400 6 0 1404
2879.289600 6 0 1404
2880.435200 6 0 1404
2881.574400 6 0 1404
2882.720000 6 0 1404
2883.859200 6 0 1404
2885.004800 6 0 1404
2886.144000 6 0 1404
2887.289600 6 0 1404
2888.428800 6 0 1404
2889.574400 6 0 1404
2890.713600 6 0 1404
2891.859200 6 0 1404
2892.998400 6 0 1404
2894.144000 6 0 1404
2895.283200 6 0 1404
2896.428800 6 0 1404
2898.867200 6 0 1404
2902.905600 6 0 1404
2906.886400 6 0 1404
2911.769600 6 0 1404
2915.705600 6 0 1404
2919.980800 6 0 1404
2923.500800 6 0 1404
2927.795200 6 0 1404
2931.532800 6 0 1404
2937.043200 6 0 1404
2940.422400 6 0 1404
2944.672000 6 0 1404
2960.339200 6 0 1404
2963.225600 6 0 1404
2965.638400 6 0 1404
2967.840000 6 0 1404
2970.054400 8 4 60
2970.617600 6 0 1404
2972.915200 6 0 1404
3000.038400 8 4 60
3006.854400 5 0 1404
3008.000000 5 0 1404
3009.145600 5 0 1404
3010.284800 5 0 1404
3011.430400 5 0 1404
3012.569600 5 0 1404
3013.715200 5 0 1404
3014.854400 5 0 1404
3016.000000 5 0 1404
3017.139200 5 0 1404
3018.284800 5 0 1404
3019.424000 5 0 1404
3020.569600 5 0 1404
3021.708800 5 0 1404
3022.854400 5 0 1404
3023.993600 5 0 1404
3025.139200 5 0 1404
3026.278400 5 0 1404
3027.424000 5 0 1404
3028.563200 5 0 1404
3029.708800 5 0 1404
3030.848000 5 0 1404
3031.993600 5 0 1404
3033.132800 5 0 1404
3034.278400 5 0 1404
3035.417600 5 0 1404
3036.563200 5 0 1404
3037.702400 5 0 1404
3038.848000 5 0 1404
3039.987200 5 0 1404
3041.132800 5 0 1404
3042.272000 5 0 1404
3043.417600 5 0 1404
3044.556800 5 0 1404
3045.702400 5 0 1404
3046.841600 5 0 1404
3047.987200 5 0 1404
3049.126400 5 0 1404
3050.272000 5 0 1404
3051.411200 5 0 1404
3052.556800 5 0 1404
3053.696000 5 0 1404
3054.841600 5 0 1404
3055.980800 5 0 1404
3057.126400 5 0 1404
3058.265600 5 0 1404
3059.411200 5 0 1404
3060.550400 5 0 1404
3061.696000 5 0 1404
3062.835200 5 0 1404
3063.980800 5 0 1404
3065.120000 5 0 1404
3066.265600 5 0 1404
3067.404800 5 0 1404
3068.550400 5 0 1404
3069.689600 5 0 1404
3070.835200 5 0 1404
3071.974400 5 0 1404
3073.120000 5 0 1404
3074.259200 5 0 1404
3075.404800 5 0 1404
3076.544000 5 0 1404
3077.689600 5 0 1404
3078.828800 5 0 1404
3079.974400 5 0 1404
3081.113600 5 0 1404
3082.259200 5 0 1404
3083.398400 5 0 1404
3084.544000 5 0 1404
3085.683200 5 0 1404
3086.828800 5 0 1404
3087.968000 5 0 1404
3089.113600 5 0 1404
3090.252800 5 0 1404
3091.398400 5 0 1404
3092.537600 5 0 1404
3093.683200 5 0 1404
3094.822400 5 0 1404
3095.968000 5 0 1404
3097.107200 5 0 1404
3098.252800 5 0 1404
3099.392000 5 0 1404
3100.537600 5 0 1404
3101.676800 5 0 1404
3102.822400 5 0 1404
3103.961600 5 0 1404
3105.107200 5 0 1404
3106.246400 5 0 1404
3107.392000 5 0 1404
3108.537600 5 0 1404
3109.683200 5 0 1404
3110.822400 5 0 1404
3111.968000 5 0 1404
3113.107200 5 0 1404
3114.252800 5 0 1404
3115.392000 5 0 1404
3116.537600 5 0 1404
3117.676800 5 0 1404
3118.822400 5 0 1404
3119.961600 5 0 1404
3121.107200 5 0 1404
3122.246400 5 0 1404
3123.392000 5 0 1404
3124.531200 5 0 1404
3125.676800 5 0 1404
3126.816000 5 0 1404
3127.961600 5 0 1404
3129.100800 5 0 1404
3130.246400 5 0 1404
3131.385600 5 0 1404
3132.531200 5 0 1404
3133.670400 5 0 1404
3134.816000 5 0 1404
3135.955200 5 0 1404
3137.100800 5 0 1404
3138.240000 5 0 1404
3139.385600 5 0 1404
3140.524800 5 0 1404
3141.670400 5 0 1404
3142.809600 5 0 1404
3143.955200 5 0 1404
3145.094400 5 0 1404
3146.240000 5 0 1404
3147.379200 5 0 1404
3148.524800 5 0 1404
3149.664000 5 0 1404
3150.809600 5 0 1404
3151.948800 5 0 1404
3153.094400 5 0 1404
3154.233600 5 0 1404
3155.379200 5 0 1404
3156.518400 5 0 1404
3157.664000 5 0 1404
3158.803200 5 0 1404
3159.948800 5 0 1404
3161.088000 5 0 1404
3162.233600 5 0 1404
3163.372800 5 0 1404
3164.518400 5 0 1404
3165.657600 5 0 1404
3166.803200 5 0 1404
3167.942400 5 0 1404
3169.088000 5 0 1404
3170.227200 5 0 1404
3171.372800 5 0 1404
3172.512000 5 0 1404
3173.657600 5 0 1404
3174.796800 5 0 1404
3175.942400 5 0 1404
3177.081600 5 0 1404
3178.227200 5 0 1404
3179.366400 5 0 1404
3180.512000 5 0 1404
3181.651200 5 0 1404
3182.796800 5 0 1404
3183.936000 5 0 1404
3185.081600 5 0 1404
3186.220800 5 0 1404
3187.366400 5 0 1404
3188.505600 5 0 1404
3189.651200 5 0 1404
3190.790400 5 0 1404
3191.936000 5 0 1404
3193.075200 5 0 1404
3194.220800 5 0 1404
3195.360000 5 0 1404
3196.505600 5 0 1404
3197.644800 5 0 1404
3198.790400 5 0 1404
3199.929600 5 0 1404
3201.075200 5 0 1404
3202.214400 5 0 1404
3203.360000 5 0 1404
3204.499200 5 0 1404
3205.644800 5 0 1404
3206.784000 5 0 1404
3207.929600 5 0 1404
3209.068800 5 0 1404
3210.214400 5 0 1404
3211.353600 5 0 1404
3212.499200 5 0 1404
3213.638400 5 0 1404
3214.784000 5 0 1404
3215.923200 5 0 1404
3217.068800 5 0 1404
3218.208000 5 0 1404
3219.353600 5 0 1404
3220.492800 5 0 1404
3221.638400 5 0 1404
3222.777600 5 0 1404
3223.923200 5 0 1404
3225.062400 5 0 1404
3226.208000 5 0 1404
3227.347200 5 0 1404
3228.492800 5 0 1404
3229.632000 5 0 1404
3230.777600 5 0 1404
3231.916800 5 0 1404
3233.062400 5 0 1404
3234.201600 5 0 1404
3235.347200 5 0 1404
3236.486400 5 0 1404
3237.632000 5 0 1404
3238.771200 5 0 1404
3239.916800 5 0 1404
3241.056000 5 0 1404
3242.201600 5 0 1404
3243.340800 5 0 1404
3244.486400 5 0 1404
3245.625600 5 0 1404
3246.771200 5 0 1404
3247.910400 5 0 1404
3249.056000 5 0 1404
3250.195200 5 0 1404
3251.340800 5 0 1404
3252.480000 5 0 1404
3253.625600 5 0 1404
3254.764800 5 0 1404
3255.910400 5 0 1404
3257.049600 5 0 1404
3258.195200 5 0 1404
3259.334400 5 0 1404
3260.480000 5 0 1404
3261.619200 5 0 1404
3262.764800 5 0 1404
3263.904000 5 0 1404
3265.049600 5 0 1404
3266.188800 5 0 1404
3267.334400 5 0 1404
3268.473600 5 0 1404
3269.619200 5 0 1404
3270.758400 5 0 1404
3271.904000 5 0 1404
3273.043200 5 0 1404
3274.188800 5 0 1404
3275.328000 5 0 1404
3276.473600 5 0 1404
3277.612800 5 0 1404
3278.758400 5 0 1404
3279.897600 5 0 1404
3281.043200 5 0 1404
3282.182400 5 0 1404
3283.328000 5 0 1404
3284.467200 5 0 1404
3285.612800 5 0 1404
3286.752000 5 0 1404
3287.897600 5 0 1404
3289.036800 5 0 1404
3290.182400 5 0 1404
3291.321600 5 0 1404
3292.467200 5 0 1404
3293.606400 5 0 1404
3294.752000 5 0 1404
3295.891200 5 0 1404
3297.036800 5 0 1404
3298.176000 5 0 1404
3299.321600 5 0 1404
3300.460800 5 0 1404
3301.606400 5 0 1404
3302.745600 5 0 1404
3303.891200 5 0 1404
3305.030400 5 0 1404
3306.176000 5 0 1404
3307.315200 5 0 1404
3308.460800 5 0 1404
3309.600000 5 0 1404
3310.745600 5 0 1404
3311.884800 5 0 1404
3313.030400 5 0 1404
3314.169600 5 0 1404
3315.315200 5 0 1404
3316.454400 5 0 1404
3317.600000 5 0 1404
3318.739200 5 0 1404
3319.884800 5 0 1404
3321.024000 5 0 1404
3322.169600 5 0 1404
3323.308800 5 0 1404
3324.454400 5 0 1404
3325.593600 5 0 1404
3326.739200 5 0 1404
3327.878400 5 0 1404
3329.024000 5 0 1404
3330.163200 5 0 1404
3331.308800 5 0 1404
3332.448000 5 0 1404
3333.593600 5 0 1404
3334.732800 5 0 1404
3335.878400 5 0 1404
3337.017600 5 0 1404
3338.163200 5 0 1404
3339.302400 5 0 1404
3340.448000 5 0 1404
3341.587200 5 0 1404
3342.732800 5 0 1404
3343.872000 5 0 1404
3345.017600 5 0 1404
3346.156800 5 0 1404
3347.302400 5 0 1404
3348.441600 5 0 1404
3349.587200 5 0 1404
3350.726400 5 0 1404
3351.872000 5 0 1404
3353.011200 5 0 1404
3354.156800 5 0 1404
3355.296000 5 0 1404
3356.441600 5 0 1404
3357.580800 5 0 1404
3358.726400 5 0 1404
3359.865600 5 0 1404
3361.011200 5 0 1404
3362.150400 5 0 1404
3363.296000 5 0 1404
3364.435200 5 0 1404
3365.580800 5 0 1404
3366.720000 5 0 1404
3367.865600 5 0 1404
3369.004800 5 0 1404
3370.150400 5 0 1404
3371.289600 5 0 1404
3372.435200 5 0 1404
3373.574400 5 0 1404
3374.720000 5 0 1404
3375.859200 5 0 1404
3377.004800 5 0 1404
3378.144000 5 0 1404
3379.289600 5 0 1404
3380.435200 5 0 1404
3381.580800 5 0 1404
3382.720000 5 0 1404
3383.865600 5 0 1404
3385.004800 5 0 1404
3386.150400 5 0 1404
3387.289600 5 0 1404
3388.435200 5 0 1404
3389.574400 5 0 1404
3390.720000 5 0 1404
3391.859200 5 0 1404
3393.004800 5 0 1404
3394.144000 5 0 1404
3395.289600 5 0 1404
3396.428800 5 0 1404
3400.044800 5 0 1404
3404.006400 5 0 1404
3408.230400 5 0 1404
3412.025600 5 0 1404
3416.019200 5 0 1404
3420.716800 5 0 1404
3425.369600 5 0 1404
3428.934400 5 0 1404
3433.094400 5 0 1404
3436.780800 5 0 1404
3441.094400 5 0 1404
3446.003200 5 0 1404
3450.054400 5 0 1404
3453.811200 5 0 1404
3458.163200 5 0 1404
3462.086400 5 0 1404
3466.016000 5 0 1404
3469.772800 5 0 1404
3470.905600 8 4 60
3475.052800 5 0 1404
3500.038400 8 4 60
3506.873600 4 0 1404
3508.012800 4 0 1404
3509.158400 4 0 1404
3510.297600 4 0 1404
3511.443200 4 0 1404
3512.582400 4 0 1404
3513.728000 4 0 1404
3514.867200 4 0 1404
3516.012800 4 0 1404
3517.152000 4 0 1404
3518.297600 4 0 1404
3519.436800 4 0 1404
3520.582400 4 0 1404
3521.721600 4 0 1404
3522.867200 4 0 1404
3524.006400 4 0 1404
3525.152000 4 0 1404
3526.291200 4 0 1404
3527.436800 4 0 1404
3528.576000 4 0 1404
3529.721600 4 0 1404
3530.860800 4 0 1404
3532.006400 4 0 1404
3533.145600 4 0 1404
3534.291200 4 0 1404
3535.430400 4 0 1404
3536.576000 4 0 1404
3537.715200 4 0 1404
3538.860800 4 0 1404
3540.000000 4 0 1404
3541.145600 4 0 1404
3542.284800 4 0 1404
3543.430400 4 0 1404
3544.569600 4 0 1404
3545.715200 4 0 1404
3546.854400 4 0 1404
3548.000000 4 0 1404
3549.139200 4 0 1404
3550.284800 4 0 1404
3551.424000 4 0 1404
3552.569600 4 0 1404
3553.708800 4 0 1404
3554.854400 4 0 1404
3555.993600 4 0 1404
3557.139200 4 0 1404
3558.278400 4 0 1404
3559.424000 4 0 1404
3560.563200 4 0 1404
3561.708800 4 0 1404
3562.848000 4 0 1404
3563.993600 4 0 1404
3565.132800 4 0 1404
3566.278400 4 0 1404
3567.417600 4 0 1404
3568.563200 4 0 1404
3569.702400 4 0 1404
3570.848000 4 0 1404
3571.987200 4 0 1404
3573.132800 4 0 1404
3574.272000 4 0 1404
3575.417600 4 0 1404
3576.556800 4 0 1404
3577.702400 4 0 1404
3578.841600 4 0 1404
3579.987200 4 0 1404
3581.126400 4 0 1404
3582.272000 4 0 1404
3583.411200 4 0 1404
3584.556800 4 0 1404
3585.696000 4 0 1404
3586.841600 4 0 1404
3587.980800 4 0 1404
3589.126400 4 0 1404
3590.265600 4 0 1404
3591.411200 4 0 1404
3592.550400 4 0 1404
3593.696000 4 0 1404
3594.835200 4 0 1404
3595.980800 4 0 1404
3597.120000 4 0 1404
3598.265600 4 0 1404
3599.404800 4 0 1404
3600.550400 4 0 1404
3601.689600 4 0 1404
3602.835200 4 0 1404
3603.974400 4 0 1404
3605.120000 4 0 1404
3606.259200 4 0 1404
3607.404800 4 0 1404
3608.544000 4 0 1404
3609.689600 4 0 1404
3610.828800 4 0 1404
3611.974400 4 0 1404
3613.113600 4 0 1404
3614.259200 4 0 1404
3615.398400 4 0 1404
3616.544000 4 0 1404
3617.683200 4 0 1404
3618.828800 4 0 1404
3619.968000 4 0 1404
3621.113600 4 0 1404
3622.252800 4 0 1404
3623.398400 4 0 1404
3624.537600 4 0 1404
3625.683200 4 0 1404
3626.822400 4 0 1404
3627.968000 4 0 1404
3629.107200 4 0 1404
3630.252800 4 0 1404
3631.392000 4 0 1404
3632.537600 4 0 1404
3633.676800 4 0 1404
3634.822400 4 0 1404
3635.961600 4 0 1404
3637.107200 4 0 1404
3638.246400 4 0 1404
3639.392000 4 0 1404
3640.531200 4 0 1404
3641.676800 4 0 1404
3642.816000 4 0 1404
3643.961600 4 0 1404
3645.100800 4 0 1404
3646.246400 4 0 1404
3647.385600 4 0 1404
3648.531200 4 0 1404
3649.670400 4 0 1404
3650.816000 4 0 1404
3651.955200 4 0 1404
3653.100800 4 0 1404
3654.240000 4 0 1404
3655.385600 4 0 1404
3656.524800 4 0 1404
3657.670400 4 0 1404
3658.809600 4 0 1404
3659.955200 4 0 1404
3661.094400 4 0 1404
3662.240000 4 0 1404
3663.379200 4 0 1404
3664.524800 4 0 1404
3665.664000 4 0 1404
3666.809600 4 0 1404
3667.948800 4 0 1404
3669.094400 4 0 1404
3670.233600 4 0 1404
3671.379200 4 0 1404
3672.518400 4 0 1404
3673.664000 4 0 1404
3674.803200 4 0 1404
3675.948800 4 0 1404
3677.088000 4 0 1404
3678.233600 4 0 1404
3679.372800 4 0 1404
3680.518400 4 0 1404
3681.657600 4 0 1404
3682.803200 4 0 1404
3683.942400 4 0 1404
3685.088000 4 0 1404
3686.227200 4 0 1404
3687.372800 4 0 1404
3688.512000 4 0 1404
3689.657600 4 0 1404
3690.796800 4 0 1404
3691.942400 4 0 1404
3693.081600 4 0 1404
3694.227200 4 0 1404
3695.366400 4 0 1404
3696.512000 4 0 1404
3697.651200 4 0 1404
3698.796800 4 0 1404
3699.936000 4 0 1404
3701.081600 4 0 1404
3702.214400 8 5 70
3702.278400 4 0 1404
3703.411200 4 0 1404
3704.544000 4 0 1404
3705.676800 4 0 1404
3706.809600 4 0 1404
3707.942400 4 0 1404
3709.075200 4 0 1404
3710.220800 4 0 1404
3711.360000 4 0 1404
3712.505600 4 0 1404
3713.644800 4 0 1404
3714.790400 4 0 1404
3715.929600 4 0 1404
3717.075200 4 0 1404
3718.214400 4 0 1404
3719.360000 4 0 1404
3720.499200 4 0 1404
3721.644800 4 0 1404
3722.784000 4 0 1404
3723.929600 4 0 1404
3725.068800 4 0 1404
3726.214400 4 0 1404
3727.353600 4 0 1404
3728.499200 4 0 1404
3729.638400 4 0 1404
3730.784000 4 0 1404
3731.923200 4 0 1404
3733.068800 4 0 1404
3734.208000 4 0 1404
3735.353600 4 0 1404
3736.492800 4 0 1404
3737.638400 4 0 1404
3738.784000 4 0 1404
3739.923200 4 0 1404
3741.068800 4 0 1404
3742.208000 4 0 1404
3743.353600 4 0 1404
3744.492800 4 0 1404
3745.638400 4 0 1404
3746.777600 4 0 1404
3747.923200 4 0 1404
3749.062400 4 0 1404
3750.208000 4 0 1404
3751.347200 4 0 1404
3752.492800 4 0 1404
3753.632000 4 0 1404
3754.777600 4 0 1404
3755.916800 4 0 1404
3757.062400 4 0 1404
3758.201600 4 0 1404
3759.347200 4 0 1404
3760.486400 4 0 1404
3761.632000 4 0 1404
3762.771200 4 0 1404
3763.916800 4 0 1404
3765.056000 4 0 1404
3766.201600 4 0 1404
3767.340800 4 0 1404
3768.486400 4 0 1404
3769.625600 4 0 1404
3770.771200 4 0 1404
3771.910400 4 0 1404
3773.056000 4 0 1404
3774.195200 4 0 1404
3775.340800 4 0 1404
3776.480000 4 0 1404
3777.625600 4 0 1404
3778.764800 4 0 1404
3779.910400 4 0 1404
3781.049600 4 0 1404
3782.195200 4 0 1404
3783.334400 4 0 1404
3784.480000 4 0 1404
3785.619200 4 0 1404
3786.764800 4 0 1404
3787.904000 4 0 1404
3789.049600 4 0 1404
3790.188800 4 0 1404
3791.334400 4 0 1404
3792.473600 4 0 1404
3793.619200 4 0 1404
3794.758400 4 0 1404
3795.904000 4 0 1404
3797.043200 4 0 1404
3798.188800 4 0 1404
3799.328000 4 0 1404
3800.473600 4 0 1404
3801.612800 4 0 1404
3802.758400 4 0 1404
3803.897600 4 0 1404
3805.043200 4 0 1404
3806.182400 4 0 1404
3807.328000 4 0 1404
3808.467200 4 0 1404
3809.612800 4 0 1404
3810.752000 4 0 1404
3811.897600 4 0 1404
3813.036800 4 0 1404
3814.182400 4 0 1404
3815.321600 4 0 1404
3816.467200 4 0 1404
3817.606400 4 0 1404
3818.752000 4 0 1404
3819.891200 4 0 1404
3821.036800 4 0 1404
3822.176000 4 0 1404
3823.321600 4 0 1404
3824.460800 4 0 1404
3825.606400 4 0 1404
3826.745600 4 0 1404
3827.891200 4 0 1404
3829.030400 4 0 1404
3830.176000 4 0 1404
3831.315200 4 0 1404
3832.460800 4 0 1404
3833.600000 4 0 1404
3834.745600 4 0 1404
3835.884800 4 0 1404
3837.030400 4 0 1404
3838.169600 4 0 1404
3839.315200 4 0 1404
3840.454400 4 0 1404
3841.600000 4 0 1404
3842.739200 4 0 1404
3843.884800 4 0 1404
3845.024000 4 0 1404
3846.169600 4 0 1404
3847.308800 4 0 1404
3848.454400 4 0 1404
3849.593600 4 0 1404
3850.739200 4 0 1404
3851.878400 4 0 1404
3853.024000 4 0 1404
3854.163200 4 0 1404
3855.308800 4 0 1404
3856.448000 4 0 1404
3857.593600 4 0 1404
3858.732800 4 0 1404
3859.878400 4 0 1404
3861.017600 4 0 1404
3862.163200 4 0 1404
3863.302400 4 0 1404
3864.448000 4 0 1404
3865.587200 4 0 1404
3866.732800 4 0 1404
3867.872000 4 0 1404
3869.017600 4 0 1404
3870.156800 4 0 1404
3871.302400 4 0 1404
3872.441600 4 0 1404
3873.587200 4 0 1404
3874.726400 4 0 1404
3875.872000 4 0 1404
3877.011200 4 0 1404
3878.156800 4 0 1404
3879.296000 4 0 1404
3880.441600 4 0 1404
3881.580800 4 0 1404
3882.726400 4 0 1404
3883.865600 4 0 1404
3885.011200 4 0 1404
3886.150400 4 0 1404
3887.296000 4 0 1404
3888.435200 4 0 1404
3889.580800 4 0 1404
3890.720000 4 0 1404
3891.865600 4 0 1404
3893.004800 4 0 1404
3894.150400 4 0 1404
3895.289600 4 0 1404
3896.435200 4 0 1404
3898.867200 4 0 1404
3903.622400 4 0 1404
3907.564800 4 0 1404
3911.648000 4 0 1404
3915.571200 4 0 1404
3919.385600 4 0 1404
3923.372800 4 0 1404
3927.596800 4 0 1404
3933.004800 4 0 1404
3936.518400 4 0 1404
3940.640000 4 0 1404
3944.595200 4 0 1404
3948.486400 4 0 1404
3952.492800 4 0 1404
3957.760000 4 0 1404
3961.721600 4 0 1404
3965.568000 4 0 1404
3969.510400 4 0 1404
3970.643200 -1 2 64
3970.700800 8 4 60
3973.420800 4 0 1404
3977.824000 4 0 1404
3986.988800 6 0 1400
3989.292800 5 0 1400
3991.200000 6 0 1400
3993.625600 5 0 1400
3995.328000 6 0 1400
3997.593600 5 0 1400
3999.289600 3 0 1404
4000.422400 8 4 60
4000.480000 6 0 1400
4002.067200 5 0 1400
4003.353600 3 0 1404
4004.486400 6 0 1400
4006.188800 5 0 1400
4007.328000 4 0 1400
4008.467200 6 0 1400
4010.796800 5 0 1400
4011.936000 4 0 1400
4013.075200 6 0 1400
4021.523200 3 0 1404
4026.604800 3 0 1404
4032.377600 3 0 1404
4037.747200 3 0 1404
4043.520000 3 0 1404
4048.672000 3 0 1404
4054.579200 3 0 1404
4059.987200 3 0 1404
4065.580800 3 0 1404
4070.752000 3 0 1404
4076.364800 3 0 1404
4081.324800 3 0 1404
4087.276800 3 0 1404
4092.371200 3 0 1404
4098.400000 3 0 1404
4105.369600 3 0 1404
4110.521600 3 0 1404
4116.710400 3 0 1404
4120.076800 3 0 1404
4126.201600 3 0 1404
4131.065600 3 0 1404
4139.417600 3 0 1404
4143.635200 3 0 1404
4150.387200 3 0 1404
4155.040000 3 0 1404
4160.339200 3 0 1404
4165.280000 3 0 1404
4172.320000 3 0 1404
4176.595200 3 0 1404
4182.745600 3 0 1404
4186.233600 3 0 1404
4192.294400 3 0 1404
4198.131200 3 0 1404
4205.280000 3 0 1404
4210.681600 3 0 1404
4215.840000 3 0 1404
4222.124800 3 0 1404
4226.380800 3 0 1404
4232.640000 3 0 1404
4238.528000 3 0 1404
4243.628800 3 0 1404
4248.422400 3 0 1404
4253.203200 3 0 1404
4258.150400 3 0 1404
4264.217600 3 0 1404
4271.059200 3 0 1404
4276.339200 3 0 1404
4282.681600 3 0 1404
4288.460800 3 0 1404
4293.632000 3 0 1404
4298.572800 3 0 1404
4305.248000 3 0 1404
4309.382400 3 0 1404
4316.627200 3 0 1404
4319.513600 3 0 1404
4325.497600 3 0 1404
4330.105600 3 0 1404
4338.400000 3 0 1404
4342.841600 3 0 1404
4346.054400 8 4 60
4348.627200 3 0 1404
4376.038400 8 4 60
4382.297600 2 0 1404
4383.443200 2 0 1404
4384.582400 2 0 1404
4385.728000 2 0 1404
4386.867200 2 0 1404
4388.012800 2 0 1404
4389.152000 2 0 1404
4390.297600 2 0 1404
4391.436800 2 0 1404
4392.582400 2 0 1404
4393.721600 2 0 1404
4394.867200 2 0 1404
4396.006400 2 0 1404
4397.152000 2 0 1404
4398.291200 2 0 1404
4399.436800 2 0 1404
4400.576000 2 0 1404
4401.721600 2 0 1404
4402.860800 2 0 1404
4404.006400 2 0 1404
4405.145600 2 0 1404
4406.291200 2 0 1404
4407.430400 2 0 1404
4408.576000 2 0 1404
4409.715200 2 0 1404
4410.860800 2 0 1404
4412.000000 2 0 1404
4413.145600 2 0 1404
4414.284800 2 0 1404
4415.430400 2 0 1404
4416.569600 2 0 1404
4417.715200 2 0 1404
4418.854400 2 0 1404
4420.000000 2 0 1404
4421.139200 2 0 1404
4422.284800 2 0 1404
4423.424000 2 0 1404
4424.569600 2 0 1404
4425.708800 2 0 1404
4426.854400 2 0 1404
4427.993600 2 0 1404
4429.139200 2 0 1404
4430.278400 2 0 1404
4431.424000 2 0 1404
4432.563200 2 0 1404
4433.708800 2 0 1404
4434.848000 2 0 1404
4435.993600 2 0 1404
4437.132800 2 0 1404
4438.278400 2 0 1404
4439.417600 2 0 1404
4440.563200 2 0 1404
4441.702400 2 0 1404
4442.848000 2 0 1404
4443.987200 2 0 1404
4445.132800 2 0 1404
4446.272000 2 0 1404
4447.417600 2 0 1404
4448.556800 2 0 1404
4449.702400 2 0 1404
4450.841600 2 0 1404
4451.987200 2 0 1404
4453.126400 2 0 1404
4454.272000 2 0 1404
4455.411200 2 0 1404
4456.556800 2 0 1404
4457.696000 2 0 1404
4458.841600 2 0 1404
4459.980800 2 0 1404
4461.126400 2 0 1404
4462.265600 2 0 1404
4463.411200 2 0 1404
4464.550400 2 0 1404
4465.696000 2 0 1404
4466.835200 2 0 1404
4467.980800 2 0 1404
4469.120000 2 0 1404
4470.265600 2 0 1404
4471.404800 2 0 1404
4472.550400 2 0 1404
4473.689600 2 0 1404
4474.835200 2 0 1404
4475.974400 2 0 1404
4478.240000 2 0 1404
4483.488000 2 0 1404
4489.094400 2 0 1404
4493.894400 2 0 1404
4500.038400 2 0 1404
4505.785600 2 0 1404
4511.219200 2 0 1404
4517.376000 2 0 1404
4523.520000 2 0 1404
4529.414400 2 0 1404
4535.385600 2 0 1404
4540.256000 2 0 1404
4545.472000 2 0 1404
4552.115200 2 0 1404
4556.294400 2 0 1404
4562.355200 2 0 1404
4567.033600 2 0 1404
4572.025600 2 0 1404
4577.248000 2 0 1404
4584.416000 2 0 1404
4589.395200 2 0 1404
4595.174400 2 0 1404
4601.363200 2 0 1404
4606.419200 2 0 1404
4612.588800 2 0 1404
4618.073600 2 0 1404
4623.264000 2 0 1404
4628.403200 2 0 1404
4635.667200 2 0 1404
4639.654400 2 0 1404
4645.363200 2 0 1404
4649.638400 2 0 1404
4655.014400 2 0 1404
4659.865600 2 0 1404
4667.782400 2 0 1404
4673.126400 2 0 1404
4678.560000 2 0 1404
4684.294400 2 0 1404
4689.446400 2 0 1404
4695.398400 2 0 1404
4700.076800 2 0 1404
4704.979200 2 0 1404
4710.240000 2 0 1404
4717.612800 2 0 1404
4722.054400 8 4 60
4722.316800 2 0 1404
4728.121600 2 0 1404
4752.038400 8 4 60
4758.304000 1 0 1404
4759.449600 1 0 1404
4760.595200 1 0 1404
4761.734400 1 0 1404
4762.880000 1 0 1404
4764.019200 1 0 1404
4765.164800 1 0 1404
4766.304000 1 0 1404
4767.449600 1 0 1404
4768.588800 1 0 1404
4769.734400 1 0 1404
4770.873600 1 0 1404
4772.019200 1 0 1404
4773.158400 1 0 1404
4774.304000 1 0 1404
4775.443200 1 0 1404
4776.588800 1 0 1404
4777.728000 1 0 1404
4778.873600 1 0 1404
4780.012800 1 0 1404
4781.158400 1 0 1404
4782.297600 1 0 1404
4783.443200 1 0 1404
4784.582400 1 0 1404
4785.728000 1 0 1404
4786.867200 1 0 1404
4788.012800 1 0 1404
4789.152000 1 0 1404
4790.297600 1 0 1404
4791.436800 1 0 1404
4792.582400 1 0 1404
4793.721600 1 0 1404
4794.867200 1 0 1404
4796.006400 1 0 1404
4797.152000 1 0 1404
4798.291200 1 0 1404
4799.436800 1 0 1404
4800.576000 1 0 1404
4801.721600 1 0 1404
4802.860800 1 0 1404
4804.006400 1 0 1404
4805.145600 1 0 1404
4806.291200 1 0 1404
4807.430400 1 0 1404
4808.576000 1 0 1404
4809.715200 1 0 1404
4810.860800 1 0 1404
4812.000000 1 0 1404
4813.145600 1 0 1404
4814.284800 1 0 1404
4815.430400 1 0 1404
4816.569600 1 0 1404
4817.715200 1 0 1404
4818.854400 1 0 1404
4820.000000 1 0 1404
4821.139200 1 0 1404
4822.284800 1 0 1404
4823.424000 1 0 1404
4824.569600 1 0 1404
4825.708800 1 0 1404
4826.854400 1 0 1404
4827.993600 1 0 1404
4829.139200 1 0 1404
4830.278400 1 0 1404
4831.424000 1 0 1404
4832.563200 1 0 1404
4833.708800 1 0 1404
4834.848000 1 0 1404
4835.993600 1 0 1404
4837.132800 1 0 1404
4838.278400 1 0 1404
4839.417600 1 0 1404
4840.563200 1 0 1404
4841.702400 1 0 1404
4842.848000 1 0 1404
4843.987200 1 0 1404
4845.132800 1 0 1404
4846.272000 1 0 1404
4847.417600 1 0 1404
4848.556800 1 0 1404
4849.702400 1 0 1404
4850.841600 1 0 1404
4851.987200 1 0 1404
4853.126400 1 0 1404
4854.272000 1 0 1404
4855.411200 1 0 1404
4856.556800 1 0 1404
4857.696000 1 0 1404
4858.841600 1 0 1404
4859.980800 1 0 1404
4861.126400 1 0 1404
4862.265600 1 0 1404
4863.411200 1 0 1404
4864.550400 1 0 1404
4865.696000 1 0 1404
4866.835200 1 0 1404
4867.980800 1 0 1404
4869.120000 1 0 1404
4870.265600 1 0 1404
4871.404800 1 0 1404
4872.550400 1 0 1404
4873.689600 1 0 1404
4874.835200 1 0 1404
4875.974400 1 0 1404
4877.120000 1 0 1404
4878.259200 1 0 1404
4879.404800 1 0 1404
4880.544000 1 0 1404
4881.689600 1 0 1404
4882.828800 1 0 1404
4883.974400 1 0 1404
4885.113600 1 0 1404
4886.259200 1 0 1404
4887.398400 1 0 1404
4888.544000 1 0 1404
4889.683200 1 0 1404
4890.828800 1 0 1404
4891.968000 1 0 1404
4893.113600 1 0 1404
4894.252800 1 0 1404
4895.398400 1 0 1404
4896.537600 1 0 1404
4897.683200 1 0 1404
4898.822400 1 0 1404
4899.968000 1 0 1404
4901.107200 1 0 1404
4902.252800 1 0 1404
4903.392000 1 0 1404
4904.537600 1 0 1404
4905.676800 1 0 1404
4906.822400 1 0 1404
4907.961600 1 0 1404
4909.107200 1 0 1404
4910.246400 1 0 1404
4911.392000 1 0 1404
4912.531200 1 0 1404
4913.676800 1 0 1404
4914.816000 1 0 1404
4915.961600 1 0 1404
4917.100800 1 0 1404
4918.246400 1 0 1404
4919.385600 1 0 1404
4920.531200 1 0 1404
4921.670400 1 0 1404
4922.816000 1 0 1404
4923.955200 1 0 1404
4925.100800 1 0 1404
4926.240000 1 0 1404
4927.385600 1 0 1404
4928.524800 1 0 1404
4929.670400 1 0 1404
4930.809600 1 0 1404
4931.955200 1 0 1404
4933.094400 1 0 1404
4934.240000 1 0 1404
4935.379200 1 0 1404
4936.524800 1 0 1404
4937.664000 1 0 1404
4938.809600 1 0 1404
4939.948800 1 0 1404
4941.094400 1 0 1404
4942.233600 1 0 1404
4943.379200 1 0 1404
4944.518400 1 0 1404
4945.664000 1 0 1404
4946.803200 1 0 1404
4947.948800 1 0 1404
4949.088000 1 0 1404
4950.233600 1 0 1404
4953.798400 1 0 1404
4958.432000 1 0 1404
4964.665600 1 0 1404
4969.356800 1 0 1404
4975.532800 1 0 1404
4980.793600 1 0 1404
4986.636800 1 0 1404
4991.878400 1 0 1404
4997.747200 1 0 1404
5002.252800 1 0 1404
5008.467200 1 0 1404
5014.649600 1 0 1404
5019.206400 1 0 1404
5025.420800 1 0 1404
5032.524800 1 0 1404
5037.926400 1 0 1404
5043.116800 1 0 1404
5049.702400 1 0 1404
5053.881600 1 0 1404
5059.961600 1 0 1404
5064.460800 1 0 1404
5069.382400 1 0 1404
5074.585600 1 0 1404
5082.105600 1 0 1404
5087.059200 1 0 1404
5092.998400 1 0 1404
5098.054400 8 4 60
5099.910400 1 0 1404
5128.038400 8 4 60
5134.323200 0 0 1404
5135.462400 0 0 1404
5136.608000 0 0 1404
5137.747200 0 0 1404
5138.892800 0 0 1404
5140.032000 0 0 1404
5141.177600 0 0 1404
5142.316800 0 0 1404
5143.462400 0 0 1404
5144.601600 0 0 1404
5145.747200 0 0 1404
5146.886400 0 0 1404
5148.032000 0 0 1404
5149.171200 0 0 1404
5150.316800 0 0 1404
5151.456000 0 0 1404
5152.601600 0 0 1404
5153.740800 0 0 1404
5154.886400 0 0 1404
5156.025600 0 0 1404
5157.171200 0 0 1404
5158.310400 0 0 1404
5159.456000 0 0 1404
5160.595200 0 0 1404
5161.740800 0 0 1404
5162.880000 0 0 1404
5164.025600 0 0 1404
5165.164800 0 0 1404
5166.310400 0 0 1404
5167.449600 0 0 1404
5168.595200 0 0 1404
5169.734400 0 0 1404
5170.880000 0 0 1404
5172.019200 0 0 1404
5173.164800 0 0 1404
5174.304000 0 0 1404
5175.449600 0 0 1404
5176.588800 0 0 1404
5177.734400 0 0 1404
5178.873600 0 0 1404
5180.019200 0 0 1404
5181.158400 0 0 1404
5182.304000 0 0 1404
5183.443200 0 0 1404
5184.588800 0 0 1404
5185.728000 0 0 1404
5186.873600 0 0 1404
5188.012800 0 0 1404
5189.158400 0 0 1404
5190.297600 0 0 1404
5191.443200 0 0 1404
5192.582400 0 0 1404
5193.728000 0 0 1404
5194.867200 0 0 1404
5196.012800 0 0 1404
5197.152000 0 0 1404
5198.297600 0 0 1404
5199.436800 0 0 1404
5200.582400 0 0 1404
5201.715200 8 5 70
5201.779200 0 0 1404
5202.912000 0 0 1404
5204.044800 0 0 1404
5205.177600 0 0 1404
5206.310400 0 0 1404
5207.443200 0 0 1404
5208.576000 0 0 1404
5209.721600 0 0 1404
5210.860800 0 0 1404
5212.006400 0 0 1404
5213.145600 0 0 1404
5214.291200 0 0 1404
5215.430400 0 0 1404
5216.576000 0 0 1404
5217.715200 0 0 1404
5218.860800 0 0 1404
5220.000000 0 0 1404
5221.145600 0 0 1404
5222.284800 0 0 1404
5223.430400 0 0 1404
5224.569600 0 0 1404
5225.715200 0 0 1404
5226.854400 0 0 1404
5228.000000 0 0 1404
5229.139200 0 0 1404
5230.284800 0 0 1404
5231.424000 0 0 1404
5232.569600 0 0 1404
5233.708800 0 0 1404
5234.854400 0 0 1404
5235.993600 0 0 1404
5237.139200 0 0 1404
5238.278400 0 0 1404
5239.424000 0 0 1404
5240.563200 0 0 1404
5241.708800 0 0 1404
5242.848000 0 0 1404
5243.993600 0 0 1404
5245.132800 0 0 1404
5246.278400 0 0 1404
5247.417600 0 0 1404
5248.563200 0 0 1404
5249.702400 0 0 1404
5250.848000 0 0 1404
5251.987200 0 0 1404
5253.132800 0 0 1404
5254.272000 0 0 1404
5255.417600 0 0 1404
5256.556800 0 0 1404
5257.702400 0 0 1404
5258.841600 0 0 1404
5259.987200 0 0 1404
5261.126400 0 0 1404
5262.272000 0 0 1404
5263.411200 0 0 1404
5264.556800 0 0 1404
5265.696000 0 0 1404
5266.841600 0 0 1404
5267.980800 0 0 1404
5269.126400 0 0 1404
5270.265600 0 0 1404
5271.411200 0 0 1404
5272.550400 0 0 1404
5273.696000 0 0 1404
5274.835200 0 0 1404
5275.980800 0 0 1404
5277.120000 0 0 1404
5278.265600 0 0 1404
5279.404800 0 0 1404
5280.550400 0 0 1404
5281.689600 0 0 1404
5282.835200 0 0 1404
5283.974400 0 0 1404
5285.120000 0 0 1404
5286.259200 0 0 1404
5287.404800 0 0 1404
5288.544000 0 0 1404
5289.689600 0 0 1404
5290.828800 0 0 1404
5291.974400 0 0 1404
5293.113600 0 0 1404
5294.259200 0 0 1404
5295.398400 0 0 1404
5296.544000 0 0 1404
5297.683200 0 0 1404
5298.828800 0 0 1404
5299.968000 0 0 1404
5301.113600 0 0 1404
5302.252800 0 0 1404
5303.398400 0 0 1404
5304.537600 0 0 1404
5305.683200 0 0 1404
5306.822400 0 0 1404
5307.968000 0 0 1404
5309.107200 0 0 1404
5310.252800 0 0 1404
5311.392000 0 0 1404
5312.537600 0 0 1404
5313.676800 0 0 1404
5314.822400 0 0 1404
5315.961600 0 0 1404
5317.107200 0 0 1404
5318.246400 0 0 1404
5319.392000 0 0 1404
5320.531200 0 0 1404
5321.676800 0 0 1404
5322.816000 0 0 1404
5323.961600 0 0 1404
5325.100800 0 0 1404
5326.246400 0 0 1404
5327.385600 0 0 1404
5328.531200 0 0 1404
5329.670400 0 0 1404
5330.816000 0 0 1404
5331.955200 0 0 1404
5333.100800 0 0 1404
5334.240000 0 0 1404
5335.385600 0 0 1404
5336.524800 0 0 1404
5337.670400 0 0 1404
5338.809600 0 0 1404
5339.955200 0 0 1404
5341.094400 0 0 1404
5342.240000 0 0 1404
5343.379200 0 0 1404
5344.524800 0 0 1404
5345.664000 0 0 1404
5346.809600 0 0 1404
5347.948800 0 0 1404
5349.094400 0 0 1404
5350.233600 0 0 1404
5351.379200 0 0 1404
5352.518400 0 0 1404
5353.664000 0 0 1404
5354.803200 0 0 1404
5355.948800 0 0 1404
5357.088000 0 0 1404
5358.233600 0 0 1404
5359.372800 0 0 1404
5360.518400 0 0 1404
5361.657600 0 0 1404
5362.803200 0 0 1404
5363.942400 0 0 1404
5365.088000 0 0 1404
5366.227200 0 0 1404
5367.372800 0 0 1404
5368.512000 0 0 1404
5369.657600 0 0 1404
5370.796800 0 0 1404
5371.942400 0 0 1404
5373.081600 0 0 1404
5374.227200 0 0 1404
5375.366400 0 0 1404
5376.512000 0 0 1404
5377.651200 0 0 1404
5378.796800 0 0 1404
5379.936000 0 0 1404
5381.081600 0 0 1404
5382.220800 0 0 1404
5383.366400 0 0 1404
5384.505600 0 0 1404
5385.651200 0 0 1404
5386.790400 0 0 1404
5387.936000 0 0 1404
5389.081600 0 0 1404
5390.227200 0 0 1404
5391.366400 0 0 1404
5392.512000 0 0 1404
5393.651200 0 0 1404
5394.796800 0 0 1404
5395.936000 0 0 1404
5397.081600 0 0 1404
5398.220800 0 0 1404
5399.366400 0 0 1404
5400.505600 0 0 1404
5401.651200 0 0 1404
5402.790400 0 0 1404
5403.936000 0 0 1404
5405.075200 0 0 1404
5406.220800 0 0 1404
5407.360000 0 0 1404
5408.505600 0 0 1404
5409.644800 0 0 1404
5410.790400 0 0 1404
5411.929600 0 0 1404
5413.075200 0 0 1404
5414.214400 0 0 1404
5415.360000 0 0 1404
5416.499200 0 0 1404
5417.644800 0 0 1404
5418.784000 0 0 1404
5419.929600 0 0 1404
5421.068800 0 0 1404
5422.214400 0 0 1404
5423.353600 0 0 1404
5424.499200 0 0 1404
5429.273600 0 0 1404
5434.233600 0 0 1404
5440.467200 0 0 1404
5445.369600 0 0 1404
5451.353600 0 0 1404
5456.633600 0 0 1404
5462.361600 0 0 1404
5467.744000 0 0 1404
5470.054400 -1 2 64
5470.112000 8 4 60
5473.516800 0 0 1404
5500.038400 8 4 60
5506.323200 3 0 1404
5507.468800 3 0 1404
5508.608000 3 0 1404
5509.753600 3 0 1404
5510.892800 3 0 1404
5512.038400 3 0 1404
5513.177600 3 0 1404
5514.323200 3 0 1404
5515.462400 3 0 1404
5516.608000 3 0 1404
5517.747200 3 0 1404
5518.892800 3 0 1404
5520.032000 3 0 1404
5521.177600 3 0 1404
5522.316800 3 0 1404
5523.462400 3 0 1404
5524.601600 3 0 1404
5525.747200 3 0 1404
5526.886400 3 0 1404
5528.032000 3 0 1404
5529.171200 3 0 1404
5530.316800 3 0 1404
5531.456000 3 0 1404
5532.601600 3 0 1404
5533.740800 3 0 1404
5534.886400 3 0 1404
5536.025600 3 0 1404
5537.171200 3 0 1404
5538.310400 3 0 1404
5539.456000 3 0 1404
5540.595200 3 0 1404
5541.740800 3 0 1404
5542.880000 3 0 1404
5544.025600 3 0 1404
5545.164800 3 0 1404
5546.310400 3 0 1404
5547.449600 3 0 1404
5548.595200 3 0 1404
5549.734400 3 0 1404
5550.880000 3 0 1404
5552.019200 3 0 1404
5553.164800 3 0 1404
5554.304000 3 0 1404
5555.449600 3 0 1404
5556.588800 3 0 1404
5557.734400 3 0 1404
5558.873600 3 0 1404
5560.019200 3 0 1404
5561.158400 3 0 1404
5562.304000 3 0 1404
5563.443200 3 0 1404
5564.588800 3 0 1404
5565.728000 3 0 1404
5566.873600 3 0 1404
5568.012800 3 0 1404
5569.158400 3 0 1404
5570.297600 3 0 1404
5571.443200 3 0 1404
5572.582400 3 0 1404
5573.728000 3 0 1404
5574.867200 3 0 1404
5576.012800 3 0 1404
5577.152000 3 0 1404
5578.297600 3 0 1404
5579.436800 3 0 1404
5580.582400 3 0 1404
5581.721600 3 0 1404
5582.867200 3 0 1404
5584.006400 3 0 1404
5585.152000 3 0 1404
5586.291200 3 0 1404
5587.436800 3 0 1404
5588.576000 3 0 1404
5589.721600 3 0 1404
5590.860800 3 0 1404
5592.006400 3 0 1404
5593.145600 3 0 1404
5594.291200 3 0 1404
5595.430400 3 0 1404
5596.576000 3 0 1404
5597.715200 3 0 1404
5598.860800 3 0 1404
5600.000000 3 0 1404
5601.145600 3 0 1404
5602.284800 3 0 1404
5603.430400 3 0 1404
5604.569600 3 0 1404
5605.715200 3 0 1404
5606.854400 3 0 1404
5608.000000 3 0 1404
5609.139200 3 0 1404
5610.284800 3 0 1404
5611.424000 3 0 1404
5612.569600 3 0 1404
5613.708800 3 0 1404
5614.854400 3 0 1404
5615.993600 3 0 1404
5617.139200 3 0 1404
5618.278400 3 0 1404
5619.424000 3 0 1404
5620.563200 3 0 1404
5621.708800 3 0 1404
5622.848000 3 0 1404
5623.993600 3 0 1404
5625.132800 3 0 1404
5626.278400 3 0 1404
5627.417600 3 0 1404
5628.563200 3 0 1404
5629.702400 3 0 1404
5630.848000 3 0 1404
5631.987200 3 0 1404
5633.132800 3 0 1404
5634.272000 3 0 1404
5635.417600 3 0 1404
5636.556800 3 0 1404
5637.702400 3 0 1404
5638.841600 3 0 1404
5639.987200 3 0 1404
5641.126400 3 0 1404
5642.272000 3 0 1404
5643.411200 3 0 1404
5644.556800 3 0 1404
5645.696000 3 0 1404
5646.841600 3 0 1404
5647.980800 3 0 1404
5649.126400 3 0 1404
5650.265600 3 0 1404
5651.411200 3 0 1404
5652.550400 3 0 1404
5653.696000 3 0 1404
5654.835200 3 0 1404
5655.980800 3 0 1404
5657.120000 3 0 1404
5658.265600 3 0 1404
5659.404800 3 0 1404
5660.550400 3 0 1404
5661.689600 3 0 1404
5662.835200 3 0 1404
5663.974400 3 0 1404
5665.120000 3 0 1404
5666.265600 3 0 1404
5667.404800 3 0 1404
5668.550400 3 0 1404
5669.689600 3 0 1404
5670.835200 3 0 1404
5671.974400 3 0 1404
5673.120000 3 0 1404
5674.259200 3 0 1404
5675.404800 3 0 1404
5676.544000 3 0 1404
5677.689600 3 0 1404
5678.828800 3 0 1404
5679.974400 3 0 1404
5681.113600 3 0 1404
5682.259200 3 0 1404
5683.398400 3 0 1404
5684.544000 3 0 1404
5685.683200 3 0 1404
5686.828800 3 0 1404
5687.968000 3 0 1404
5689.113600 3 0 1404
5690.252800 3 0 1404
5691.398400 3 0 1404
5692.537600 3 0 1404
5693.683200 3 0 1404
5694.822400 3 0 1404
5695.968000 3 0 1404
5697.107200 3 0 1404
5698.252800 3 0 1404
5699.392000 3 0 1404
5700.537600 3 0 1404
5701.676800 3 0 1404
5702.822400 3 0 1404
5703.961600 3 0 1404
5705.107200 3 0 1404
5706.246400 3 0 1404
5707.392000 3 0 1404
5708.531200 3 0 1404
5709.676800 3 0 1404
5710.816000 3 0 1404
5711.961600 3 0 1404
5713.100800 3 0 1404
5714.246400 3 0 1404
5715.385600 3 0 1404
5716.531200 3 0 1404
5717.670400 3 0 1404
5718.816000 3 0 1404
5719.955200 3 0 1404
5721.100800 3 0 1404
5722.240000 3 0 1404
5723.385600 3 0 1404
5724.524800 3 0 1404
5725.670400 3 0 1404
5726.809600 3 0 1404
5727.955200 3 0 1404
5729.094400 3 0 1404
5730.240000 3 0 1404
5731.379200 3 0 1404
5732.524800 3 0 1404
5733.664000 3 0 1404
5734.809600 3 0 1404
5735.948800 3 0 1404
5737.094400 3 0 1404
5738.233600 3 0 1404
5739.379200 3 0 1404
5740.518400 3 0 1404
5741.664000 3 0 1404
5742.803200 3 0 1404
5743.948800 3 0 1404
5745.088000 3 0 1404
5746.233600 3 0 1404
5747.372800 3 0 1404
5748.518400 3 0 1404
5749.657600 3 0 1404
5750.803200 3 0 1404
5751.942400 3 0 1404
5753.088000 3 0 1404
5754.227200 3 0 1404
5755.372800 3 0 1404
5756.512000 3 0 1404
5757.657600 3 0 1404
5758.796800 3 0 1404
5759.942400 3 0 1404
5761.081600 3 0 1404
5762.227200 3 0 1404
5763.366400 3 0 1404
5764.512000 3 0 1404
5765.651200 3 0 1404
5766.796800 3 0 1404
5767.936000 3 0 1404
5769.081600 3 0 1404
5770.220800 3 0 1404
5771.366400 3 0 1404
5772.505600 3 0 1404
5773.651200 3 0 1404
5774.790400 3 0 1404
5775.936000 3 0 1404
5777.075200 3 0 1404
5778.220800 3 0 1404
5779.360000 3 0 1404
5780.505600 3 0 1404
5781.644800 3 0 1404
5782.790400 3 0 1404
5783.929600 3 0 1404
5785.075200 3 0 1404
5786.214400 3 0 1404
5787.360000 3 0 1404
5788.499200 3 0 1404
5789.644800 3 0 1404
5790.784000 3 0 1404
5791.929600 3 0 1404
5793.068800 3 0 1404
5794.214400 3 0 1404
5795.353600 3 0 1404
5796.499200 3 0 1404
5797.638400 3 0 1404
5798.784000 3 0 1404
5799.923200 3 0 1404
5801.068800 3 0 1404
5802.208000 3 0 1404
5803.353600 3 0 1404
5804.492800 3 0 1404
5805.638400 3 0 1404
5808.742400 3 0 1404
5813.190400 3 0 1404
5819.424000 3 0 1404
5823.974400 3 0 1404
5830.560000 3 0 1404
5835.385600 3 0 1404
5841.574400 3 0 1404
5846.054400 8 4 60
5847.251200 3 0 1404
5876.038400 8 4 60
5882.291200 2 0 1404
5883.430400 2 0 1404
5884.576000 2 0 1404
5885.715200 2 0 1404
5886.860800 2 0 1404
5888.000000 2 0 1404
5889.145600 2 0 1404
5890.284800 2 0 1404
5891.430400 2 0 1404
5892.569600 2 0 1404
5893.715200 2 0 1404
5894.854400 2 0 1404
5896.000000 2 0 1404
5897.139200 2 0 1404
5898.284800 2 0 1404
5899.424000 2 0 1404
5900.569600 2 0 1404
5901.708800 2 0 1404
5902.854400 2 0 1404
5903.993600 2 0 1404
5905.139200 2 0 1404
5906.278400 2 0 1404
5907.424000 2 0 1404
5908.563200 2 0 1404
5909.708800 2 0 1404
5910.848000 2 0 1404
5911.993600 2 0 1404
5913.132800 2 0 1404
5914.278400 2 0 1404
5915.417600 2 0 1404
5916.563200 2 0 1404
5917.702400 2 0 1404
5918.848000 2 0 1404
5919.987200 2 0 1404
5921.132800 2 0 1404
5922.272000 2 0 1404
5923.417600 2 0 1404
5924.556800 2 0 1404
5925.702400 2 0 1404
5926.841600 2 0 1404
5927.987200 2 0 1404
5929.126400 2 0 1404
5930.272000 2 0 1404
5931.411200 2 0 1404
5932.556800 2 0 1404
5933.696000 2 0 1404
5934.841600 2 0 1404
5935.980800 2 0 1404
5937.126400 2 0 1404
5938.265600 2 0 1404
5939.411200 2 0 1404
5940.550400 2 0 1404
5941.696000 2 0 1404
5942.835200 2 0 1404
5943.980800 2 0 1404
5945.120000 2 0 1404
5946.265600 2 0 1404
5947.404800 2 0 1404
5948.550400 2 0 1404
5949.689600 2 0 1404
5950.835200 2 0 1404
5951.974400 2 0 1404
5953.120000 2 0 1404
5954.259200 2 0 1404
5955.404800 2 0 1404
5956.544000 2 0 1404
5957.689600 2 0 1404
5958.828800 2 0 1404
5959.974400 2 0 1404
5961.113600 2 0 1404
5962.259200 2 0 1404
5963.398400 2 0 1404
5964.544000 2 0 1404
5965.683200 2 0 1404
5966.828800 2 0 1404
5967.968000 2 0 1404
5969.113600 2 0 1404
5970.252800 2 0 1404
5971.398400 2 0 1404
5972.537600 2 0 1404
5973.683200 2 0 1404
5974.822400 2 0 1404
5975.968000 2 0 1404
5977.107200 2 0 1404
5978.252800 2 0 1404
5979.392000 2 0 1404
5980.537600 2 0 1404
5981.676800 2 0 1404
5982.822400 2 0 1404
5983.961600 2 0 1404
5985.107200 2 0 1404
5986.246400 2 0 1404
5987.392000 2 0 1404
5988.531200 2 0 1404
5989.676800 2 0 1404
5990.816000 2 0 1404
5991.961600 2 0 1404
5993.100800 2 0 1404
5994.246400 2 0 1404
5995.385600 2 0 1404
5996.531200 2 0 1404
5997.670400 2 0 1404
5998.816000 2 0 1404
5999.955200 2 0 1404
6001.100800 2 0 1404
6002.240000 2 0 1404
6003.385600 2 0 1404
6004.524800 2 0 1404
6005.670400 2 0 1404
6006.809600 2 0 1404
6007.955200 2 0 1404
6009.094400 2 0 1404
6010.240000 2 0 1404
6011.379200 2 0 1404
6012.524800 2 0 1404
6013.664000 2 0 1404
6014.809600 2 0 1404
6015.948800 2 0 1404
6017.094400 2 0 1404
6018.233600 2 0 1404
6019.379200 2 0 1404
6020.518400 2 0 1404
6021.664000 2 0 1404
6022.803200 2 0 1404
6023.948800 2 0 1404
6025.088000 2 0 1404
6026.233600 2 0 1404
6027.372800 2 0 1404
6028.518400 2 0 1404
6029.657600 2 0 1404
6030.803200 2 0 1404
6031.942400 2 0 1404
6033.088000 2 0 1404
6034.227200 2 0 1404
6035.372800 2 0 1404
6036.512000 2 0 1404
6037.657600 2 0 1404
6038.796800 2 0 1404
6039.942400 2 0 1404
6041.081600 2 0 1404
6042.227200 2 0 1404
6043.366400 2 0 1404
6044.512000 2 0 1404
6045.651200 2 0 1404
6046.796800 2 0 1404
6047.936000 2 0 1404
6049.081600 2 0 1404
6050.220800 2 0 1404
6051.366400 2 0 1404
6052.505600 2 0 1404
6053.651200 2 0 1404
6054.790400 2 0 1404
6055.936000 2 0 1404
6057.075200 2 0 1404
6058.220800 2 0 1404
6059.360000 2 0 1404
6060.505600 2 0 1404
6061.644800 2 0 1404
6062.790400 2 0 1404
6063.929600 2 0 1404
6065.075200 2 0 1404
6066.214400 2 0 1404
6067.360000 2 0 1404
6068.499200 2 0 1404
6069.644800 2 0 1404
6070.784000 2 0 1404
6071.929600 2 0 1404
6073.068800 2 0 1404
6074.214400 2 0 1404
6075.353600 2 0 1404
6076.499200 2 0 1404
6077.638400 2 0 1404
6078.784000 2 0 1404
6079.923200 2 0 1404
6081.068800 2 0 1404
6082.208000 2 0 1404
6083.353600 2 0 1404
6084.492800 2 0 1404
6085.638400 2 0 1404
6086.777600 2 0 1404
6087.923200 2 0 1404
6089.062400 2 0 1404
6090.208000 2 0 1404
6091.347200 2 0 1404
6092.492800 2 0 1404
6093.632000 2 0 1404
6094.777600 2 0 1404
6095.916800 2 0 1404
6097.062400 2 0 1404
6098.201600 2 0 1404
6099.347200 2 0 1404
6100.486400 2 0 1404
6101.632000 2 0 1404
6102.771200 2 0 1404
6103.916800 2 0 1404
6105.056000 2 0 1404
6106.201600 2 0 1404
6107.340800 2 0 1404
6108.486400 2 0 1404
6109.625600 2 0 1404
6110.771200 2 0 1404
6111.910400 2 0 1404
6113.056000 2 0 1404
6114.195200 2 0 1404
6115.340800 2 0 1404
6116.480000 2 0 1404
6117.625600 2 0 1404
6118.764800 2 0 1404
6119.910400 2 0 1404
6121.049600 2 0 1404
6122.195200 2 0 1404
6123.334400 2 0 1404
6124.480000 2 0 1404
6125.619200 2 0 1404
6126.764800 2 0 1404
6127.904000 2 0 1404
6129.049600 2 0 1404
6130.188800 2 0 1404
6131.334400 2 0 1404
6132.473600 2 0 1404
6133.619200 2 0 1404
6134.758400 2 0 1404
6135.904000 2 0 1404
6137.043200 2 0 1404
6138.188800 2 0 1404
6139.328000 2 0 1404
6140.473600 2 0 1404
6141.612800 2 0 1404
6142.758400 2 0 1404
6143.897600 2 0 1404
6145.043200 2 0 1404
6146.182400 2 0 1404
6147.328000 2 0 1404
6148.467200 2 0 1404
6149.612800 2 0 1404
6150.752000 2 0 1404
6151.897600 2 0 1404
6153.036800 2 0 1404
6154.182400 2 0 1404
6155.321600 2 0 1404
6156.467200 2 0 1404
6157.606400 2 0 1404
6158.752000 2 0 1404
6159.891200 2 0 1404
6161.036800 2 0 1404
6162.176000 2 0 1404
6163.321600 2 0 1404
6164.460800 2 0 1404
6165.606400 2 0 1404
6166.745600 2 0 1404
6167.891200 2 0 1404
6169.030400 2 0 1404
6170.176000 2 0 1404
6171.315200 2 0 1404
6172.460800 2 0 1404
6173.600000 2 0 1404
6174.745600 2 0 1404
6175.884800 2 0 1404
6177.030400 2 0 1404
6178.169600 2 0 1404
6179.315200 2 0 1404
6180.454400 2 0 1404
6181.862400 2 0 1404
6187.948800 2 0 1404
6193.088000 2 0 1404
6199.014400 2 0 1404
6203.891200 2 0 1404
6209.952000 2 0 1404
6214.950400 2 0 1404
6220.953600 2 0 1404
6222.086400 8 4 60
6226.227200 2 0 1404
6252.038400 8 4 60
6258.304000 1 0 1404
6259.449600 1 0 1404
6260.588800 1 0 1404
6261.734400 1 0 1404
6262.873600 1 0 1404
6264.019200 1 0 1404
6265.158400 1 0 1404
6266.304000 1 0 1404
6267.443200 1 0 1404
6268.588800 1 0 1404
6269.728000 1 0 1404
6270.873600 1 0 1404
6272.012800 1 0 1404
6273.158400 1 0 1404
6274.297600 1 0 1404
6275.443200 1 0 1404
6276.582400 1 0 1404
6277.728000 1 0 1404
6278.867200 1 0 1404
6280.012800 1 0 1404
6281.152000 1 0 1404
6282.297600 1 0 1404
6283.436800 1 0 1404
6284.582400 1 0 1404
6285.721600 1 0 1404
6286.867200 1 0 1404
6288.006400 1 0 1404
6289.152000 1 0 1404
6290.291200 1 0 1404
6291.436800 1 0 1404
6292.576000 1 0 1404
6293.721600 1 0 1404
6294.860800 1 0 1404
6296.006400 1 0 1404
6297.145600 1 0 1404
6298.291200 1 0 1404
6299.430400 1 0 1404
6300.576000 1 0 1404
6301.715200 1 0 1404
6302.860800 1 0 1404
6304.000000 1 0 1404
6305.145600 1 0 1404
6306.284800 1 0 1404
6307.430400 1 0 1404
6308.569600 1 0 1404
6309.715200 1 0 1404
6310.854400 1 0 1404
6312.000000 1 0 1404
6313.139200 1 0 1404
6314.284800 1 0 1404
6315.424000 1 0 1404
6316.569600 1 0 1404
6317.708800 1 0 1404
6318.854400 1 0 1404
6319.993600 1 0 1404
6321.139200 1 0 1404
6322.278400 1 0 1404
6323.424000 1 0 1404
6324.563200 1 0 1404
6325.708800 1 0 1404
6326.848000 1 0 1404
6327.993600 1 0 1404
6329.132800 1 0 1404
6330.278400 1 0 1404
6331.417600 1 0 1404
6332.563200 1 0 1404
6333.702400 1 0 1404
6334.848000 1 0 1404
6335.987200 1 0 1404
6337.132800 1 0 1404
6338.272000 1 0 1404
6339.417600 1 0 1404
6340.556800 1 0 1404
6341.702400 1 0 1404
6342.841600 1 0 1404
6343.987200 1 0 1404
6345.126400 1 0 1404
6346.272000 1 0 1404
6347.411200 1 0 1404
6348.556800 1 0 1404
6349.696000 1 0 1404
6350.841600 1 0 1404
6351.980800 1 0 1404
6353.126400 1 0 1404
6354.265600 1 0 1404
6355.411200 1 0 1404
6356.550400 1 0 1404
6357.696000 1 0 1404
6358.835200 1 0 1404
6359.980800 1 0 1404
6361.120000 1 0 1404
6362.265600 1 0 1404
6363.404800 1 0 1404
6364.550400 1 0 1404
6365.689600 1 0 1404
6366.835200 1 0 1404
6367.974400 1 0 1404
6369.120000 1 0 1404
6370.259200 1 0 1404
6371.404800 1 0 1404
6372.544000 1 0 1404
6373.689600 1 0 1404
6374.828800 1 0 1404
6375.974400 1 0 1404
6377.113600 1 0 1404
6378.259200 1 0 1404
6379.398400 1 0 1404
6380.544000 1 0 1404
6381.683200 1 0 1404
6382.828800 1 0 1404
6383.968000 1 0 1404
6385.113600 1 0 1404
6386.252800 1 0 1404
6387.398400 1 0 1404
6388.544000 1 0 1404
6389.689600 1 0 1404
6390.828800 1 0 1404
6391.974400 1 0 1404
6393.113600 1 0 1404
6394.259200 1 0 1404
6395.398400 1 0 1404
6396.544000 1 0 1404
6397.683200 1 0 1404
6398.828800 1 0 1404
6399.968000 1 0 1404
6401.113600 1 0 1404
6402.252800 1 0 1404
6403.398400 1 0 1404
6404.537600 1 0 1404
6405.683200 1 0 1404
6406.822400 1 0 1404
6407.968000 1 0 1404
6409.107200 1 0 1404
6410.252800 1 0 1404
6411.392000 1 0 1404
6412.537600 1 0 1404
6413.676800 1 0 1404
6414.822400 1 0 1404
6415.961600 1 0 1404
6417.107200 1 0 1404
6418.246400 1 0 1404
6419.392000 1 0 1404
6420.531200 1 0 1404
6421.676800 1 0 1404
6422.816000 1 0 1404
6423.961600 1 0 1404
6425.100800 1 0 1404
6426.246400 1 0 1404
6427.385600 1 0 1404
6428.531200 1 0 1404
6429.670400 1 0 1404
6430.816000 1 0 1404
6431.955200 1 0 1404
6433.100800 1 0 1404
6434.240000 1 0 1404
6435.385600 1 0 1404
6436.524800 1 0 1404
6437.670400 1 0 1404
6438.809600 1 0 1404
6439.955200 1 0 1404
6441.094400 1 0 1404
6442.240000 1 0 1404
6443.379200 1 0 1404
6444.524800 1 0 1404
6445.664000 1 0 1404
6446.809600 1 0 1404
6447.948800 1 0 1404
6449.094400 1 0 1404
6450.233600 1 0 1404
6451.379200 1 0 1404
6452.518400 1 0 1404
6453.664000 1 0 1404
6454.803200 1 0 1404
6455.948800 1 0 1404
6457.088000 1 0 1404
6458.233600 1 0 1404
6459.372800 1 0 1404
6460.518400 1 0 1404
6461.657600 1 0 1404
6462.803200 1 0 1404
6463.942400 1 0 1404
6465.088000 1 0 1404
6466.227200 1 0 1404
6467.372800 1 0 1404
6468.512000 1 0 1404
6469.657600 1 0 1404
6470.796800 1 0 1404
6471.942400 1 0 1404
6473.081600 1 0 1404
6474.227200 1 0 1404
6475.366400 1 0 1404
6476.512000 1 0 1404
6477.651200 1 0 1404
6478.796800 1 0 1404
6479.936000 1 0 1404
6481.081600 1 0 1404
6482.220800 1 0 1404
6483.366400 1 0 1404
6484.505600 1 0 1404
6485.651200 1 0 1404
6486.790400 1 0 1404
6487.936000 1 0 1404
6489.075200 1 0 1404
6490.220800 1 0 1404
6491.360000 1 0 1404
6492.505600 1 0 1404
6493.644800 1 0 1404
6494.790400 1 0 1404
6495.929600 1 0 1404
6497.075200 1 0 1404
6498.214400 1 0 1404
6499.360000 1 0 1404
