nday dem circ circq pack
1 0.013 0.000 0.000 0.013
1 0.014 0.000 0.000 0.014
1 0.013 0.000 0.000 0.013
1 0.013 0.000 0.000 0.013
1 0.014 0.000 0.000 0.014
1 0.013 0.000 0.000 0.013
1 0.013 0.000 0.000 0.013
1 0.011 0.000 0.000 0.011
1 0.013 0.000 0.000 0.013
1 0.013 0.000 0.000 0.013
1 0.014 0.000 0.000 0.014
1 0.014 0.000 0.000 0.014
1 0.013 0.000 0.000 0.013
1 0.012 0.000 0.000 0.012
1 0.012 0.000 0.000 0.012
1 0.014 0.000 0.000 0.014
1 0.012 0.000 0.000 0.012
1 0.013 0.000 0.000 0.013
1 0.013 0.000 0.000 0.013
1 0.012 0.000 0.000 0.012
1 0.013 0.000 0.000 0.013
1 0.013 0.000 0.000 0.013
1 0.011 0.000 0.000 0.011
1 0.013 0.000 0.000 0.013
1 0.013 0.000 0.000 0.013
1 0.013 0.000 0.000 0.013
1 0.012 0.000 0.000 0.012
1 0.012 0.000 0.000 0.012
1 0.013 0.000 0.000 0.013
1 0.012 0.000 0.000 0.012
1 0.014 0.000 0.000 0.014
1 0.013 0.000 0.000 0.013
1 0.015 0.000 0.000 0.015
1 0.015 0.000 0.000 0.015
1 0.011 0.000 0.000 0.011
1 0.012 0.000 0.000 0.012
1 0.013 0.000 0.000 0.013
1 0.015 0.000 0.000 0.015
1 0.013 0.000 0.000 0.013
1 0.013 0.000 0.000 0.013
1 0.014 0.000 0.000 0.014
1 0.013 0.000 0.000 0.013
1 0.014 0.000 0.000 0.014
1 0.014 0.000 0.000 0.014
1 0.014 0.000 0.000 0.014
1 0.013 0.000 0.000 0.013
1 0.011 0.000 0.000 0.011
1 0.010 0.000 0.000 0.010
1 0.013 0.000 0.000 0.013
1 0.012 0.000 0.000 0.012
1 0.014 0.000 0.000 0.014
1 0.012 0.000 0.000 0.012
1 0.012 0.000 0.000 0.012
1 0.013 0.000 0.000 0.013
1 0.011 0.000 0.000 0.011
1 0.014 0.000 0.000 0.014
1 0.012 0.000 0.000 0.012
1 0.011 0.000 0.000 0.011
1 0.013 0.000 0.000 0.013
1 0.013 0.000 0.000 0.013
1 0.012 0.000 0.000 0.012
1 0.012 0.000 0.000 0.012
1 0.014 0.000 0.000 0.014
1 0.012 0.000 0.000 0.012
1 0.013 0.000 0.000 0.013
1 0.012 0.000 0.000 0.012
1 0.014 0.000 0.000 0.014
1 0.014 0.000 0.000 0.014
1 0.013 0.000 0.000 0.013
1 0.013 0.000 0.000 0.013
1 0.012 0.000 0.000 0.012
1 0.012 0.000 0.000 0.012
1 0.014 0.000 0.000 0.014
1 0.012 0.000 0.000 0.012
1 0.012 0.000 0.000 0.012
1 0.013 0.000 0.000 0.013
1 0.015 0.000 0.000 0.015
1 0.013 0.000 0.000 0.013
1 0.013 0.000 0.000 0.013
1 0.011 0.000 0.000 0.011
1 0.012 0.000 0.000 0.012
1 0.015 0.000 0.000 0.015
1 0.014 0.000 0.000 0.014
1 0.013 0.000 0.000 0.013
1 0.011 0.000 0.000 0.011
1 0.014 0.000 0.000 0.014
1 0.012 0.000 0.000 0.012
1 0.012 0.000 0.000 0.012
1 0.013 0.000 0.000 0.013
1 0.012 0.000 0.000 0.012
1 0.014 0.000 0.000 0.014
1 0.015 0.000 0.000 0.015
1 0.014 0.000 0.000 0.014
1 0.013 0.000 0.000 0.013
1 0.016 0.000 0.000 0.016
1 0.013 0.000 0.000 0.013
1 0.011 0.000 0.000 0.011
1 0.012 0.000 0.000 0.012
1 0.013 0.000 0.000 0.013
1 0.012 0.000 0.000 0.012
1 0.010 0.000 0.000 0.010
1 0.014 0.000 0.000 0.014
1 0.015 0.000 0.000 0.015
1 0.013 0.000 0.000 0.013
1 0.014 0.000 0.000 0.014
1 0.015 0.000 0.000 0.015
1 0.012 0.000 0.000 0.012
1 0.011 0.000 0.000 0.011
1 0.015 0.000 0.000 0.015
1 0.011 0.000 0.000 0.011
1 0.012 0.000 0.000 0.012
1 0.013 0.000 0.000 0.013
1 0.012 0.000 0.000 0.012
1 0.012 0.000 0.000 0.012
1 0.013 0.000 0.000 0.013
1 0.014 0.000 0.000 0.014
1 0.012 0.000 0.000 0.012
1 0.012 0.000 0.000 0.012
1 0.012 0.000 0.000 0.012
1 0.013 0.000 0.000 0.013
1 0.012 0.000 0.000 0.012
1 0.015 0.000 0.000 0.015
1 0.013 0.000 0.000 0.013
1 0.012 0.000 0.000 0.012
1 0.012 0.000 0.000 0.012
1 0.014 0.000 0.000 0.014
1 0.015 0.000 0.000 0.015
1 0.015 0.000 0.000 0.015
1 0.012 0.000 0.000 0.012
1 0.015 0.000 0.000 0.015
1 0.012 0.000 0.000 0.012
1 0.014 0.000 0.000 0.014
1 0.013 0.000 0.000 0.013
1 0.013 0.000 0.000 0.013
1 0.015 0.000 0.000 0.015
1 0.010 0.000 0.000 0.010
1 0.013 0.000 0.000 0.013
1 0.012 0.000 0.000 0.012
1 0.013 0.000 0.000 0.013
1 0.015 0.000 0.000 0.015
1 0.011 0.000 0.000 0.011
1 0.012 0.000 0.000 0.012
1 0.012 0.000 0.000 0.012
1 0.012 0.000 0.000 0.012
1 0.013 0.000 0.000 0.013
1 0.012 0.000 0.000 0.012
1 0.014 0.000 0.000 0.014
1 0.014 0.000 0.000 0.014
1 0.013 0.000 0.000 0.013
1 0.014 0.000 0.000 0.014
1 0.014 0.000 0.000 0.014
1 0.012 0.000 0.000 0.012
1 0.013 0.000 0.000 0.013
1 0.014 0.000 0.000 0.014
1 0.011 0.000 0.000 0.011
1 0.013 0.000 0.000 0.013
1 0.013 0.000 0.000 0.013
1 0.014 0.000 0.000 0.014
1 0.014 0.000 0.000 0.014
1 0.013 0.000 0.000 0.013
1 0.013 0.000 0.000 0.013
1 0.012 0.000 0.000 0.012
1 0.012 0.000 0.000 0.012
1 0.011 0.000 0.000 0.011
1 0.012 0.000 0.000 0.012
1 0.013 0.000 0.000 0.013
