3000000 0.089600 0.089600 0.089600 0.089600 0.089600 0.089600 7.652736
4500000 0.097067 0.097067 0.097067 0.097067 0.097067 0.097067 7.854912
6000000 0.097067 0.097067 0.097067 0.097067 0.097067 0.097067 7.839936
7500000 0.097067 0.097067 0.097067 0.097067 0.097067 0.097067 7.854912
9000000 0.097067 0.097067 0.097067 0.097067 0.097067 4.305600 4.058496
10500000 0.097067 0.097067 0.097067 0.097067 0.097067 4.313088 3.968640
12000000 0.097067 0.097067 0.097067 0.097067 0.097067 4.253184 3.976128
13500000 0.089600 0.089600 0.097067 0.089600 0.089600 3.968640 3.968640
15000000 0.097067 0.097067 0.089600 0.097067 2.808000 2.852928 2.710656
16500000 0.097067 0.097067 0.097067 0.097067 2.867904 2.882880 2.680704
18000000 0.097067 0.097067 0.097067 0.097067 2.882880 2.860416 2.680704
19500000 0.097067 0.097067 0.097067 0.097067 2.763072 2.867904 2.680704
21000000 0.097067 0.097067 0.097067 2.059200 2.134080 2.126592 2.044224
22500000 0.097067 0.097067 0.097067 2.141568 2.141568 2.141568 2.021760
24000000 0.089600 0.089600 0.097067 2.134080 2.141568 2.141568 2.036736
25500000 0.097067 0.097067 0.089600 2.119104 2.134080 2.141568 2.029248
27000000 0.097067 0.097067 1.632384 1.707264 1.714752 1.714752 1.654848
28500000 0.097067 0.097067 1.699776 1.714752 1.707264 1.714752 1.639872
30000000 0.097067 0.097067 1.714752 1.714752 1.699776 1.714752 1.647360
31500000 0.097067 0.097067 1.714752 1.707264 1.714752 1.714752 1.639872
33000000 0.097067 1.347840 1.430208 1.437696 1.445184 1.445184 1.400256
34500000 0.089600 1.437696 1.437696 1.437696 1.445184 1.415232 1.385280
36000000 0.097067 1.445184 1.445184 1.437696 1.445184 1.445184 1.392768
37500000 0.097067 1.437696 1.452672 1.437696 1.445184 1.445184 1.385280
39000000 1.115712 1.220544 1.220544 1.213056 1.220544 1.220544 1.205568
40500000 1.220544 1.220544 1.220544 1.213056 1.220544 1.220544 1.205568
42000000 1.220544 1.220544 1.220544 1.213056 1.220544 1.220544 1.205568
43500000 1.220544 1.220544 1.220544 1.213056 1.220544 1.220544 1.198080
