nze be neph bph nzph50 nzph90 bph50 bph90
17 2 12 2 0 0 0 0
24 3 12 2 0 0 0 0
23 2 12 1 0 0 0 0
21 3 12 3 0 0 0 0
24 3 12 3 0 0 0 0
22 2 12 2 0 0 0 0
20 3 12 2 0 0 0 0
22 3 11 3 0 0 0 0
24 3 12 2 0 0 0 0
27 3 12 3 0 0 0 0
26 3 12 2 0 0 0 0
24 3 12 2 0 0 0 0
24 4 11 3 0 0 0 0
21 3 12 2 0 0 0 0
24 3 12 2 0 0 0 0
24 4 12 2 0 0 0 0
27 3 12 2 0 0 0 0
25 4 12 3 0 0 0 0
21 3 12 2 0 0 0 0
29 5 12 3 0 0 0 0
32 4 12 3 0 0 0 0
26 3 12 2 0 0 0 0
21 3 12 2 0 0 0 0
24 2 11 2 0 0 0 0
24 3 12 2 0 0 0 0
20 3 12 2 0 0 0 0
21 4 11 3 0 0 0 0
24 3 12 2 0 0 0 0
26 5 12 3 0 0 0 0
24 3 12 2 0 0 0 0
24 2 12 2 0 0 0 0
22 3 12 2 0 0 0 0
22 3 12 2 0 0 0 0
25 3 12 2 0 0 0 0
19 2 12 2 0 0 0 0
24 3 12 3 0 0 0 0
24 5 12 3 0 0 0 0
27 5 12 3 0 0 0 0
25 4 12 2 0 0 0 0
25 3 12 2 0 0 0 0
20 3 12 3 0 0 0 0
24 4 12 2 0 0 0 0
23 5 12 3 0 0 0 0
23 3 11 2 0 0 0 0
21 4 12 2 0 0 0 0
24 3 12 2 0 0 0 0
26 4 12 3 0 0 0 0
19 4 12 3 0 0 0 0
28 3 12 2 0 0 0 0
20 2 12 2 0 0 0 0
21 3 12 2 0 0 0 0
20 3 12 2 0 0 0 0
18 3 12 3 0 0 0 0
24 3 11 3 0 0 0 0
24 3 12 2 0 0 0 0
20 3 12 2 0 0 0 0
21 2 11 2 0 0 0 0
24 3 12 2 0 0 0 0
19 3 12 2 0 0 0 0
25 3 12 2 0 0 0 0
23 3 11 2 0 0 0 0
24 3 12 2 0 0 0 0
20 3 12 3 0 0 0 0
24 3 12 3 0 0 0 0
24 3 12 2 0 0 0 0
22 3 12 2 0 0 0 0
25 3 12 2 0 0 0 0
22 3 12 2 0 0 0 0
24 2 12 2 0 0 0 0
21 3 12 2 0 0 0 0
23 3 12 2 0 0 0 0
23 3 12 2 0 0 0 0
21 3 12 2 0 0 0 0
22 3 11 2 0 0 0 0
23 3 12 2 0 0 0 0
21 3 12 2 0 0 0 0
22 3 12 2 0 0 0 0
21 3 12 2 0 0 0 0
20 3 12 2 0 0 0 0
19 3 12 2 0 0 0 0
22 4 12 2 0 0 0 0
20 3 12 2 0 0 0 0
23 3 12 2 0 0 0 0
22 2 12 2 0 0 0 0
25 3 12 2 0 0 0 0
23 3 12 2 0 0 0 0
24 4 12 2 0 0 0 0
18 3 12 2 0 0 0 0
22 4 12 2 0 0 0 0
21 3 12 3 0 0 0 0
21 2 12 2 0 0 0 0
21 3 12 2 0 0 0 0
22 3 12 2 0 0 0 0
20 3 12 2 0 0 0 0
21 3 12 2 0 0 0 0
20 3 11 2 0 0 0 0
22 3 12 3 0 0 0 0
25 3 12 3 0 0 0 0
20 5 12 3 0 0 0 0
22 2 12 2 0 0 0 0
23 4 12 2 0 0 0 0
21 3 12 2 0 0 0 0
23 3 12 3 0 0 0 0
23 2 12 2 0 0 0 0
22 6 12 4 0 0 0 0
18 4 12 3 0 0 0 0
22 3 12 2 0 0 0 0
22 3 12 3 0 0 0 0
21 3 12 2 0 0 0 0
24 2 11 2 0 0 0 0
23 3 11 2 0 0 0 0
27 4 12 3 0 0 0 0
25 4 12 2 0 0 0 0
24 2 12 2 0 0 0 0
23 3 12 2 0 0 0 0
22 3 12 2 0 0 0 0
24 3 12 2 0 0 0 0
22 5 12 3 0 0 0 0
27 3 12 2 0 0 0 0
23 4 11 3 0 0 0 0
22 3 12 2 0 0 0 0
28 3 12 2 0 0 0 0
24 3 12 2 0 0 0 0
23 3 12 2 0 0 0 0
23 3 12 2 0 0 0 0
27 3 11 2 0 0 0 0
23 3 12 2 0 0 0 0
24 3 12 2 0 0 0 0
22 4 12 2 0 0 0 0
22 3 12 2 0 0 0 0
26 3 12 2 0 0 0 0
22 3 12 2 0 0 0 0
20 3 12 2 0 0 0 0
19 3 12 2 0 0 0 0
22 4 11 2 0 0 0 0
21 3 12 3 0 0 0 0
25 3 12 2 0 0 0 0
24 4 12 3 0 0 0 0
25 3 12 2 0 0 0 0
21 3 12 2 0 0 0 0
23 3 12 2 0 0 0 0
20 4 12 2 0 0 0 0
24 4 12 3 0 0 0 0
23 3 11 3 0 0 0 0
23 3 12 3 0 0 0 0
23 4 11 2 0 0 0 0
21 4 11 3 0 0 0 0
23 2 12 2 0 0 0 0
26 4 12 3 0 0 0 0
25 4 12 2 0 0 0 0
23 3 12 3 0 0 0 0
23 3 11 2 0 0 0 0
25 3 12 2 0 0 0 0
21 4 12 2 0 0 0 0
22 3 12 2 0 0 0 0
29 4 12 2 0 0 0 0
22 3 12 2 0 0 0 0
22 4 12 3 0 0 0 0
23 4 12 3 0 0 0 0
21 4 12 3 0 0 0 0
20 3 12 2 0 0 0 0
21 3 12 2 0 0 0 0
21 4 12 3 0 0 0 0
25 4 12 3 0 0 0 0
27 3 12 3 0 0 0 0
24 5 12 3 0 0 0 0
24 3 12 2 0 0 0 0
20 3 12 2 0 0 0 0
25 5 12 4 0 0 0 0
24 5 12 4 0 0 0 0
24 5 12 4 0 0 0 0
27 4 12 3 0 0 0 0
25 4 12 3 0 0 0 0
24 3 12 2 0 0 0 0
24 4 12 3 0 0 0 0
30 4 11 3 0 0 0 0
23 3 12 2 0 0 0 0
29 4 12 3 0 0 0 0
23 3 12 3 0 0 0 0
24 3 12 2 0 0 0 0
23 3 12 2 0 0 0 0
26 3 12 3 0 0 0 0
25 4 12 3 0 0 0 0
21 3 11 3 0 0 0 0
23 4 11 3 0 0 0 0
21 3 11 2 0 0 0 0
21 4 11 3 0 0 0 0
20 2 11 2 0 0 0 0
31 4 12 3 0 0 0 0
26 3 11 2 0 0 0 0
24 3 12 3 0 0 0 0
25 4 12 2 0 0 0 0
22 3 12 2 0 0 0 0
23 3 12 2 0 0 0 0
21 3 12 2 0 0 0 0
21 3 12 2 0 0 0 0
22 4 11 3 0 0 0 0
25 4 12 3 0 0 0 0
28 3 12 2 0 0 0 0
27 3 12 2 0 0 0 0
27 4 12 2 0 0 0 0
23 3 11 2 0 0 0 0
19 3 12 2 0 0 0 0
21 3 11 2 0 0 0 0
24 3 11 2 0 0 0 0
26 3 12 2 0 0 0 0
19 3 12 2 0 0 0 0
21 3 11 2 0 0 0 0
26 3 11 2 0 0 0 0
22 4 12 3 0 0 0 0
24 2 12 2 0 0 0 0
25 3 12 2 0 0 0 0
20 3 11 2 0 0 0 0
25 3 12 2 0 0 0 0
22 4 12 3 0 0 0 0
28 3 12 2 0 0 0 0
23 5 12 3 0 0 0 0
31 4 12 3 0 0 0 0
26 4 12 3 0 0 0 0
28 4 12 2 0 0 0 0
22 3 12 2 0 0 0 0
29 3 12 2 0 0 0 0
23 3 12 3 0 0 0 0
21 3 11 3 0 0 0 0
23 4 12 3 0 0 0 0
21 3 12 2 0 0 0 0
22 3 12 2 0 0 0 0
24 3 12 3 0 0 0 0
27 3 12 2 0 0 0 0
32 4 12 3 0 0 0 0
23 4 12 3 0 0 0 0
28 3 12 2 0 0 0 0
19 5 12 3 0 0 0 0
28 3 12 2 0 0 0 0
25 4 11 3 0 0 0 0
26 3 12 2 0 0 0 0
21 3 12 2 0 0 0 0
21 4 12 3 0 0 0 0
26 3 12 2 0 0 0 0
20 3 11 2 0 0 0 0
25 2 12 2 0 0 0 0
30 5 11 3 0 0 0 0
22 4 12 3 0 0 0 0
22 5 12 3 0 0 0 0
23 4 12 3 0 0 0 0
24 4 12 3 0 0 0 0
24 4 12 3 0 0 0 0
24 4 12 3 0 0 0 0
23 4 12 3 0 0 0 0
26 3 12 2 0 0 0 0
26 4 12 2 0 0 0 0
23 3 12 2 0 0 0 0
26 3 12 2 0 0 0 0
27 4 12 3 0 0 0 0
22 3 12 3 0 0 0 0
22 3 12 2 0 0 0 0
28 4 12 3 0 0 0 0
30 6 12 3 0 0 0 0
27 5 12 3 0 0 0 0
23 4 12 3 0 0 0 0
30 4 12 3 0 0 0 0
28 4 12 2 0 0 0 0
27 4 12 3 0 0 0 0
30 5 12 3 0 0 0 0
26 5 12 3 0 0 0 0
25 4 12 3 0 0 0 0
22 4 12 3 0 0 0 0
29 3 12 3 0 0 0 0
25 3 12 2 0 0 0 0
24 3 12 2 0 0 0 0
23 4 12 3 0 0 0 0
25 4 12 3 0 0 0 0
29 4 12 3 0 0 0 0
27 4 11 3 0 0 0 0
26 4 11 3 0 0 0 0
22 5 12 3 0 0 0 0
25 5 12 3 0 0 0 0
27 4 12 2 0 0 0 0
28 3 12 3 0 0 0 0
31 4 12 3 0 0 0 0
24 3 12 3 0 0 0 0
26 5 12 4 0 0 0 0
24 4 12 3 0 0 0 0
24 4 12 3 0 0 0 0
32 5 12 4 0 0 0 0
28 4 12 3 0 0 0 0
25 5 12 4 0 0 0 0
21 4 12 3 0 0 0 0
22 4 12 2 0 0 0 0
23 3 12 2 0 0 0 0
22 3 12 2 0 0 0 0
22 4 12 3 0 0 0 0
20 3 12 2 0 0 0 0
23 4 12 2 0 0 0 0
24 3 12 2 0 0 0 0
19 3 12 3 0 0 0 0
23 4 12 3 0 0 0 0
24 4 12 3 0 0 0 0
20 3 12 2 0 0 0 0
23 3 12 2 0 0 0 0
21 3 12 3 0 0 0 0
23 2 12 2 0 0 0 0
21 3 12 2 0 0 0 0
21 3 12 2 0 0 0 0
20 5 12 2 0 0 0 0
28 4 12 3 0 0 0 0
24 3 12 3 0 0 0 0
31 4 12 2 0 0 0 0
26 4 12 3 0 0 0 0
25 5 12 4 0 0 0 0
22 3 12 2 0 0 0 0
25 3 12 3 0 0 0 0
22 3 12 2 0 0 0 0
23 4 12 4 0 0 0 0
24 4 12 3 0 0 0 0
22 3 12 3 0 0 0 0
27 3 12 3 0 0 0 0
24 4 12 3 0 0 0 0
24 4 12 3 0 0 0 0
25 3 12 3 0 0 0 0
21 4 12 3 0 0 0 0
26 5 12 3 0 0 0 0
24 3 12 3 0 0 0 0
26 4 11 3 0 0 0 0
23 4 12 3 0 0 0 0
25 4 12 3 0 0 0 0
24 5 11 3 0 0 0 0
21 4 11 3 0 0 0 0
22 5 12 4 0 0 0 0
24 6 11 4 0 0 0 0
24 3 12 3 0 0 0 0
24 3 12 3 0 0 0 0
23 3 12 3 0 0 0 0
24 6 12 4 0 0 0 0
26 4 12 3 0 0 0 0
25 4 12 3 0 0 0 0
23 4 12 3 0 0 0 0
21 4 12 3 0 0 0 0
22 3 12 3 0 0 0 0
24 4 12 3 0 0 0 0
25 3 11 3 0 0 0 0
26 4 12 3 0 0 0 0
25 3 12 3 0 0 0 0
28 4 12 3 0 0 0 0
23 3 12 3 0 0 0 0
22 3 12 2 0 0 0 0
21 3 12 2 0 0 0 0
26 3 11 3 0 0 0 0
28 3 12 2 0 0 0 0
27 3 12 2 0 0 0 0
28 3 12 2 0 0 0 0
25 3 12 2 0 0 0 0
25 4 12 3 0 0 0 0
24 3 12 2 0 0 0 0
30 4 12 2 0 0 0 0
22 4 12 2 0 0 0 0
28 4 12 3 0 0 0 0
27 3 12 2 0 0 0 0
30 3 12 2 0 0 0 0
22 3 12 2 0 0 0 0
22 3 12 2 0 0 0 0
23 4 12 3 0 0 0 0
32 4 11 2 0 0 0 0
23 4 12 2 0 0 0 0
24 4 12 3 0 0 0 0
22 4 12 2 0 0 0 0
23 3 12 3 0 0 0 0
25 4 12 3 0 0 0 0
28 5 12 3 0 0 0 0
24 3 12 2 0 0 0 0
26 4 12 2 0 0 0 0
28 3 12 2 0 0 0 0
25 3 12 2 0 0 0 0
27 4 12 3 0 0 0 0
25 3 12 2 0 0 0 0
23 3 12 2 0 0 0 0
25 3 12 3 0 0 0 0
29 3 12 2 0 0 0 0
27 3 12 2 0 0 0 0
24 3 12 2 0 0 0 0
25 3 12 2 0 0 0 0
25 4 12 3 0 0 0 0
24 3 12 2 0 0 0 0
28 3 12 2 0 0 0 0
24 4 12 2 0 0 0 0
24 3 12 2 0 0 0 0
26 2 12 2 0 0 0 0
28 3 12 2 0 0 0 0
26 3 12 2 0 0 0 0
28 3 11 3 0 0 0 0
25 4 12 3 0 0 0 0
32 3 12 2 0 0 0 0
27 3 12 3 0 0 0 0
27 3 12 3 0 0 0 0
25 3 12 2 0 0 0 0
23 3 12 3 0 0 0 0
23 3 12 2 0 0 0 0
24 4 12 2 0 0 0 0
24 4 12 3 0 0 0 0
24 4 12 3 0 0 0 0
26 3 12 2 0 0 0 0
22 3 11 2 0 0 0 0
25 3 12 2 0 0 0 0
21 3 12 2 0 0 0 0
26 3 12 2 0 0 0 0
26 3 12 2 0 0 0 0
28 4 12 2 0 0 0 0
23 4 12 3 0 0 0 0
24 4 12 3 0 0 0 0
23 3 12 3 0 0 0 0
24 4 12 3 0 0 0 0
23 4 12 3 0 0 0 0
28 5 11 3 0 0 0 0
24 4 12 2 0 0 0 0
28 4 12 3 0 0 0 0
27 4 12 3 0 0 0 0
25 5 12 3 0 0 0 0
25 5 12 3 0 0 0 0
28 4 11 3 0 0 0 0
26 4 12 4 0 0 0 0
30 4 12 3 0 0 0 0
25 4 12 3 0 0 0 0
27 5 12 3 0 0 0 0
27 5 12 3 0 0 0 0
24 5 12 3 0 0 0 0
25 6 12 4 0 0 0 0
25 3 12 2 0 0 0 0
28 4 12 3 0 0 0 0
27 5 12 3 0 0 0 0
27 4 12 2 0 0 0 0
25 3 11 2 0 0 0 0
27 4 12 3 0 0 0 0
27 5 12 3 0 0 0 0
27 5 12 3 0 0 0 0
29 4 12 3 0 0 0 0
24 5 12 4 0 0 0 0
29 4 12 3 0 0 0 0
22 4 12 3 0 0 0 0
25 6 12 4 0 0 0 0
28 5 12 3 0 0 0 0
24 4 12 3 0 0 0 0
23 4 12 3 0 0 0 0
28 5 12 3 0 0 0 0
27 5 11 4 0 0 0 0
24 4 12 3 0 0 0 0
26 3 12 2 0 0 0 0
27 3 12 3 0 0 0 0
24 3 12 2 0 0 0 0
24 3 11 2 0 0 0 0
26 4 11 3 0 0 0 0
22 3 12 2 0 0 0 0
20 3 11 3 0 0 0 0
21 4 12 2 0 0 0 0
21 3 12 2 0 0 0 0
23 5 12 4 0 0 0 0
22 3 12 2 0 0 0 0
23 4 12 3 0 0 0 0
24 3 12 3 0 0 0 0
24 4 12 3 0 0 0 0
22 3 12 2 0 0 0 0
24 3 12 2 0 0 0 0
28 4 12 2 0 0 0 0
25 3 12 2 0 0 0 0
23 3 12 2 0 0 0 0
23 3 12 2 0 0 0 0
24 4 12 3 0 0 0 0
26 3 12 2 0 0 0 0
21 4 11 3 0 0 0 0
26 3 12 3 0 0 0 0
21 5 12 3 0 0 0 0
25 4 12 3 0 0 0 0
20 4 12 2 0 0 0 0
23 3 12 3 0 0 0 0
27 3 11 2 0 0 0 0
21 3 12 2 0 0 0 0
24 4 12 3 0 0 0 0
24 3 12 2 0 0 0 0
22 3 12 2 0 0 0 0
22 2 12 2 0 0 0 0
23 3 12 2 0 0 0 0
21 3 12 3 0 0 0 0
22 3 12 2 0 0 0 0
21 3 12 2 0 0 0 0
21 3 12 3 0 0 0 0
20 3 12 2 0 0 0 0
23 3 12 2 0 0 0 0
23 3 12 2 0 0 0 0
27 3 12 3 0 0 0 0
21 4 12 2 0 0 0 0
18 2 12 2 0 0 0 0
23 3 12 2 0 0 0 0
25 3 12 2 0 0 0 0
29 5 12 4 0 0 0 0
22 4 12 2 0 0 0 0
25 5 12 3 0 0 0 0
25 3 12 2 0 0 0 0
19 3 12 2 0 0 0 0
23 4 12 3 0 0 0 0
20 4 12 3 0 0 0 0
26 3 11 2 0 0 0 0
24 3 12 2 0 0 0 0
25 3 12 2 0 0 0 0
24 4 12 2 0 0 0 0
22 3 12 2 0 0 0 0
22 3 12 2 0 0 0 0
23 4 12 3 0 0 0 0
24 2 11 2 0 0 0 0
25 3 12 2 0 0 0 0
29 3 12 2 0 0 0 0
19 3 12 2 0 0 0 0
23 2 12 2 0 0 0 0
22 3 12 2 0 0 0 0
22 4 12 3 0 0 0 0
27 3 12 2 0 0 0 0
22 4 12 2 0 0 0 0
23 5 12 3 0 0 0 0
27 4 12 3 0 0 0 0
24 4 12 2 0 0 0 0
21 3 12 2 0 0 0 0
22 3 12 2 0 0 0 0
22 4 12 2 0 0 0 0
23 4 12 3 0 0 0 0
25 2 12 2 0 0 0 0
20 3 11 2 0 0 0 0
22 2 12 2 0 0 0 0
23 4 11 3 0 0 0 0
20 4 12 3 0 0 0 0
25 2 12 2 0 0 0 0
24 2 12 2 0 0 0 0
23 3 12 2 0 0 0 0
21 2 12 2 0 0 0 0
24 3 12 2 0 0 0 0
27 3 12 2 0 0 0 0
20 3 14 3 0 0 0 0
25 4 11 3 0 0 0 0
23 3 12 2 0 0 0 0
22 3 12 2 0 0 0 0
23 3 12 2 0 0 0 0
21 4 12 3 0 0 0 0
23 3 12 2 0 0 0 0
20 3 12 2 0 0 0 0
23 2 11 2 0 0 0 0
24 3 12 2 0 0 0 0
25 3 12 2 0 0 0 0
20 3 12 2 0 0 0 0
20 4 12 3 0 0 0 0
25 3 12 2 0 0 0 0
28 3 12 2 0 0 0 0
20 4 12 3 0 0 0 0
22 3 12 3 0 0 0 0
23 3 12 2 0 0 0 0
27 3 12 3 0 0 0 0
23 3 12 2 0 0 0 0
22 3 11 2 0 0 0 0
21 4 12 2 0 0 0 0
25 4 12 2 0 0 0 0
24 4 12 3 0 0 0 0
23 4 12 2 0 0 0 0
28 3 12 2 0 0 0 0
23 4 12 2 0 0 0 0
22 4 12 3 0 0 0 0
21 4 12 2 0 0 0 0
23 3 12 2 0 0 0 0
20 3 12 2 0 0 0 0
24 3 11 2 0 0 0 0
22 4 12 3 0 0 0 0
27 4 12 3 0 0 0 0
27 4 12 3 0 0 0 0
27 3 11 3 0 0 0 0
20 4 12 3 0 0 0 0
24 3 12 2 0 0 0 0
27 3 12 2 0 0 0 0
22 5 12 4 0 0 0 0
29 4 12 3 0 0 0 0
25 4 12 3 0 0 0 0
28 3 11 2 0 0 0 0
26 3 12 2 0 0 0 0
24 5 12 3 0 0 0 0
27 4 12 3 0 0 0 0
25 3 12 2 0 0 0 0
26 3 12 2 0 0 0 0
26 4 12 3 0 0 0 0
24 3 12 2 0 0 0 0
27 3 12 2 0 0 0 0
27 2 12 2 0 0 0 0
29 4 12 2 0 0 0 0
29 4 12 3 0 0 0 0
26 2 11 2 0 0 0 0
26 4 12 2 0 0 0 0
27 2 11 2 0 0 0 0
27 4 12 3 0 0 0 0
25 3 12 2 0 0 0 0
23 2 12 2 0 0 0 0
25 2 12 2 0 0 0 0
25 3 12 2 0 0 0 0
20 4 12 3 0 0 0 0
26 3 12 2 0 0 0 0
22 3 12 2 0 0 0 0
24 4 12 2 0 0 0 0
22 4 12 3 0 0 0 0
21 4 12 3 0 0 0 0
21 4 11 2 0 0 0 0
21 3 12 2 0 0 0 0
24 3 12 2 0 0 0 0
19 2 12 2 0 0 0 0
24 4 12 3 0 0 0 0
24 3 12 2 0 0 0 0
22 3 12 2 0 0 0 0
26 5 12 3 0 0 0 0
28 6 12 3 0 0 0 0
23 4 12 3 0 0 0 0
29 4 12 3 0 0 0 0
24 6 12 3 0 0 0 0
23 5 11 3 0 0 0 0
25 5 12 4 0 0 0 0
24 5 12 3 0 0 0 0
25 4 12 3 0 0 0 0
26 4 12 3 0 0 0 0
26 5 12 3 0 0 0 0
27 5 12 3 0 0 0 0
26 5 12 3 0 0 0 0
26 5 12 3 0 0 0 0
27 4 12 3 0 0 0 0
26 4 12 3 0 0 0 0
25 4 12 3 0 0 0 0
29 4 12 3 0 0 0 0
27 4 12 3 0 0 0 0
26 4 12 2 0 0 0 0
27 5 12 4 0 0 0 0
24 4 12 3 0 0 0 0
24 4 12 3 0 0 0 0
24 4 12 3 0 0 0 0
24 4 12 3 0 0 0 0
23 4 12 2 0 0 0 0
23 4 11 3 0 0 0 0
30 4 12 3 0 0 0 0
28 4 12 3 0 0 0 0
24 4 11 2 0 0 0 0
28 4 12 3 0 0 0 0
26 5 12 3 0 0 0 0
22 4 12 2 0 0 0 0
22 4 12 2 0 0 0 0
28 5 12 4 0 0 0 0
24 4 12 3 0 0 0 0
29 4 12 2 0 0 0 0
27 3 11 3 0 0 0 0
25 3 12 2 0 0 0 0
23 3 12 2 0 0 0 0
22 2 12 2 0 0 0 0
28 4 12 3 0 0 0 0
22 2 12 2 0 0 0 0
24 3 12 2 0 0 0 0
23 4 12 3 0 0 0 0
25 4 12 3 0 0 0 0
25 4 12 2 0 0 0 0
29 3 12 2 0 0 0 0
29 4 12 3 0 0 0 0
26 4 12 3 0 0 0 0
28 5 12 3 0 0 0 0
29 3 12 3 0 0 0 0
31 4 12 3 0 0 0 0
28 3 12 3 0 0 0 0
28 4 12 3 0 0 0 0
27 3 12 2 0 0 0 0
23 3 12 2 0 0 0 0
26 4 12 2 0 0 0 0
28 3 12 2 0 0 0 0
28 2 12 2 0 0 0 0
26 3 11 2 0 0 0 0
25 3 12 2 0 0 0 0
24 3 12 3 0 0 0 0
28 3 12 3 0 0 0 0
28 4 12 3 0 0 0 0
27 3 12 3 0 0 0 0
27 3 12 2 0 0 0 0
26 3 12 2 0 0 0 0
26 4 12 2 0 0 0 0
31 2 12 2 0 0 0 0
28 3 12 2 0 0 0 0
21 3 11 2 0 0 0 0
23 4 11 2 0 0 0 0
25 5 11 4 0 0 0 0
23 3 12 2 0 0 0 0
26 3 12 2 0 0 0 0
25 2 12 2 0 0 0 0
26 4 12 2 0 0 0 0
24 4 12 3 0 0 0 0
26 4 12 3 0 0 0 0
28 4 11 3 0 0 0 0
29 4 12 2 0 0 0 0
27 3 12 2 0 0 0 0
24 3 12 2 0 0 0 0
27 3 12 3 0 0 0 0
23 2 12 2 0 0 0 0
28 3 12 2 0 0 0 0
25 3 12 3 0 0 0 0
20 3 12 3 0 0 0 0
26 4 12 3 0 0 0 0
24 3 12 2 0 0 0 0
23 4 12 3 0 0 0 0
21 4 12 3 0 0 0 0
26 3 12 2 0 0 0 0
26 4 12 2 0 0 0 0
21 4 12 2 0 0 0 0
27 3 12 2 0 0 0 0
26 3 11 2 0 0 0 0
22 2 12 1 0 0 0 0
27 3 12 2 0 0 0 0
24 5 12 3 0 0 0 0
28 5 12 3 0 0 0 0
28 4 12 2 0 0 0 0
27 4 12 2 0 0 0 0
26 4 12 3 0 0 0 0
30 6 12 4 0 0 0 0
27 5 11 3 0 0 0 0
27 5 12 3 0 0 0 0
30 6 12 4 0 0 0 0
31 5 12 4 0 0 0 0
28 7 12 4 0 0 0 0
30 5 12 4 0 0 0 0
27 6 12 5 0 0 0 0
26 6 12 4 0 0 0 0
28 6 12 4 0 0 0 0
26 5 12 4 0 0 0 0
28 5 12 4 0 0 0 0
29 5 12 4 0 0 0 0
27 5 12 3 0 0 0 0
30 5 12 4 0 0 0 0
25 5 12 4 0 0 0 0
30 6 12 4 0 0 0 0
28 7 12 5 0 0 0 0
26 6 12 4 0 0 0 0
28 6 12 4 0 0 0 0
24 6 12 4 0 0 0 0
26 5 12 4 0 0 0 0
34 5 12 4 0 0 0 0
26 5 12 4 0 0 0 0
26 6 12 4 0 0 0 0
27 7 11 5 0 0 0 0
25 5 12 4 0 0 0 0
24 6 12 5 0 0 0 0
23 6 12 4 0 0 0 0
24 4 12 3 0 0 0 0
25 4 12 3 0 0 0 0
24 4 12 4 0 0 0 0
25 4 12 4 0 0 0 0
27 3 12 3 0 0 0 0
26 5 12 3 0 0 0 0
26 4 12 4 0 0 0 0
33 5 12 4 0 0 0 0
33 5 12 4 0 0 0 0
28 6 12 4 0 0 0 0
28 4 12 3 0 0 0 0
28 4 12 3 0 0 0 0
25 3 12 3 0 0 0 0
32 4 12 3 0 0 0 0
27 4 12 3 0 0 0 0
31 4 11 3 0 0 0 0
25 4 12 4 0 0 0 0
31 4 12 3 0 0 0 0
29 4 12 3 0 0 0 0
27 5 12 3 0 0 0 0
30 4 12 4 0 0 0 0
31 4 12 3 0 0 0 0
27 5 12 5 0 0 0 0
34 5 12 4 0 0 0 0
36 6 12 5 0 0 0 0
27 4 12 3 0 0 0 0
29 4 11 4 0 0 0 0
26 4 12 4 0 0 0 0
28 5 12 4 0 0 0 0
29 5 12 4 0 0 0 0
31 4 12 3 0 0 0 0
