09_12_2019_14_47_03	8	1	800	60000	7051092	605	0	0	191.0
09_12_2019_14_47_09	11	1	100	60000	9648487	6859	0	0	50.0
09_12_2019_14_47_19	11	1	200	60000	6193750	2240	0	0	62.0
09_12_2019_14_47_29	11	1	400	60000	5797072	1184	0	0	101.0
09_12_2019_14_47_39	11	1	800	60000	7032754	600	0	0	191.0
09_12_2019_14_47_50	11	1	100	60000	8474735	7131	0	0	50.0
09_12_2019_14_48_00	11	1	200	60000	6164691	2475	0	0	62.0
09_12_2019_14_48_10	11	1	400	60000	5823866	1068	0	0	101.0
09_12_2019_14_48_19	11	1	800	60000	5794330	826	0	0	191.0
09_12_2019_14_48_29	16	1	100	60000	11320435	11382	0	0	55.0
09_12_2019_14_48_40	16	1	200	60000	7309309	2720	0	0	67.0
09_12_2019_14_48_50	16	1	400	60000	5737082	1438	0	0	105.0
09_12_2019_14_49_00	16	1	800	60000	7013979	656	0	0	192.0
09_12_2019_15_25_54	16	1	100	60000	11156497	10589	0	0	55.0
09_12_2019_15_26_56	16	1	200	60000	7321311	3126	0	0	67.0
09_12_2019_15_27_15	16	1	400	60000	5745501	1446	0	0	105.0
09_12_2019_15_27_25	16	1	800	60000	7014995	603	0	0	192.0
09_12_2019_15_28_07	22	1	100	60000	11486251	4163	0	0	44.0
09_12_2019_15_30_07	22	1	200	60000	6525079	3501	0	0	58.0
09_12_2019_15_30_26	22	1	400	60000	5760475	1305	0	0	94.0
09_12_2019_15_30_36	22	1	800	60000	5742864	811	0	0	180.0
09_12_2019_15_32_52	22	1	100	60000	10334958	4237	0	0	44.0
09_12_2019_15_34_20	22	1	200	60000	7752801	3950	0	0	58.0
09_12_2019_15_37_27	22	1	400	60000	5734542	1251	0	0	93.0
09_12_2019_15_37_41	22	1	800	60000	6926038	760	0	0	181.0
09_12_2019_15_38_33	32	1	100	60000	12870924	2280	0	0	50.0
09_12_2019_15_38_53	32	1	200	60000	7144521	1297	0	0	56.0
09_12_2019_15_39_30	32	1	400	60000	6947038	567	0	0	87.0
09_12_2019_15_48_26	32	1	800	60000	6876578	1021	0	0	174.0
09_12_2019_15_50_14	32	1	100	60000	12925546	2304	0	0	50.0
09_12_2019_15_50_23	32	1	200	60000	8423872	1311	0	0	56.0
09_12_2019_15_51_20	32	1	400	60000	5735489	540	0	0	87.0
09_12_2019_15_53_37	32	1	800	60000	5722442	811	0	0	174.0
09_12_2019_16_05_00	45	1	100	60000	16439305	1770	0	0	66.0
09_12_2019_16_05_56	45	1	200	60000	10304766	610	0	0	73.0
09_12_2019_16_09_14	45	1	400	60000	7169482	337	0	0	90.0
09_12_2019_16_12_06	45	1	800	60000	6906742	489	0	0	174.0
09_12_2019_16_12_46	45	1	100	60000	16439702	1796	0	0	66.0
09_12_2019_16_16_25	45	1	200	60000	10318930	647	0	0	73.0
09_12_2019_16_17_10	45	1	400	60000	6036244	692	0	0	90.0
09_12_2019_16_18_18	45	1	800	60000	6874660	447	0	0	174.0
09_12_2019_16_19_09	64	1	100	60000	15020013	1802	0	0	66.0
09_12_2019_16_19_55	64	1	200	60000	10405796	745	0	0	86.0
09_12_2019_16_25_29	64	1	400	60000	6784745	244	0	0	102.0
09_12_2019_16_27_38	64	1	800	60000	6905026	568	0	0	173.0
09_12_2019_16_28_34	64	1	100	60000	15943695	1857	0	0	66.0
09_12_2019_16_31_31	64	1	200	60000	10414544	515	0	0	86.0
09_12_2019_16_32_33	64	1	400	60000	7941625	242	0	0	102.0
09_12_2019_16_32_42	64	1	800	60000	5677752	583	0	0	173.0
09_12_2019_16_39_07	90	1	100	60000	14337252	2547	0	0	63.0
09_12_2019_16_40_09	90	1	200	60000	9082528	685	0	0	74.0
09_12_2019_16_41_43	90	1	400	60000	6327453	495	0	0	96.0
09_12_2019_16_46_38	90	1	800	60000	5777766	816	0	0	173.0
09_12_2019_16_49_40	90	1	100	60000	14320118	2310	0	0	63.0
09_12_2019_16_50_14	90	1	200	60000	9123166	749	0	0	74.0
09_12_2019_16_53_12	90	1	400	60000	6363565	524	0	0	96.0
09_12_2019_16_55_16	90	1	800	60000	5627321	871	0	0	173.0
09_12_2019_16_56_49	128	1	100	60000	15114994	2460	0	0	67.0
09_12_2019_16_57_51	128	1	200	60000	10492035	610	0	0	86.0
09_12_2019_16_59_15	128	1	400	60000	6693023	145	0	0	103.0
09_12_2019_17_04_11	128	1	800	60000	6940398	595	0	0	173.0
09_12_2019_17_05_18	128	1	100	60000	15199744	2843	0	0	67.0
09_12_2019_17_10_29	128	1	200	60000	10434672	926	0	0	86.0
09_12_2019_17_13_09	128	1	400	60000	6732864	946	0	0	103.0
09_12_2019_17_14_17	128	1	800	60000	6636205	1034	0	0	173.0
09_12_2019_17_15_24	181	1	100	60000	16461553	3023	0	0	74.0
09_12_2019_17_19_54	181	1	200	60000	10883643	797	0	0	90.0
09_12_2019_17_20_03	181	1	400	60000	6737448	1040	0	0	102.0
09_12_2019_17_21_32	181	1	800	60000	5641042	847	0	0	173.0
09_12_2019_17_25_52	181	1	100	60000	16438166	2974	0	0	74.0
09_12_2019_17_29_30	181	1	200	60000	10848375	846	0	0	90.0
09_12_2019_17_29_38	181	1	400	60000	6783831	1630	0	0	102.0
09_12_2019_17_30_35	181	1	800	60000	5661696	100	0	0	173.0
09_12_2019_17_32_56	256	1	100	60000	15560468	4376	0	0	69.0
09_12_2019_17_33_05	256	1	200	60000	10435807	992	0	0	87.0
09_12_2019_17_37_36	256	1	400	60000	6736798	406	0	0	102.0
09_12_2019_17_41_19	256	1	800	60000	5640633	990	0	0	173.0
09_12_2019_17_41_33	256	1	100	60000	15549450	3735	0	0	69.0
09_12_2019_17_46_14	256	1	200	60000	10492688	1028	0	0	87.0
09_12_2019_17_47_05	256	1	400	60000	6677483	398	0	0	102.0
09_12_2019_17_50_12	256	1	800	60000	5677901	108	0	0	173.0
09_12_2019_17_51_41	362	1	100	60000	16544054	3696	0	0	74.0
09_12_2019_17_55_55	362	1	200	60000	10968267	547	0	0	90.0
09_12_2019_17_58_56	362	1	400	60000	6779020	1503	0	0	104.0
09_12_2019_18_01_31	362	1	800	60000	5675920	800	0	0	173.0
09_12_2019_18_01_41	362	1	100	60000	16606284	3633	0	0	74.0
09_12_2019_18_06_07	362	1	200	60000	11953044	1472	0	0	90.0
09_12_2019_18_06_52	362	1	400	60000	6729103	1518	0	0	104.0
09_12_2019_18_08_47	362	1	800	60000	5635662	698	0	0	173.0
09_12_2019_18_09_06	512	1	100	60000	16027295	6571	0	0	72.0
09_12_2019_18_12_35	512	1	200	60000	11661365	2200	0	0	88.0
09_12_2019_18_16_12	512	1	400	60000	7701747	1151	0	0	103.0
09_12_2019_18_16_21	512	1	800	60000	6820515	1929	0	0	172.0
09_12_2019_18_17_45	512	1	100	60000	16020015	6651	0	0	72.0
09_12_2019_18_22_21	512	1	200	60000	11539487	1537	0	0	88.0
09_12_2019_18_25_01	512	1	400	60000	7723105	952	0	0	103.0
09_12_2019_18_25_57	512	1	800	60000	5613978	1054	0	0	173.0
09_12_2019_18_27_21	724	1	100	60000	16594772	4247	0	0	74.0
09_12_2019_18_30_22	724	1	200	60000	10828372	2261	0	0	90.0
09_12_2019_18_34_10	724	1	400	60000	6783830	1472	0	0	103.0
09_12_2019_18_36_14	724	1	800	60000	6678256	2842	0	0	174.0
09_12_2019_18_37_37	724	1	100	60000	17504560	5092	0	0	74.0
09_12_2019_18_41_20	724	1	200	60000	10849676	2538	0	0	90.0
09_12_2019_18_44_42	724	1	400	60000	6859336	1522	0	0	103.0
09_12_2019_18_45_28	724	1	800	60000	5685402	1719	0	0	174.0
09_12_2019_18_46_09	1024	1	100	60000	17569700	5916	0	0	75.0
09_12_2019_18_50_30	1024	1	200	60000	10870664	2281	0	0	90.0
09_12_2019_18_52_34	1024	1	400	60000	6737604	876	0	0	104.0
09_12_2019_18_53_14	1024	1	800	60000	6635165	1510	0	0	174.0
09_12_2019_18_54_06	1024	1	100	60000	16571956	4992	0	0	75.0
09_12_2019_19_01_13	1024	1	200	60000	10867856	2120	0	0	90.0
09_12_2019_19_02_56	1024	1	400	60000	6794449	537	0	0	104.0
09_12_2019_19_03_30	1024	1	800	60000	6688189	1454	0	0	174.0
09_12_2019_19_03_41	1448	1	100	60000	16442950	4545	0	0	74.0
09_12_2019_19_09_19	1448	1	200	60000	10846720	2872	0	0	90.0
09_12_2019_19_10_37	1448	1	400	60000	6722689	687	0	0	104.0
09_12_2019_19_14_15	1448	1	800	60000	6644948	1400	0	0	173.0
09_12_2019_19_14_34	1448	1	100	60000	16413614	4635	0	0	74.0
09_12_2019_19_17_52	1448	1	200	60000	10780896	2863	0	0	90.0
09_12_2019_19_20_54	1448	1	400	60000	6795267	577	0	0	104.0
09_12_2019_19_22_06	1448	1	800	60000	5660086	876	0	0	173.0
09_12_2019_19_23_03	2048	1	100	60000	18443919	8099	0	0	73.0
09_12_2019_19_26_25	2048	1	200	60000	10843231	2547	0	0	90.0
09_12_2019_19_29_58	2048	1	400	60000	6844331	1585	0	0	104.0
09_12_2019_19_30_17	2048	1	800	60000	5616879	149	0	0	174.0
09_12_2019_19_33_10	2048	1	100	60000	16198351	7525	0	0	73.0
09_12_2019_19_37_49	2048	1	200	60000	10786788	2545	0	0	90.0
09_12_2019_19_40_19	2048	1	400	60000	6710469	719	0	0	103.0
09_12_2019_19_40_28	2048	1	800	60000	6672238	704	0	0	174.0
09_12_2019_19_40_39	2896	1	100	60000	15580136	15395	0	0	74.0
09_12_2019_19_45_30	2896	1	200	60000	10406861	7001	0	0	90.0
09_12_2019_19_49_08	2896	1	400	60000	6699597	1654	0	0	103.0
09_12_2019_19_49_27	2896	1	800	60000	5668379	312	0	0	174.0
09_12_2019_19_50_25	2896	1	100	60000	15571166	15446	0	0	74.0
09_12_2019_19_55_00	2896	1	200	60000	10368141	7186	0	0	90.0
09_12_2019_19_57_57	2896	1	400	60000	6723341	4146	0	0	103.0
09_12_2019_19_58_47	2896	1	800	60000	5714957	751	0	0	174.0
09_12_2019_20_00_22	4096	1	100	60000	15633388	8276	0	0	72.0
09_12_2019_20_05_33	4096	1	200	60000	9996496	10533	0	0	89.0
09_12_2019_20_05_52	4096	1	400	60000	7761945	1454	0	0	102.0
09_12_2019_20_07_37	4096	1	800	60000	5605827	1661	0	0	174.0
09_12_2019_20_09_05	4096	1	100	60000	15586133	8333	0	0	71.0
09_12_2019_20_16_36	4096	1	200	60000	9924571	10780	0	0	89.0
09_12_2019_20_16_45	4096	1	400	60000	6722484	833	0	0	102.0
09_12_2019_20_17_48	4096	1	800	60000	6621218	1376	0	0	174.0
09_12_2019_20_17_57	5792	1	100	60000	13687438	32427	0	0	71.0
09_12_2019_20_22_39	5792	1	200	60000	10105520	8262	0	0	86.0
09_12_2019_20_26_06	5792	1	400	60000	6538998	2339	0	0	102.0
09_12_2019_20_26_30	5792	1	800	60000	6604189	1127	0	0	174.0
09_12_2019_20_26_57	5792	1	100	60000	13629871	32341	0	0	71.0
09_12_2019_20_30_35	5792	1	200	60000	10090838	8280	0	0	86.0
09_12_2019_20_35_36	5792	1	400	60000	6549377	2412	0	0	102.0
09_12_2019_20_36_43	5792	1	800	60000	6656378	1259	0	0	174.0
09_12_2019_20_37_13	8192	1	100	60000	12914066	46200	0	0	67.0
09_12_2019_20_42_26	8192	1	200	60000	9738900	10423	0	0	86.0
09_12_2019_20_45_22	8192	1	400	60000	6704789	835	0	0	99.0
09_12_2019_20_46_34	8192	1	800	60000	5722064	2077	0	0	175.0
09_12_2019_20_46_53	8192	1	100	60000	12901037	46186	0	0	67.0
09_12_2019_20_50_53	8192	1	200	60000	9652732	10901	0	0	86.0
09_12_2019_20_53_18	8192	1	400	60000	6787470	635	0	0	99.0
09_12_2019_20_54_56	8192	1	800	60000	5705780	2075	0	0	175.0
09_12_2019_20_57_42	11585	1	100	60000	12012391	61880	0	0	64.0
09_12_2019_20_59_41	11585	1	200	60000	9675513	10104	0	0	80.0
09_12_2019_21_03_13	11585	1	400	60000	6427046	3512	0	0	100.0
09_12_2019_21_04_09	11585	1	800	60000	5635211	1143	0	0	174.0
09_12_2019_21_04_19	11585	1	100	60000	11986751	62054	0	0	64.0
09_12_2019_21_09_22	11585	1	200	60000	9630318	10150	0	0	80.0
09_12_2019_21_10_55	11585	1	400	60000	6448127	3524	0	0	100.0
09_12_2019_21_13_41	11585	1	800	60000	5704687	1191	0	0	174.0
09_12_2019_21_15_14	16384	1	100	60000	13201260	50050	0	0	68.0
09_12_2019_21_19_49	16384	1	200	60000	9103112	16543	0	0	77.0
09_12_2019_21_22_50	16384	1	400	60000	5997212	7488	0	0	103.0
09_12_2019_21_23_31	16384	1	800	60000	5664049	2106	0	0	173.0
09_12_2019_21_25_16	16384	1	100	60000	13134007	50088	0	0	68.0
09_12_2019_21_28_48	16384	1	200	60000	9069461	16524	0	0	77.0
09_12_2019_21_31_39	16384	1	400	60000	6086570	7190	0	0	104.0
09_12_2019_21_32_04	16384	1	800	60000	5650429	1499	0	0	174.0
09_12_2019_21_36_19	23170	1	100	60000	59616429	38402	0	0	66.0
09_12_2019_21_38_54	23170	1	200	60000	8482399	25021	0	0	72.0
09_12_2019_21_40_12	23170	1	400	60000	6341915	3583	0	0	98.0
09_12_2019_21_40_26	23170	1	800	60000	5643450	651	0	0	170.0
09_12_2019_21_42_32	23170	1	100	60000	59848278	39784	0	0	66.0
09_12_2019_21_49_01	23170	1	200	60000	8472257	25281	0	0	72.0
09_12_2019_21_49_52	23170	1	400	60000	6336765	3604	0	0	98.0
09_12_2019_21_51_41	23170	1	800	60000	5646320	643	0	0	169.0
09_12_2019_21_53_00	32768	1	100	60000	48108334	45934	0	0	64.0
09_12_2019_21_57_50	32768	1	200	60000	7321374	34834	0	0	70.0
09_12_2019_21_59_54	32768	1	400	60000	5915010	7680	0	0	96.0
09_12_2019_22_01_43	32768	1	800	60000	5660969	1069	0	0	170.0
09_12_2019_22_02_39	32768	1	100	60000	59445318	42996	0	0	63.0
09_12_2019_22_06_13	32768	1	200	60000	7377718	34892	0	0	70.0
09_12_2019_22_10_12	32768	1	400	60000	5920698	7654	0	0	96.0
09_12_2019_22_14_26	32768	1	800	60000	5678125	1528	0	0	169.0
09_12_2019_22_16_41	46340	1	100	60000	19927045	46477	0	0	66.0
09_12_2019_22_21_58	46340	1	200	60000	6858859	23039	0	0	82.0
09_12_2019_22_22_43	46340	1	400	60000	6015052	9225	0	0	93.0
09_12_2019_22_26_44	46340	1	800	60000	5640827	1257	0	0	166.0
09_12_2019_22_30_26	46340	1	100	60000	17538630	46491	0	0	66.0
09_12_2019_22_32_00	46340	1	200	60000	7959751	23283	0	0	82.0
09_12_2019_22_35_32	46340	1	400	60000	6005638	9470	0	0	93.0
09_12_2019_22_35_57	46340	1	800	60000	5651073	1229	0	0	166.0
09_12_2019_22_40_13	65536	1	100	60000	17823094	14265	0	0	68.0
09_12_2019_22_41_45	65536	1	200	60000	23024664	23396	0	0	82.0
09_12_2019_22_41_55	65536	1	400	60000	5882557	12885	0	0	90.0
09_12_2019_22_43_08	65536	1	800	60000	5642204	3026	0	0	184.0
09_12_2019_22_52_09	65536	1	100	60000	15467786	14290	0	0	68.0
09_12_2019_22_52_18	65536	1	200	60000	22901202	23105	0	0	81.0
09_12_2019_22_52_43	65536	1	400	60000	6006419	12542	0	0	90.0
09_12_2019_22_57_18	65536	1	800	60000	5722063	2562	0	0	184.0
09_12_2019_23_01_12	92681	1	100	60000	40190128	23084	0	0	62.0
09_12_2019_23_03_27	92681	1	200	60000	22370195	9354	0	0	78.0
09_12_2019_23_09_41	92681	1	400	60000	5836737	16327	0	0	100.0
09_12_2019_23_10_41	92681	1	800	60000	5560884	1143	0	0	151.0
09_12_2019_23_14_35	92681	1	100	60000	40726095	23501	0	0	62.0
09_12_2019_23_17_43	92681	1	200	60000	22217782	9005	0	0	77.0
09_12_2019_23_18_50	92681	1	400	60000	5821068	16478	0	0	100.0
09_12_2019_23_22_54	92681	1	800	60000	5710709	875	0	0	154.0
09_12_2019_23_27_26	131072	1	100	60000	25238585	13539	0	0	65.0
09_12_2019_23_28_25	131072	1	200	60000	6084220	6160	0	0	83.0
09_12_2019_23_30_20	131072	1	400	60000	5549742	2978	0	0	118.0
09_12_2019_23_33_52	131072	1	800	60000	5560529	3071	0	0	168.0
09_12_2019_23_34_59	131072	1	100	60000	23651740	16242	0	0	66.0
09_12_2019_23_39_35	131072	1	200	60000	6097996	6111	0	0	84.0
09_12_2019_23_43_58	131072	1	400	60000	5585135	3549	0	0	117.0
09_12_2019_23_46_08	131072	1	800	60000	5740379	3306	0	0	175.0
09_12_2019_23_47_20	185363	1	100	60000	7470276	6018	0	0	67.0
09_12_2019_23_49_45	185363	1	200	60000	5865939	5129	0	0	84.0
09_12_2019_23_56_20	185363	1	400	60000	5569571	8186	0	0	115.0
09_13_2019_00_01_31	185363	1	800	60000	5589376	3932	0	0	172.0
09_13_2019_00_02_33	185363	1	100	60000	8667694	6118	0	0	67.0
09_13_2019_00_03_34	185363	1	200	60000	5904445	5037	0	0	84.0
09_13_2019_00_05_45	185363	1	400	60000	5601723	7799	0	0	115.0
09_13_2019_00_13_17	185363	1	800	60000	5564523	4003	0	0	173.0
09_13_2019_00_13_41	262144	1	100	60000	7395658	5296	0	0	67.0
09_13_2019_00_14_49	262144	1	200	60000	9042232	4242	0	0	82.0
09_13_2019_00_18_06	262144	1	400	60000	5750124	3758	0	0	119.0
09_13_2019_00_21_08	262144	1	800	60000	5442838	5596	0	0	165.0
09_13_2019_00_21_18	262144	1	100	60000	10592370	5236	0	0	67.0
09_13_2019_00_23_59	262144	1	200	60000	9087021	4369	0	0	82.0
09_13_2019_00_24_34	262144	1	400	60000	5452595	3194	0	0	116.0
09_13_2019_00_28_39	262144	1	800	60000	7985471	4632	0	0	168.0
09_13_2019_00_31_10	370727	1	100	60000	6338982	3417	0	0	68.0
09_13_2019_00_37_18	370727	1	200	60000	5675241	3270	0	0	85.0
09_13_2019_00_40_09	370727	1	400	60000	5603614	3206	0	0	121.0
09_13_2019_00_41_05	370727	1	800	60000	11717515	1916	0	0	141.0
09_13_2019_00_42_36	370727	1	100	60000	6230488	3299	0	0	68.0
09_13_2019_00_52_26	370727	1	200	60000	5685734	3165	0	0	85.0
09_13_2019_00_52_35	370727	1	400	60000	5655766	3793	0	0	121.0
09_13_2019_00_54_36	370727	1	800	60000	11618974	1866	0	0	141.0
09_13_2019_00_56_35	524288	1	100	60000	6250483	3001	0	0	68.0
09_13_2019_01_03_15	524288	1	200	60000	5603656	2122	0	0	84.0
09_13_2019_01_04_58	524288	1	400	60000	5470591	2133	0	0	122.0
09_13_2019_01_09_02	524288	1	800	60000	13715131	1151	0	0	229.0
09_13_2019_01_09_21	524288	1	100	60000	6089230	2698	0	0	68.0
09_13_2019_01_11_53	524288	1	200	60000	5838986	2870	0	0	85.0
09_13_2019_01_16_33	524288	1	400	60000	5492404	2003	0	0	122.0
09_13_2019_01_18_06	524288	1	800	60000	13727143	1275	0	0	216.0
09_13_2019_01_20_42	741455	1	100	60000	12084523	3924	0	0	63.0
09_13_2019_01_21_01	741455	1	200	60000	6464322	2296	0	0	82.0
09_13_2019_01_23_01	741455	1	400	60000	5565126	826	0	0	125.0
09_13_2019_01_29_40	741455	1	800	60000	13433093	1157	0	0	125.0
09_13_2019_01_31_13	741455	1	100	60000	7108847	2096	0	0	68.0
09_13_2019_01_32_57	741455	1	200	60000	6558632	2129	0	0	82.0
09_13_2019_01_38_36	741455	1	400	60000	5577010	1758	0	0	124.0
09_13_2019_01_39_16	741455	1	800	60000	13528720	1157	0	0	125.0
09_13_2019_01_46_08	1048576	1	100	60000	5827230	1070	0	0	67.0
09_13_2019_01_47_26	1048576	1	200	60000	5588387	1171	0	0	84.0
09_13_2019_01_50_59	1048576	1	400	60000	5451356	761	0	0	124.0
09_13_2019_01_51_07	1048576	1	800	60000	17888188	1157	0	0	249.0
09_13_2019_01_58_04	1048576	1	100	60000	6076720	987	0	0	65.0
09_13_2019_01_59_27	1048576	1	200	60000	5632591	1263	0	0	84.0
09_13_2019_02_03_46	1048576	1	400	60000	5482884	1426	0	0	123.0
09_13_2019_02_04_21	1048576	1	800	60000	17888195	1157	0	0	248.0
09_13_2019_02_06_06	8	5	100	60000	7407485	31373	8	4	51.8
09_13_2019_02_14_30	8	5	200	60000	7016187	18143	6	4	68.8
09_13_2019_02_14_54	8	5	400	60000	5832770	9641	3	4	118.4
09_13_2019_02_15_04	8	5	800	60000	6607049	4583	1	4	220.2
09_13_2019_02_16_12	8	5	100	60000	8245434	31409	12	4	51.4
09_13_2019_02_20_43	8	5	200	60000	5948519	20850	3	4	68.8
09_13_2019_02_22_05	8	5	400	60000	5822012	9932	4	4	119.8
09_13_2019_02_25_48	8	5	800	60000	5799415	4129	3	4	217.8
09_13_2019_02_27_16	11	5	100	60000	7378797	32211	7	4	51.4
09_13_2019_02_35_56	11	5	200	60000	5974029	17775	4	4	68.4
09_13_2019_02_37_35	11	5	400	60000	5821217	7594	4	4	116.4
09_13_2019_02_39_38	11	5	800	60000	6028486	4555	5	4	209.2
09_13_2019_02_40_56	11	5	100	60000	8223688	24289	10	4	51.0
09_13_2019_02_47_31	11	5	200	60000	6279486	14363	4	4	67.8
09_13_2019_02_48_38	11	5	400	60000	5797958	7652	3	4	115.6
09_13_2019_02_48_47	11	5	800	60000	5798959	4639	1	4	218.6
09_13_2019_02_49_28	16	5	100	60000	7914735	36992	6	4	57.0
09_13_2019_02_53_07	16	5	200	60000	6284652	17184	4	4	74.0
09_13_2019_03_00_27	16	5	400	60000	5736298	9817	2	4	122.8
09_13_2019_03_01_07	16	5	800	60000	5754997	5519	2	4	220.2
09_13_2019_03_02_41	16	5	100	60000	8121034	36812	9	4	56.8
09_13_2019_03_03_06	16	5	200	60000	6319137	16642	6	4	73.2
09_13_2019_03_04_40	16	5	400	60000	6060854	11369	3	4	124.0
09_13_2019_03_05_52	16	5	800	60000	6182704	4632	1	4	215.6
09_13_2019_03_06_22	22	5	100	60000	9074028	46116	10	4	46.2
09_13_2019_03_08_02	22	5	200	60000	7011662	30096	4	4	64.0
09_13_2019_03_10_27	22	5	400	60000	5732734	9630	4	4	108.0
09_13_2019_03_14_04	22	5	800	60000	5784424	3843	5	4	193.0
09_13_2019_03_20_54	22	5	100	60000	10040275	40368	12	4	45.8
09_13_2019_03_21_19	22	5	200	60000	5950481	29035	3	4	63.6
09_13_2019_03_28_05	22	5	400	60000	5940996	7056	5	4	105.8
09_13_2019_03_33_42	22	5	800	60000	5697725	4803	4	4	205.2
09_13_2019_03_33_51	32	5	100	60000	10129466	47137	3	4	51.2
09_13_2019_03_34_43	32	5	200	60000	7384056	10713	7	4	56.8
09_13_2019_03_38_37	32	5	400	60000	5742989	5817	3	4	97.6
09_13_2019_03_39_06	32	5	800	60000	5866837	3389	3	4	192.4
09_13_2019_03_45_06	32	5	100	60000	10954673	56732	4	4	51.8
09_13_2019_03_45_14	32	5	200	60000	6832726	8171	7	4	56.8
09_13_2019_03_47_20	32	5	400	60000	5676623	6588	3	4	100.2
09_13_2019_03_48_32	32	5	800	60000	6673338	4147	4	4	197.4
09_13_2019_03_48_51	45	5	100	60000	13125703	41695	3	4	68.8
09_13_2019_03_50_16	45	5	200	60000	8038595	11323	3	4	75.0
09_13_2019_03_50_25	45	5	400	60000	5695668	6929	1	4	100.2
09_13_2019_03_51_39	45	5	800	60000	5664641	2150	0	4	196.8
09_13_2019_03_54_56	45	5	100	60000	12978083	44673	1	4	69.0
09_13_2019_03_55_41	45	5	200	60000	8785747	16293	4	4	75.2
09_13_2019_03_59_20	45	5	400	60000	5683829	7459	0	4	101.6
09_13_2019_04_05_24	45	5	800	60000	5681308	3624	2	4	193.8
09_13_2019_04_05_58	64	5	100	60000	13939434	22662	16	4	70.8
09_13_2019_04_12_07	64	5	200	60000	9243480	15860	1	4	91.8
09_13_2019_04_13_03	64	5	400	60000	6093575	2756	2	4	105.2
09_13_2019_04_19_15	64	5	800	60000	5671447	2364	2	4	190.4
09_13_2019_04_21_45	64	5	100	60000	13857093	28644	10	4	70.8
09_13_2019_04_24_00	64	5	200	60000	9227511	15810	1	4	91.8
09_13_2019_04_28_35	64	5	400	60000	6169024	1864	4	4	105.2
09_13_2019_04_30_34	64	5	800	60000	6824734	3099	4	4	194.6
09_13_2019_04_31_51	90	5	100	60000	12822585	48211	1	4	66.0
09_13_2019_04_32_00	90	5	200	60000	7941203	20625	0	4	77.0
09_13_2019_04_32_20	90	5	400	60000	5792344	6449	0	4	105.0
09_13_2019_04_33_40	90	5	800	60000	5633787	2475	1	4	194.0
09_13_2019_04_33_49	90	5	100	60000	12879556	42590	3	4	65.8
09_13_2019_04_33_59	90	5	200	60000	7971667	20602	0	4	77.0
09_13_2019_04_34_56	90	5	400	60000	5800453	6050	0	4	105.0
09_13_2019_04_35_16	90	5	800	60000	5633436	2998	0	4	196.6
09_13_2019_04_35_42	128	5	100	60000	14087126	50558	2	4	72.0
09_13_2019_04_38_08	128	5	200	60000	9356845	20404	0	4	91.0
09_13_2019_04_38_17	128	5	400	60000	5907257	6361	1	4	106.6
09_13_2019_04_50_32	128	5	800	60000	6818478	3442	4	4	200.6
09_13_2019_04_54_03	128	5	100	60000	14031893	55780	0	4	72.0
09_13_2019_04_56_12	128	5	200	60000	9341151	20502	0	4	91.0
09_13_2019_05_01_54	128	5	400	60000	5887057	6589	0	4	106.8
09_13_2019_05_02_29	128	5	800	60000	6806441	4107	4	4	200.8
09_13_2019_05_05_32	181	5	100	60000	15788595	55511	2	4	78.0
09_13_2019_05_07_00	181	5	200	60000	9774157	20805	0	4	94.0
09_13_2019_05_07_30	181	5	400	60000	5927352	8651	0	4	106.0
09_13_2019_05_08_06	181	5	800	60000	5623669	3993	0	4	199.0
09_13_2019_05_09_09	181	5	100	60000	15931575	57089	2	4	78.0
09_13_2019_05_10_42	181	5	200	60000	9778090	21581	0	4	94.0
09_13_2019_05_10_51	181	5	400	60000	5941283	8741	0	4	106.0
09_13_2019_05_11_27	181	5	800	60000	5619624	2820	0	4	200.8
09_13_2019_05_13_43	256	5	100	60000	14553422	72193	1	4	73.0
09_13_2019_05_13_52	256	5	200	60000	9687845	25426	0	4	91.0
09_13_2019_05_16_45	256	5	400	60000	6028600	8497	0	4	106.0
09_13_2019_05_17_41	256	5	800	60000	5625159	3122	0	4	198.8
09_13_2019_05_18_38	256	5	100	60000	14563860	72507	1	4	73.0
09_13_2019_05_19_33	256	5	200	60000	9690738	25162	0	4	91.0
09_13_2019_05_20_05	256	5	400	60000	6072645	8606	1	4	105.8
09_13_2019_05_28_34	256	5	800	60000	5641036	4966	1	4	196.6
09_13_2019_05_32_06	362	5	100	60000	15478190	73718	1	4	77.6
09_13_2019_05_37_17	362	5	200	60000	10040015	30326	0	4	95.0
09_13_2019_05_40_35	362	5	400	60000	6131478	10931	0	4	106.0
09_13_2019_05_40_49	362	5	800	60000	5621826	7542	0	4	196.0
09_13_2019_05_42_38	362	5	100	60000	15491803	74607	1	4	77.8
09_13_2019_05_43_51	362	5	200	60000	10351463	21428	3	4	93.8
09_13_2019_05_45_54	362	5	400	60000	6159213	11135	1	4	106.0
09_13_2019_05_46_03	362	5	800	60000	5634542	2887	0	4	196.2
09_13_2019_05_48_39	512	5	100	60000	14988971	78355	4	4	75.0
09_13_2019_05_48_48	512	5	200	60000	9839544	30953	4	4	90.6
09_13_2019_05_49_04	512	5	400	60000	6296518	10482	2	4	105.4
09_13_2019_05_49_14	512	5	800	60000	5614629	4285	0	4	192.2
09_13_2019_05_52_10	512	5	100	60000	15052582	70427	6	4	75.0
09_13_2019_05_53_58	512	5	200	60000	9737085	37418	0	4	91.0
09_13_2019_05_55_00	512	5	400	60000	6337848	11783	2	4	105.4
09_13_2019_05_55_09	512	5	800	60000	5645264	6695	2	4	189.6
09_13_2019_05_55_20	724	5	100	60000	15219260	88211	6	4	76.0
09_13_2019_05_58_47	724	5	200	60000	9959233	44145	0	4	94.0
09_13_2019_06_00_46	724	5	400	60000	6294674	13521	2	4	106.0
09_13_2019_06_06_53	724	5	800	60000	5692116	9423	3	4	182.8
09_13_2019_06_12_37	724	5	100	60000	15268627	85745	4	4	75.8
09_13_2019_06_18_12	724	5	200	60000	10061644	38277	1	4	94.0
09_13_2019_06_19_29	724	5	400	60000	6250737	14160	1	4	106.0
09_13_2019_06_19_43	724	5	800	60000	5632488	7852	1	4	184.8
09_13_2019_06_23_15	1024	5	100	60000	16326487	124250	6	4	75.0
09_13_2019_06_23_39	1024	5	200	60000	9930169	44871	2	4	93.0
09_13_2019_06_25_38	1024	5	400	60000	6260153	17386	1	4	107.0
09_13_2019_06_28_53	1024	5	800	60000	6602011	12296	4	4	186.6
09_13_2019_06_29_22	1024	5	100	60000	15537028	129815	5	4	74.2
09_13_2019_06_29_33	1024	5	200	60000	9975812	44627	3	4	92.6
09_13_2019_06_30_09	1024	5	400	60000	6318892	12643	3	4	106.4
09_13_2019_06_33_10	1024	5	800	60000	5624215	5640	1	4	185.8
09_13_2019_06_33_34	1448	5	100	60000	13739912	167642	5	4	72.8
09_13_2019_06_34_26	1448	5	200	60000	9668832	63403	1	4	91.0
09_13_2019_06_35_43	1448	5	400	60000	6205526	20156	1	4	106.6
09_13_2019_06_37_05	1448	5	800	60000	5613976	6118	0	4	187.6
09_13_2019_06_38_28	1448	5	100	60000	13923361	151802	3	4	72.6
09_13_2019_06_42_00	1448	5	200	60000	9766515	52397	2	4	91.0
09_13_2019_06_46_18	1448	5	400	60000	6178168	23300	0	4	107.0
09_13_2019_06_56_03	1448	5	800	60000	5610513	4546	1	4	184.8
09_13_2019_06_58_13	2048	5	100	60000	13036080	178538	5	4	72.0
09_13_2019_06_58_27	2048	5	200	60000	9402256	72551	2	4	88.0
09_13_2019_07_00_28	2048	5	400	60000	6159002	25759	1	4	105.8
09_13_2019_07_01_45	2048	5	800	60000	5654075	7647	0	4	186.8
09_13_2019_07_07_46	2048	5	100	60000	13019716	183264	4	4	72.0
09_13_2019_07_07_56	2048	5	200	60000	9447194	68662	2	4	88.0
09_13_2019_07_11_43	2048	5	400	60000	6185237	24666	1	4	105.8
09_13_2019_07_11_58	2048	5	800	60000	5629400	6848	3	4	182.2
09_13_2019_07_13_16	2896	5	100	60000	12369216	185728	7	4	71.0
09_13_2019_07_14_18	2896	5	200	60000	8774827	107227	1	4	84.2
09_13_2019_07_14_32	2896	5	400	60000	6253878	18931	4	4	103.8
09_13_2019_07_16_49	2896	5	800	60000	5618348	5360	2	4	184.8
09_13_2019_07_17_29	2896	5	100	60000	12633549	169803	10	4	71.2
09_13_2019_07_17_54	2896	5	200	60000	8787608	103650	1	4	84.6
09_13_2019_07_18_45	2896	5	400	60000	6136910	30351	0	4	104.4
09_13_2019_07_20_10	2896	5	800	60000	5618242	7733	1	4	186.8
09_13_2019_07_21_26	4096	5	100	60000	12536946	171409	12	4	69.2
09_13_2019_07_22_17	4096	5	200	60000	7836156	133729	0	4	81.4
09_13_2019_07_24_43	4096	5	400	60000	6030202	42522	0	4	102.0
09_13_2019_07_35_00	4096	5	800	60000	5617176	10219	0	4	188.0
09_13_2019_07_37_45	4096	5	100	60000	12135911	145611	13	4	69.6
09_13_2019_07_41_07	4096	5	200	60000	8192941	110796	2	4	82.0
09_13_2019_07_41_51	4096	5	400	60000	5985009	41532	0	4	102.0
09_13_2019_07_44_02	4096	5	800	60000	5630359	10886	1	4	186.6
09_13_2019_07_46_22	5792	5	100	60000	12420084	128366	14	4	69.2
09_13_2019_07_47_07	5792	5	200	60000	7777455	104657	5	4	80.0
09_13_2019_07_52_22	5792	5	400	60000	5924593	53243	1	4	101.2
09_13_2019_07_52_52	5792	5	800	60000	5661160	13310	2	4	188.4
09_13_2019_07_54_26	5792	5	100	60000	12066843	127404	14	4	69.4
09_13_2019_07_54_35	5792	5	200	60000	7846540	98003	4	4	80.4
09_13_2019_07_58_08	5792	5	400	60000	5865244	59036	0	4	101.8
09_13_2019_08_00_23	5792	5	800	60000	5616035	10191	1	4	188.0
09_13_2019_08_01_24	8192	5	100	60000	11720889	95981	21	4	68.8
09_13_2019_08_01_55	8192	5	200	60000	7643076	82318	6	4	79.0
09_13_2019_08_02_46	8192	5	400	60000	5853984	55273	1	4	104.0
09_13_2019_08_04_25	8192	5	800	60000	5624618	13731	2	4	183.2
09_13_2019_08_04_40	8192	5	100	60000	12181916	90552	19	4	68.6
09_13_2019_08_05_20	8192	5	200	60000	8095226	67870	8	4	81.0
09_13_2019_08_09_54	8192	5	400	60000	5817872	64194	1	4	104.6
09_13_2019_08_17_22	8192	5	800	60000	5635245	11220	2	4	188.0
09_13_2019_08_19_05	11585	5	100	60000	12439391	76747	24	4	66.2
09_13_2019_08_21_45	11585	5	200	60000	7948533	69541	11	4	78.2
09_13_2019_08_25_57	11585	5	400	60000	5735372	70344	0	4	112.0
09_13_2019_08_28_10	11585	5	800	60000	5637846	19326	0	4	188.0
09_13_2019_08_31_06	11585	5	100	60000	12379756	75251	22	4	66.2
09_13_2019_08_32_07	11585	5	200	60000	7519630	68191	9	4	78.6
09_13_2019_08_35_13	11585	5	400	60000	5782585	57789	3	4	106.2
09_13_2019_08_35_22	11585	5	800	60000	5614797	18390	0	4	187.8
09_13_2019_08_38_08	16384	5	100	60000	11725808	65290	26	4	67.8
09_13_2019_08_41_00	16384	5	200	60000	7595495	52097	12	4	77.4
09_13_2019_08_43_34	16384	5	400	60000	5785344	41626	6	4	107.8
09_13_2019_08_48_19	16384	5	800	60000	5633854	19135	1	4	184.8
09_13_2019_08_51_20	16384	5	100	60000	11753227	66477	27	4	67.6
09_13_2019_08_51_33	16384	5	200	60000	7960422	61169	12	4	78.8
09_13_2019_08_54_15	16384	5	400	60000	5727226	44710	4	4	108.0
09_13_2019_08_58_13	16384	5	800	60000	5623213	10774	3	4	182.6
09_13_2019_09_00_48	23170	5	100	60000	18861087	51747	47	4	67.0
09_13_2019_09_04_36	23170	5	200	60000	7813277	44112	11	4	81.2
09_13_2019_09_05_31	23170	5	400	60000	5645786	38179	2	4	120.8
09_13_2019_09_07_21	23170	5	800	60000	5610583	18900	3	4	188.0
09_13_2019_09_08_30	23170	5	100	60000	20994197	50199	52	4	66.6
09_13_2019_09_10_29	23170	5	200	60000	8018790	40977	10	4	79.2
09_13_2019_09_13_43	23170	5	400	60000	5698992	35594	4	4	116.2
09_13_2019_09_20_18	23170	5	800	60000	5605095	30791	1	4	192.8
09_13_2019_09_20_27	32768	5	100	60000	13212461	47395	31	4	65.4
09_13_2019_09_21_30	32768	5	200	60000	6977102	35655	10	4	80.6
09_13_2019_09_22_42	32768	5	400	60000	5796526	29771	2	4	124.4
09_13_2019_09_33_15	32768	5	800	60000	5613651	19114	3	4	186.2
09_13_2019_09_34_49	32768	5	100	60000	17743495	45442	35	4	65.8
09_13_2019_09_36_10	32768	5	200	60000	7571196	33875	9	4	83.6
09_13_2019_09_39_13	32768	5	400	60000	5671733	27017	3	4	122.6
09_13_2019_09_39_53	32768	5	800	60000	5632088	17736	1	4	201.0
09_13_2019_09_42_45	46340	5	100	60000	14378283	36340	24	4	66.8
09_13_2019_09_47_16	46340	5	200	60000	6772715	25182	10	4	87.2
09_13_2019_09_54_07	46340	5	400	60000	5660359	19370	3	4	125.6
09_13_2019_09_54_15	46340	5	800	60000	5586044	15577	0	4	215.2
09_13_2019_09_55_23	46340	5	100	60000	11329697	38949	23	4	66.8
09_13_2019_09_55_32	46340	5	200	60000	6225553	23814	5	4	88.2
09_13_2019_10_00_25	46340	5	400	60000	5650445	22425	3	4	127.4
09_13_2019_10_04_13	46340	5	800	60000	5647944	14003	1	4	211.0
09_13_2019_10_07_46	65536	5	100	60000	10361994	22727	19	4	68.4
09_13_2019_10_08_48	65536	5	200	60000	6420022	17727	6	4	89.2
09_13_2019_10_13_08	65536	5	400	60000	5626942	15222	2	4	129.2
09_13_2019_10_23_00	65536	5	800	60000	5603627	9414	2	4	205.8
09_13_2019_10_26_32	65536	5	100	60000	9034784	18590	13	4	68.2
09_13_2019_10_31_50	65536	5	200	60000	7208032	18726	9	4	86.4
09_13_2019_10_35_38	65536	5	400	60000	5650818	15540	2	4	131.4
09_13_2019_10_36_02	65536	5	800	60000	5911802	11711	1	4	210.8
09_13_2019_10_38_40	92681	5	100	60000	9738068	19369	16	4	67.2
09_13_2019_10_41_16	92681	5	200	60000	6243930	13536	5	4	90.0
09_13_2019_10_45_35	92681	5	400	60000	5908890	8865	2	4	130.0
09_13_2019_10_46_52	92681	5	800	60000	5635091	11747	3	4	209.0
09_13_2019_10_47_54	92681	5	100	60000	9596341	20417	17	4	65.4
09_13_2019_10_49_17	92681	5	200	60000	5722892	12859	2	4	89.6
09_13_2019_10_52_09	92681	5	400	60000	6282763	11165	5	4	126.6
09_13_2019_10_52_23	92681	5	800	60000	5634482	9635	1	4	217.8
09_13_2019_10_55_20	131072	5	100	60000	7026390	12747	6	4	69.8
09_13_2019_10_59_45	131072	5	200	60000	6624761	10113	5	4	90.4
09_13_2019_11_00_05	131072	5	400	60000	5548056	9127	0	4	135.0
09_13_2019_11_01_55	131072	5	800	60000	5561622	6460	0	4	224.2
09_13_2019_11_03_44	131072	5	100	60000	8681169	13811	10	4	68.6
09_13_2019_11_05_59	131072	5	200	60000	6289893	9469	6	4	89.2
09_13_2019_11_18_02	131072	5	400	60000	6002947	7587	3	4	132.0
09_13_2019_11_23_39	131072	5	800	60000	5573756	7869	2	4	219.6
09_13_2019_11_25_01	185363	5	100	60000	6941573	8409	11	4	68.8
09_13_2019_11_29_16	185363	5	200	60000	5594508	8240	1	4	91.4
09_13_2019_11_32_27	185363	5	400	60000	5561173	6446	1	4	134.8
09_13_2019_11_34_01	185363	5	800	60000	5563777	5513	0	4	226.0
09_13_2019_11_34_25	185363	5	100	60000	7059714	9992	8	4	69.4
09_13_2019_11_39_18	185363	5	200	60000	6611029	7865	5	4	90.2
09_13_2019_11_40_25	185363	5	400	60000	6204482	7101	1	4	136.6
09_13_2019_11_41_33	185363	5	800	60000	5551930	4930	1	4	220.6
09_13_2019_11_42_03	262144	5	100	60000	6509362	8391	5	4	69.8
09_13_2019_11_44_09	262144	5	200	60000	6540555	5826	5	4	90.2
09_13_2019_11_46_14	262144	5	400	60000	5438364	5489	2	4	133.6
09_13_2019_11_46_22	262144	5	800	60000	5434222	5062	2	4	215.2
09_13_2019_11_48_44	262144	5	100	60000	5804362	10700	0	4	71.0
09_13_2019_11_48_52	262144	5	200	60000	5751474	5148	6	4	90.8
09_13_2019_11_49_03	262144	5	400	60000	5430256	5224	1	4	133.0
09_13_2019_11_54_00	262144	5	800	60000	5527121	4560	0	4	223.8
09_13_2019_11_57_01	370727	5	100	60000	5702472	5520	5	4	69.6
09_13_2019_11_57_10	370727	5	200	60000	6249791	4228	5	4	90.8
09_13_2019_12_10_41	370727	5	400	60000	5636446	3496	1	4	129.8
09_13_2019_12_15_01	370727	5	800	60000	5542687	3193	3	4	216.4
09_13_2019_12_16_03	370727	5	100	60000	5662202	7025	2	4	70.2
09_13_2019_12_20_02	370727	5	200	60000	5581918	5911	1	4	91.8
09_13_2019_12_20_11	370727	5	400	60000	5547881	4235	4	4	133.6
09_13_2019_12_23_03	370727	5	800	60000	5571114	5487	2	4	220.4
09_13_2019_12_26_04	524288	5	100	60000	5924702	6519	4	4	70.4
09_13_2019_12_29_17	524288	5	200	60000	5989159	4212	3	4	91.6
09_13_2019_12_30_02	524288	5	400	60000	5445823	2921	2	4	132.2
09_13_2019_12_31_26	524288	5	800	60000	5430010	3205	3	4	220.2
09_13_2019_12_31_35	524288	5	100	60000	6401457	5963	4	4	70.6
09_13_2019_12_31_45	524288	5	200	60000	5479953	4253	1	4	90.8
09_13_2019_12_35_03	524288	5	400	60000	5443607	3706	2	4	133.2
09_13_2019_12_36_16	524288	5	800	60000	5436957	3585	1	4	221.6
09_13_2019_12_39_28	741455	5	100	60000	5753696	6062	2	4	70.4
09_13_2019_12_41_32	741455	5	200	60000	5581230	3716	2	4	91.8
09_13_2019_12_41_41	741455	5	400	60000	5813934	3265	1	4	136.2
09_13_2019_12_42_08	741455	5	800	60000	5547516	3445	1	4	226.8
09_13_2019_12_48_43	741455	5	100	60000	5884896	5251	3	4	68.4
09_13_2019_12_50_31	741455	5	200	60000	5978409	3714	3	4	87.6
09_13_2019_12_55_43	741455	5	400	60000	5581456	3120	1	4	133.0
09_13_2019_13_01_10	741455	5	800	60000	5553449	2828	0	4	225.4
09_13_2019_13_02_48	1048576	5	100	60000	5677306	3316	3	4	69.0
09_13_2019_13_11_32	1048576	5	200	60000	5468608	2064	4	4	89.6
09_13_2019_13_11_41	1048576	5	400	60000	5453824	2817	0	4	135.0
09_13_2019_13_12_07	1048576	5	800	60000	5437169	2225	0	4	221.6
09_13_2019_13_14_54	1048576	5	100	60000	6946965	6426	2	4	71.2
09_13_2019_13_20_11	1048576	5	200	60000	5451755	3872	1	4	91.4
09_13_2019_13_21_01	1048576	5	400	60000	5439692	2394	1	4	134.6
09_13_2019_13_21_11	1048576	5	800	60000	6107340	4760	4	4	217.2
09_13_2019_13_23_02	8	10	100	60000	7833513	46403	25	9	51.9
09_13_2019_13_24_50	8	10	200	60000	6692648	41208	16	9	72.0
09_13_2019_13_25_04	8	10	400	60000	5811442	24889	9	9	125.0
09_13_2019_13_25_26	8	10	800	60000	5807179	12849	5	9	228.2
09_13_2019_13_29_35	8	10	100	60000	7159693	32912	20	9	51.4
09_13_2019_13_30_59	8	10	200	60000	5955501	32803	18	9	71.0
09_13_2019_13_31_07	8	10	400	60000	5815852	27069	9	9	125.1
09_13_2019_13_31_54	8	10	800	60000	5949738	13378	5	9	227.0
09_13_2019_13_34_00	11	10	100	60000	6976756	51252	22	9	52.0
09_13_2019_13_37_37	11	10	200	60000	5868690	29505	17	9	70.3
09_13_2019_13_46_43	11	10	400	60000	5806888	16656	10	9	120.2
09_13_2019_13_49_44	11	10	800	60000	5801570	9734	8	9	225.4
09_13_2019_13_50_14	11	10	100	60000	8054860	43763	27	9	51.5
09_13_2019_13_54_39	11	10	200	60000	6150730	29843	16	9	70.3
09_13_2019_13_57_25	11	10	400	60000	6579799	25760	10	9	124.1
09_13_2019_14_00_37	11	10	800	60000	5929609	10935	6	9	227.6
09_13_2019_14_01_12	16	10	100	60000	8634525	54539	24	9	57.6
09_13_2019_14_09_11	16	10	200	60000	6671339	29164	17	9	76.0
09_13_2019_14_09_56	16	10	400	60000	6633841	18771	10	9	124.5
09_13_2019_14_10_07	16	10	800	60000	6228800	13612	7	9	228.5
09_13_2019_14_11_15	16	10	100	60000	7592276	56560	25	9	57.7
09_13_2019_14_13_46	16	10	200	60000	5830019	21747	16	9	74.6
09_13_2019_14_14_36	16	10	400	60000	5738283	21849	11	9	127.0
09_13_2019_14_19_18	16	10	800	60000	5887511	10402	9	9	224.3
09_13_2019_14_19_47	22	10	100	60000	9070005	68349	30	9	46.7
09_13_2019_14_20_51	22	10	200	60000	5927447	46055	14	9	65.0
09_13_2019_14_22_29	22	10	400	60000	6194032	31246	8	9	115.3
09_13_2019_14_24_13	22	10	800	60000	6030256	11014	9	9	208.1
09_13_2019_14_24_28	22	10	100	60000	9024751	58767	25	9	46.7
09_13_2019_14_30_05	22	10	200	60000	6191629	39547	16	9	64.0
09_13_2019_14_41_15	22	10	400	60000	6062927	24662	12	9	113.7
09_13_2019_14_43_24	22	10	800	60000	6040992	11008	7	9	212.0
09_13_2019_14_44_10	32	10	100	60000	10230162	78974	17	9	51.9
09_13_2019_14_48_40	32	10	200	60000	7639477	15753	30	9	57.0
09_13_2019_14_51_42	32	10	400	60000	5695657	11511	14	9	100.0
09_13_2019_14_58_53	32	10	800	60000	5677373	8361	5	9	206.1
09_13_2019_14_59_02	32	10	100	60000	10247411	67017	18	9	51.7
09_13_2019_14_59_13	32	10	200	60000	7340214	19101	22	9	57.4
09_13_2019_15_00_21	32	10	400	60000	6177036	15407	14	9	100.8
09_13_2019_15_02_56	32	10	800	60000	5664987	10903	1	9	207.0
09_13_2019_15_04_14	45	10	100	60000	12773147	84450	15	9	68.9
09_13_2019_15_05_05	45	10	200	60000	7926529	45621	10	9	75.6
09_13_2019_15_05_15	45	10	400	60000	5668519	33439	1	9	105.5
09_13_2019_15_07_15	45	10	800	60000	5671932	9231	0	9	205.8
09_13_2019_15_09_57	45	10	100	60000	12738369	82026	18	9	69.0
09_13_2019_15_12_48	45	10	200	60000	7933958	48068	8	9	75.6
09_13_2019_15_13_12	45	10	400	60000	5666483	31153	2	9	105.5
09_13_2019_15_23_21	45	10	800	60000	5670950	8714	1	9	203.7
09_13_2019_15_28_29	64	10	100	60000	13650715	53808	37	9	71.9
09_13_2019_15_32_06	64	10	200	60000	9093932	49892	6	9	91.9
09_13_2019_15_32_46	64	10	400	60000	6750916	17300	12	9	107.0
09_13_2019_15_36_41	64	10	800	60000	5666509	6303	2	9	202.3
09_13_2019_15_40_30	64	10	100	60000	13663895	50520	40	9	71.9
09_13_2019_15_43_14	64	10	200	60000	9070489	47287	7	9	91.9
09_13_2019_15_47_05	64	10	400	60000	7604898	12973	17	9	106.7
09_13_2019_15_47_19	64	10	800	60000	5646512	6177	7	9	197.0
09_13_2019_15_48_26	90	10	100	60000	12683833	81783	14	9	66.0
09_13_2019_15_49_21	90	10	200	60000	8069751	44982	9	9	77.7
09_13_2019_15_52_07	90	10	400	60000	5732277	24608	2	9	107.2
09_13_2019_15_52_32	90	10	800	60000	5632551	9345	0	9	204.5
09_13_2019_15_52_52	90	10	100	60000	12677101	85314	13	9	65.9
09_13_2019_15_53_24	90	10	200	60000	7925345	49285	5	9	77.5
09_13_2019_15_56_52	90	10	400	60000	5745837	23941	2	9	106.7
09_13_2019_15_57_32	90	10	800	60000	5633313	9341	1	9	202.5
09_13_2019_16_04_13	128	10	100	60000	13891826	92350	17	9	73.0
09_13_2019_16_05_26	128	10	200	60000	9242137	50155	3	9	91.6
09_13_2019_16_05_35	128	10	400	60000	5783210	25868	3	9	107.7
09_13_2019_16_05_55	128	10	800	60000	6150683	7613	8	9	199.8
09_13_2019_16_14_10	128	10	100	60000	13898728	94122	19	9	73.0
09_13_2019_16_17_11	128	10	200	60000	9178290	55713	5	9	92.0
09_13_2019_16_23_04	128	10	400	60000	5742138	30876	0	9	108.0
09_13_2019_16_24_00	128	10	800	60000	6607846	10459	10	9	204.4
09_13_2019_16_25_08	181	10	100	60000	15174952	82995	21	9	77.9
09_13_2019_16_25_54	181	10	200	60000	9591495	55559	6	9	94.7
09_13_2019_16_27_02	181	10	400	60000	5812664	31066	1	9	106.9
09_13_2019_16_28_51	181	10	800	60000	5635952	8684	0	9	206.3
09_13_2019_16_31_06	181	10	100	60000	15390740	91144	22	9	78.1
09_13_2019_16_31_31	181	10	200	60000	10016487	56085	4	9	94.5
09_13_2019_16_38_27	181	10	400	60000	5833335	27527	3	9	106.9
09_13_2019_16_38_51	181	10	800	60000	5634419	8053	2	9	203.8
09_13_2019_16_39_17	256	10	100	60000	14422122	110076	23	9	73.4
09_13_2019_16_39_33	256	10	200	60000	9523293	70803	3	9	91.9
09_13_2019_16_41_23	256	10	400	60000	5862405	35103	0	9	107.0
09_13_2019_16_44_24	256	10	800	60000	5617563	9481	0	9	205.8
09_13_2019_16_44_33	256	10	100	60000	14433769	111142	24	9	73.6
09_13_2019_16_46_23	256	10	200	60000	9527217	69483	2	9	91.9
09_13_2019_16_49_13	256	10	400	60000	5883863	31910	1	9	106.9
09_13_2019_16_52_46	256	10	800	60000	5623584	10479	1	9	205.2
09_13_2019_17_00_23	362	10	100	60000	15334926	113537	23	9	77.9
09_13_2019_17_01_24	362	10	200	60000	9979826	58983	10	9	94.9
09_13_2019_17_01_44	362	10	400	60000	5963458	38138	0	9	107.9
09_13_2019_17_01_59	362	10	800	60000	5623659	14543	0	9	201.6
09_13_2019_17_05_23	362	10	100	60000	15320962	111730	20	9	77.9
09_13_2019_17_06_56	362	10	200	60000	9851040	74555	8	9	95.3
09_13_2019_17_07_10	362	10	400	60000	5946403	38214	0	9	108.0
09_13_2019_17_08_23	362	10	800	60000	5620719	11262	0	9	202.6
09_13_2019_17_14_32	512	10	100	60000	14901064	101480	31	9	75.0
09_13_2019_17_15_17	512	10	200	60000	9572861	88888	5	9	91.9
09_13_2019_17_17_33	512	10	400	60000	6099318	39395	2	9	107.8
09_13_2019_17_18_23	512	10	800	60000	5615351	14124	1	9	198.7
09_13_2019_17_19_00	512	10	100	60000	15853091	97534	35	9	74.9
09_13_2019_17_19_31	512	10	200	60000	10571723	78487	13	9	91.7
09_13_2019_17_21_11	512	10	400	60000	6066713	42564	0	9	108.0
09_13_2019_17_22_12	512	10	800	60000	5623527	13443	2	9	199.5
09_13_2019_17_24_22	724	10	100	60000	15019002	128435	30	9	76.0
09_13_2019_17_26_37	724	10	200	60000	9749643	96746	8	9	94.9
09_13_2019_17_31_22	724	10	400	60000	7055735	52973	11	9	109.1
09_13_2019_17_34_02	724	10	800	60000	5621621	13504	2	9	195.3
09_13_2019_17_36_43	724	10	100	60000	14918383	148844	26	9	76.0
09_13_2019_17_39_18	724	10	200	60000	9853635	93043	10	9	94.6
09_13_2019_17_41_17	724	10	400	60000	6076860	48364	2	9	108.7
09_13_2019_17_41_57	724	10	800	60000	5632897	13589	1	9	194.0
09_13_2019_17_43_06	1024	10	100	60000	14260392	183289	22	9	74.1
09_13_2019_17_44_29	1024	10	200	60000	9711283	86537	13	9	93.2
09_13_2019_17_45_24	1024	10	400	60000	6090840	54083	3	9	108.8
09_13_2019_17_48_22	1024	10	800	60000	5627089	14656	2	9	192.5
09_13_2019_17_54_19	1024	10	100	60000	14825049	165919	30	9	74.3
09_13_2019_17_57_32	1024	10	200	60000	9750337	81752	16	9	93.1
09_13_2019_17_58_22	1024	10	400	60000	6176046	41143	5	9	108.0
09_13_2019_17_58_38	1024	10	800	60000	5624353	13347	3	9	191.0
09_13_2019_18_00_54	1448	10	100	60000	13025327	249367	27	9	72.8
09_13_2019_18_01_07	1448	10	200	60000	9205322	144719	7	9	90.1
09_13_2019_18_02_42	1448	10	400	60000	6095459	43504	5	9	107.5
09_13_2019_18_03_54	1448	10	800	60000	5623113	16051	1	9	192.1
09_13_2019_18_04_34	1448	10	100	60000	13144083	248042	29	9	73.0
09_13_2019_18_05_21	1448	10	200	60000	9358769	133510	9	9	90.0
09_13_2019_18_13_56	1448	10	400	60000	6036104	67424	2	9	108.7
09_13_2019_18_15_39	1448	10	800	60000	5631384	17269	1	9	193.9
09_13_2019_18_15_48	2048	10	100	60000	12971517	238347	33	9	72.0
09_13_2019_18_18_36	2048	10	200	60000	8680439	173726	11	9	86.0
09_13_2019_18_22_02	2048	10	400	60000	5993221	76481	2	9	107.0
09_13_2019_18_23_14	2048	10	800	60000	5633093	20650	4	9	191.5
09_13_2019_18_25_03	2048	10	100	60000	12431038	245098	31	9	72.0
09_13_2019_18_25_48	2048	10	200	60000	8410393	203806	10	9	85.2
09_13_2019_18_31_19	2048	10	400	60000	6080354	50355	5	9	106.4
09_13_2019_18_33_44	2048	10	800	60000	5621732	18754	3	9	193.3
09_13_2019_18_40_43	2896	10	100	60000	11970243	222804	35	9	70.7
09_13_2019_18_44_06	2896	10	200	60000	7640511	224533	12	9	81.4
09_13_2019_18_44_40	2896	10	400	60000	6764703	84813	8	9	106.5
09_13_2019_18_45_37	2896	10	800	60000	5611369	19472	4	9	192.8
09_13_2019_18_45_52	2896	10	100	60000	12922327	222636	34	9	70.5
09_13_2019_18_46_08	2896	10	200	60000	7622553	220224	10	9	81.5
09_13_2019_18_47_53	2896	10	400	60000	5948016	108529	3	9	107.1
09_13_2019_18_48_22	2896	10	800	60000	5624555	22734	1	9	194.4
09_13_2019_18_49_14	4096	10	100	60000	12116033	196619	46	9	69.5
09_13_2019_18_50_49	4096	10	200	60000	7789955	146035	15	9	81.3
09_13_2019_18_55_02	4096	10	400	60000	5827867	113065	4	9	108.8
09_13_2019_18_55_11	4096	10	800	60000	5615050	29395	3	9	195.3
09_13_2019_18_55_47	4096	10	100	60000	11567194	210216	42	9	69.7
09_13_2019_19_03_52	4096	10	200	60000	8085697	170659	16	9	80.5
09_13_2019_19_06_07	4096	10	400	60000	6041950	104687	4	9	108.5
09_13_2019_19_07_45	4096	10	800	60000	5620502	28662	2	9	194.9
09_13_2019_19_08_40	5792	10	100	60000	11588681	141957	41	9	69.2
09_13_2019_19_17_35	5792	10	200	60000	7292879	135724	18	9	80.0
09_13_2019_19_20_16	5792	10	400	60000	5727052	131929	4	9	115.3
09_13_2019_19_20_56	5792	10	800	60000	5625299	32414	2	9	192.3
09_13_2019_19_24_35	5792	10	100	60000	10958727	161351	35	9	69.1
09_13_2019_19_25_31	5792	10	200	60000	7315732	131665	18	9	79.7
09_13_2019_19_26_59	5792	10	400	60000	6120417	115113	4	9	113.4
09_13_2019_19_28_06	5792	10	800	60000	5624636	29291	3	9	193.2
09_13_2019_19_30_47	8192	10	100	60000	10628640	120602	43	9	68.5
09_13_2019_19_31_11	8192	10	200	60000	8150370	97064	26	9	79.7
09_13_2019_19_32_51	8192	10	400	60000	5750078	92694	9	9	114.0
09_13_2019_19_34_45	8192	10	800	60000	5637126	35799	6	9	193.2
09_13_2019_19_35_20	8192	10	100	60000	11672113	104081	46	9	68.4
09_13_2019_19_37_01	8192	10	200	60000	7245189	100023	28	9	79.7
09_13_2019_19_38_17	8192	10	400	60000	5718864	98777	9	9	114.8
09_13_2019_19_40_22	8192	10	800	60000	5625710	42741	3	9	192.5
09_13_2019_19_45_17	11585	10	100	60000	10918816	91805	50	9	66.8
09_13_2019_19_47_27	11585	10	200	60000	7799141	66740	27	9	79.4
09_13_2019_19_53_42	11585	10	400	60000	5752442	70513	13	9	114.5
09_13_2019_19_55_18	11585	10	800	60000	5620920	68562	1	9	205.1
09_13_2019_19_55_43	11585	10	100	60000	11823987	88114	41	9	66.4
09_13_2019_19_59_21	11585	10	200	60000	7823405	84956	25	9	80.7
09_13_2019_20_06_44	11585	10	400	60000	5760910	67482	12	9	116.0
09_13_2019_20_08_01	11585	10	800	60000	5631404	41477	6	9	195.1
09_13_2019_20_08_51	16384	10	100	60000	11605963	75458	53	9	67.9
09_13_2019_20_09_28	16384	10	200	60000	7930239	61290	29	9	80.6
09_13_2019_20_17_21	16384	10	400	60000	6680734	50991	12	9	120.7
09_13_2019_20_19_10	16384	10	800	60000	5622027	40894	6	9	201.4
09_13_2019_20_19_19	16384	10	100	60000	11553936	71953	45	9	68.1
09_13_2019_20_20_27	16384	10	200	60000	7855543	66825	27	9	81.6
09_13_2019_20_20_35	16384	10	400	60000	6210285	54891	14	9	118.8
09_13_2019_20_25_02	16384	10	800	60000	5857545	40360	5	9	205.1
09_13_2019_20_27_47	23170	10	100	60000	12459865	62537	63	9	68.0
09_13_2019_20_27_56	23170	10	200	60000	6470956	49435	17	9	86.7
09_13_2019_20_29_00	23170	10	400	60000	6026580	40811	9	9	126.7
09_13_2019_20_34_29	23170	10	800	60000	5693764	30788	7	9	205.1
09_13_2019_20_40_06	23170	10	100	60000	12037616	59483	53	9	67.6
09_13_2019_20_44_56	23170	10	200	60000	6665637	45605	20	9	84.6
09_13_2019_20_45_15	23170	10	400	60000	5888286	38045	11	9	124.5
09_13_2019_20_51_36	23170	10	800	60000	5629892	32289	5	9	211.7
09_13_2019_20_53_02	32768	10	100	60000	9739780	46279	42	9	67.2
09_13_2019_20_59_32	32768	10	200	60000	7376194	33947	15	9	85.9
09_13_2019_21_01_00	32768	10	400	60000	5657419	28497	12	9	125.3
09_13_2019_21_04_11	32768	10	800	60000	5602545	22533	4	9	219.4
09_13_2019_21_08_00	32768	10	100	60000	9666869	45552	37	9	67.4
09_13_2019_21_09_02	32768	10	200	60000	6523908	37781	14	9	88.0
09_13_2019_21_12_35	32768	10	400	60000	6266528	28659	10	9	129.9
09_13_2019_21_14_19	32768	10	800	60000	5733732	21947	5	9	219.8
09_13_2019_21_15_36	46340	10	100	60000	7698526	33885	25	9	69.2
09_13_2019_21_16_55	46340	10	200	60000	6034081	26911	15	9	89.5
09_13_2019_21_20_06	46340	10	400	60000	6135858	20748	7	9	133.7
09_13_2019_21_22_22	46340	10	800	60000	5590987	17979	4	9	223.1
09_13_2019_21_23_44	46340	10	100	60000	8265614	35100	28	9	67.8
09_13_2019_21_28_14	46340	10	200	60000	7897423	26400	20	9	88.8
09_13_2019_21_29_26	46340	10	400	60000	6214473	20562	10	9	133.0
09_13_2019_21_34_43	46340	10	800	60000	5606008	19288	7	9	219.2
09_13_2019_21_45_03	65536	10	100	60000	7417007	22376	24	9	69.1
09_13_2019_21_46_03	65536	10	200	60000	7306134	20318	19	9	89.9
09_13_2019_21_51_36	65536	10	400	60000	5773821	15602	6	9	133.5
09_13_2019_21_53_51	65536	10	800	60000	5618253	14368	3	9	227.2
09_13_2019_21_55_09	65536	10	100	60000	7297749	27015	17	9	70.7
09_13_2019_22_04_25	65536	10	200	60000	6223670	21028	9	9	92.2
09_13_2019_22_05_00	65536	10	400	60000	6000903	16878	9	9	134.1
09_13_2019_22_07_10	65536	10	800	60000	5622376	13512	4	9	225.4
09_13_2019_22_07_20	92681	10	100	60000	8497507	18931	16	9	69.8
09_13_2019_22_08_17	92681	10	200	60000	6051413	16931	7	9	92.1
09_13_2019_22_09_14	92681	10	400	60000	5575528	13086	8	9	134.2
09_13_2019_22_09_55	92681	10	800	60000	5637191	10405	3	9	229.0
09_13_2019_22_10_46	92681	10	100	60000	8806191	20224	23	9	68.7
09_13_2019_22_13_23	92681	10	200	60000	5894025	16612	10	9	91.1
09_13_2019_22_16_45	92681	10	400	60000	5611907	14200	4	9	137.0
09_13_2019_22_26_08	92681	10	800	60000	5541409	11690	3	9	226.7
09_13_2019_22_29_09	131072	10	100	60000	6592745	17212	19	9	70.4
09_13_2019_22_29_17	131072	10	200	60000	5982209	14852	8	9	92.4
09_13_2019_22_30_52	131072	10	400	60000	5560531	9968	6	9	136.9
09_13_2019_22_32_30	131072	10	800	60000	5545300	9942	2	9	228.0
09_13_2019_22_42_01	131072	10	100	60000	7393743	16189	18	9	69.8
09_13_2019_22_42_10	131072	10	200	60000	5607016	15239	5	9	92.6
09_13_2019_22_44_52	131072	10	400	60000	6021755	10429	9	9	136.4
09_13_2019_22_49_22	131072	10	800	60000	5572613	10146	6	9	224.5
09_13_2019_22_51_12	185363	10	100	60000	6639686	15521	12	9	70.2
09_13_2019_22_51_42	185363	10	200	60000	5582275	9503	7	9	91.6
09_13_2019_22_53_53	185363	10	400	60000	5548356	8365	6	9	137.8
09_13_2019_22_56_18	185363	10	800	60000	5541148	7982	6	9	228.7
09_13_2019_22_58_21	185363	10	100	60000	6364010	16363	10	9	70.3
09_13_2019_22_59_02	185363	10	200	60000	5811200	11234	8	9	92.7
09_13_2019_23_00_52	185363	10	400	60000	5546022	8597	5	9	138.0
09_13_2019_23_01_16	185363	10	800	60000	5543970	8557	5	9	223.5
09_13_2019_23_03_18	262144	10	100	60000	5972469	15190	11	9	70.9
09_13_2019_23_09_26	262144	10	200	60000	5512856	10249	5	9	92.0
09_13_2019_23_11_15	262144	10	400	60000	5439860	6694	9	9	133.5
09_13_2019_23_12_48	262144	10	800	60000	5433318	6538	5	9	224.1
09_13_2019_23_16_05	262144	10	100	60000	6490661	13411	14	9	71.1
09_13_2019_23_18_10	262144	10	200	60000	5503499	10114	9	9	92.1
09_13_2019_23_21_42	262144	10	400	60000	5437161	7476	3	9	135.6
09_13_2019_23_25_36	262144	10	800	60000	5433080	6392	5	9	224.7
09_13_2019_23_26_16	370727	10	100	60000	5649827	10760	8	9	70.6
09_13_2019_23_36_14	370727	10	200	60000	6241537	9677	8	9	93.0
09_13_2019_23_39_21	370727	10	400	60000	5545689	7001	2	9	139.3
09_13_2019_23_43_20	370727	10	800	60000	5541817	6587	2	9	227.1
09_13_2019_23_43_34	370727	10	100	60000	5667712	11841	8	9	70.7
09_13_2019_23_44_05	370727	10	200	60000	5576640	9569	4	9	92.8
09_13_2019_23_47_23	370727	10	400	60000	5549773	5569	5	9	136.9
09_13_2019_23_47_32	370727	10	800	60000	5543266	4828	2	9	228.3
09_13_2019_23_49_23	524288	10	100	60000	5979277	12265	10	9	71.0
09_13_2019_23_51_01	524288	10	200	60000	6199614	9205	5	9	94.6
09_13_2019_23_51_41	524288	10	400	60000	5438707	6334	2	9	137.3
09_13_2019_23_52_34	524288	10	800	60000	5450436	7723	6	9	223.6
09_13_2019_23_52_55	524288	10	100	60000	6313421	14504	7	9	71.7
09_13_2019_23_55_42	524288	10	200	60000	5447108	8070	6	9	92.1
09_14_2019_00_06_51	524288	10	400	60000	5688015	6083	3	9	136.6
09_14_2019_00_08_29	524288	10	800	60000	5433894	5635	7	9	222.7
09_14_2019_00_08_39	741455	10	100	60000	5852821	12410	7	9	70.6
09_14_2019_00_10_29	741455	10	200	60000	5709291	6672	7	9	89.4
09_14_2019_00_12_08	741455	10	400	60000	5563393	5394	3	9	138.4
09_14_2019_00_13_19	741455	10	800	60000	5541386	5265	4	9	229.7
09_14_2019_00_23_07	741455	10	100	60000	5744472	12340	9	9	71.0
09_14_2019_00_27_16	741455	10	200	60000	5905565	10109	4	9	90.2
09_14_2019_00_30_07	741455	10	400	60000	5833814	5711	3	9	137.9
09_14_2019_00_30_27	741455	10	800	60000	5542342	4630	4	9	228.3
09_14_2019_00_33_14	1048576	10	100	60000	7197330	11730	6	9	72.3
09_14_2019_00_33_33	1048576	10	200	60000	5447905	6335	5	9	92.2
09_14_2019_00_34_04	1048576	10	400	60000	5444569	3633	5	9	135.9
09_14_2019_00_35_54	1048576	10	800	60000	5430768	5749	1	9	224.7
09_14_2019_00_37_01	1048576	10	100	60000	5516889	10038	7	9	70.5
09_14_2019_00_37_11	1048576	10	200	60000	5447772	8844	3	9	92.5
09_14_2019_00_37_41	1048576	10	400	60000	5438769	5330	4	9	136.9
09_14_2019_00_46_58	1048576	10	800	60000	5427158	4252	3	9	225.6
09_14_2019_00_51_22	8	15	100	60000	7533509	57554	46	14	52.4
09_14_2019_00_52_50	8	15	200	60000	5937836	43616	33	14	71.26666666666667
09_14_2019_00_57_41	8	15	400	60000	5813328	35255	18	14	126.0
09_14_2019_00_59_00	8	15	800	60000	6107618	19194	15	14	228.6
09_14_2019_01_02_47	8	15	100	60000	7561599	56225	46	14	52.53333333333333
09_14_2019_01_05_49	8	15	200	60000	6950243	45267	28	14	72.2
09_14_2019_01_06_45	8	15	400	60000	6369050	38620	23	14	125.46666666666667
09_14_2019_01_10_08	8	15	800	60000	5981343	16894	14	14	228.53333333333333
09_14_2019_01_10_18	11	15	100	60000	7072716	69592	39	14	52.266666666666666
09_14_2019_01_13_15	11	15	200	60000	7038976	32321	32	14	69.93333333333334
09_14_2019_01_19_24	11	15	400	60000	6593662	32767	21	14	125.06666666666666
09_14_2019_01_19_58	11	15	800	60000	6521312	18416	12	14	228.8
09_14_2019_01_21_22	11	15	100	60000	8078950	67889	41	14	52.6
09_14_2019_01_21_31	11	15	200	60000	6319807	34367	32	14	69.53333333333333
09_14_2019_01_23_53	11	15	400	60000	6368229	27392	23	14	124.46666666666667
09_14_2019_01_24_02	11	15	800	60000	6109611	22820	9	14	232.73333333333332
09_14_2019_01_24_12	16	15	100	60000	8256316	61102	46	14	57.733333333333334
09_14_2019_01_27_15	16	15	200	60000	5941032	42685	31	14	77.46666666666667
09_14_2019_01_29_56	16	15	400	60000	6583968	30918	22	14	128.6
09_14_2019_01_46_28	16	15	800	60000	6263448	20307	12	14	232.2
09_14_2019_01_48_44	16	15	100	60000	7859877	68401	42	14	58.266666666666666
09_14_2019_01_49_40	16	15	200	60000	5789291	39679	29	14	77.4
09_14_2019_01_53_14	16	15	400	60000	5978628	34371	19	14	128.53333333333333
09_14_2019_01_53_23	16	15	800	60000	5745764	21147	13	14	232.6
09_14_2019_01_56_01	22	15	100	60000	9697977	84818	54	14	46.86666666666667
09_14_2019_01_58_51	22	15	200	60000	6040001	64853	28	14	66.2
09_14_2019_02_00_05	22	15	400	60000	6041209	31158	25	14	114.06666666666666
09_14_2019_02_00_28	22	15	800	60000	5900202	21839	11	14	215.26666666666668
09_14_2019_02_03_20	22	15	100	60000	9473474	77910	54	14	46.8
09_14_2019_02_06_12	22	15	200	60000	6683230	53331	25	14	65.13333333333334
09_14_2019_02_12_10	22	15	400	60000	5711272	25825	23	14	113.26666666666667
09_14_2019_02_15_23	22	15	800	60000	6412510	23907	10	14	217.73333333333332
09_14_2019_02_17_06	32	15	100	60000	10238963	93974	33	14	52.0
09_14_2019_02_19_36	32	15	200	60000	7229819	20676	40	14	57.266666666666666
09_14_2019_02_19_50	32	15	400	60000	5899586	24957	17	14	103.73333333333333
09_14_2019_02_23_34	32	15	800	60000	5670197	17498	7	14	208.26666666666668
09_14_2019_02_31_06	32	15	100	60000	10154028	96104	38	14	51.86666666666667
09_14_2019_02_34_03	32	15	200	60000	6782707	23129	39	14	57.6
09_14_2019_02_42_15	32	15	400	60000	6267920	29687	23	14	103.26666666666667
09_14_2019_02_42_29	32	15	800	60000	5715114	13603	12	14	202.73333333333332
09_14_2019_02_44_08	45	15	100	60000	12684012	100198	40	14	69.0
09_14_2019_02_45_47	45	15	200	60000	7760269	59516	18	14	76.0
09_14_2019_02_45_57	45	15	400	60000	6092036	57045	7	14	106.8
09_14_2019_02_47_41	45	15	800	60000	5674659	12358	11	14	201.66666666666666
09_14_2019_02_52_32	45	15	100	60000	13292587	95827	40	14	68.93333333333334
09_14_2019_02_56_21	45	15	200	60000	8162204	65248	23	14	76.06666666666666
09_14_2019_02_57_10	45	15	400	60000	6661877	59304	4	14	107.26666666666667
09_14_2019_02_58_35	45	15	800	60000	5659348	15885	5	14	207.0
09_14_2019_03_01_14	64	15	100	60000	15140969	71225	67	14	71.93333333333334
09_14_2019_03_02_05	64	15	200	60000	8990783	70589	12	14	92.6
09_14_2019_03_03_29	64	15	400	60000	7220281	22258	24	14	106.2
09_14_2019_03_05_44	64	15	800	60000	5663077	15598	3	14	206.66666666666666
09_14_2019_03_12_54	64	15	100	60000	14556574	72417	68	14	71.86666666666666
09_14_2019_03_15_08	64	15	200	60000	9007855	72209	18	14	92.53333333333333
09_14_2019_03_15_28	64	15	400	60000	7267408	17431	28	14	106.46666666666667
09_14_2019_03_17_55	64	15	800	60000	5657389	12933	8	14	204.53333333333333
09_14_2019_03_19_12	90	15	100	60000	13576034	93420	40	14	66.06666666666666
09_14_2019_03_25_00	90	15	200	60000	9919727	68146	19	14	77.73333333333333
09_14_2019_03_26_08	90	15	400	60000	5704591	51488	3	14	108.33333333333333
09_14_2019_03_30_22	90	15	800	60000	5635702	20525	1	14	207.2
09_14_2019_03_35_33	90	15	100	60000	12816711	92698	38	14	66.0
09_14_2019_03_36_41	90	15	200	60000	7941811	59045	17	14	77.53333333333333
09_14_2019_03_38_45	90	15	400	60000	5829652	41972	7	14	107.06666666666666
09_14_2019_03_39_41	90	15	800	60000	5630680	21639	0	14	208.8
09_14_2019_03_46_11	128	15	100	60000	13866070	107361	47	14	73.13333333333334
09_14_2019_03_49_07	128	15	200	60000	9167395	67592	15	14	91.93333333333334
09_14_2019_03_51_28	128	15	400	60000	5808143	34986	11	14	107.6
09_14_2019_03_52_30	128	15	800	60000	6748993	18579	16	14	206.2
09_14_2019_03_53_00	128	15	100	60000	14439861	99502	44	14	72.93333333333334
09_14_2019_03_53_20	128	15	200	60000	9164682	66137	16	14	91.93333333333334
09_14_2019_03_53_51	128	15	400	60000	5764908	32847	12	14	107.86666666666666
09_14_2019_03_55_36	128	15	800	60000	6610929	20714	14	14	210.13333333333333
09_14_2019_03_57_50	181	15	100	60000	15067443	104033	46	14	78.66666666666667
09_14_2019_04_01_23	181	15	200	60000	9551196	69454	18	14	94.8
09_14_2019_04_03_54	181	15	400	60000	6116037	47107	7	14	107.26666666666667
09_14_2019_04_07_21	181	15	800	60000	5623123	19106	0	14	209.2
09_14_2019_04_09_56	181	15	100	60000	15798197	100560	42	14	78.66666666666667
09_14_2019_04_11_40	181	15	200	60000	9514542	81279	12	14	94.8
09_14_2019_04_14_35	181	15	400	60000	5791002	48118	6	14	107.53333333333333
09_14_2019_04_18_18	181	15	800	60000	5626759	18963	1	14	208.13333333333333
09_14_2019_04_19_37	256	15	100	60000	14379816	125375	49	14	73.73333333333333
09_14_2019_04_22_32	256	15	200	60000	9866300	86594	13	14	92.26666666666667
09_14_2019_04_22_46	256	15	400	60000	5838380	48788	8	14	107.6
09_14_2019_04_23_55	256	15	800	60000	5632018	20257	2	14	205.33333333333334
09_14_2019_04_25_48	256	15	100	60000	14381748	120248	51	14	73.66666666666667
09_14_2019_04_29_29	256	15	200	60000	10196182	89774	16	14	92.06666666666666
09_14_2019_04_30_19	256	15	400	60000	5850232	51591	3	14	107.6
09_14_2019_04_30_30	256	15	800	60000	5626580	18754	6	14	205.86666666666667
09_14_2019_04_32_14	362	15	100	60000	15246827	128992	48	14	78.46666666666667
09_14_2019_04_32_59	362	15	200	60000	10153984	82275	16	14	95.26666666666667
09_14_2019_04_34_02	362	15	400	60000	5939892	55239	6	14	108.26666666666667
09_14_2019_04_37_56	362	15	800	60000	5622382	19592	4	14	204.53333333333333
09_14_2019_04_42_36	362	15	100	60000	15555519	139648	53	14	78.73333333333333
09_14_2019_04_45_48	362	15	200	60000	10004592	91741	19	14	95.6
09_14_2019_04_46_55	362	15	400	60000	6208244	64160	4	14	108.6
09_14_2019_04_48_08	362	15	800	60000	5631879	22359	5	14	204.86666666666667
09_14_2019_04_51_09	512	15	100	60000	15038453	119039	61	14	75.13333333333334
09_14_2019_04_54_42	512	15	200	60000	9478320	127381	21	14	92.2
09_14_2019_04_55_49	512	15	400	60000	6006939	74069	3	14	108.8
09_14_2019_04_58_40	512	15	800	60000	5616342	25980	0	14	204.53333333333333
09_14_2019_04_58_59	512	15	100	60000	15967493	124500	63	14	75.26666666666667
09_14_2019_05_01_31	512	15	200	60000	9652272	112664	24	14	91.93333333333334
09_14_2019_05_03_09	512	15	400	60000	6018142	66236	5	14	108.66666666666667
09_14_2019_05_06_16	512	15	800	60000	5622180	24210	2	14	202.53333333333333
09_14_2019_05_07_23	724	15	100	60000	15295789	160153	60	14	75.53333333333333
09_14_2019_05_08_35	724	15	200	60000	10289471	119624	27	14	94.73333333333333
09_14_2019_05_10_09	724	15	400	60000	6026361	75466	7	14	109.66666666666667
09_14_2019_05_11_04	724	15	800	60000	5616442	23594	4	14	198.46666666666667
09_14_2019_05_11_51	724	15	100	60000	15019206	166685	54	14	75.73333333333333
09_14_2019_05_12_01	724	15	200	60000	9877936	109664	24	14	94.66666666666667
09_14_2019_05_18_10	724	15	400	60000	6096438	64938	12	14	109.26666666666667
09_14_2019_05_18_19	724	15	800	60000	5626947	27168	4	14	199.53333333333333
09_14_2019_05_25_12	1024	15	100	60000	14112998	203154	49	14	74.2
09_14_2019_05_27_10	1024	15	200	60000	10269580	105414	25	14	93.0
09_14_2019_05_27_35	1024	15	400	60000	6076918	76782	8	14	109.66666666666667
09_14_2019_05_27_45	1024	15	800	60000	5632725	27554	4	14	196.53333333333333
09_14_2019_05_28_21	1024	15	100	60000	14361244	213886	52	14	74.0
09_14_2019_05_33_31	1024	15	200	60000	9661133	106024	24	14	92.93333333333334
09_14_2019_05_36_22	1024	15	400	60000	6057080	72875	9	14	109.46666666666667
09_14_2019_05_38_31	1024	15	800	60000	5631486	26125	8	14	194.2
09_14_2019_05_38_40	1448	15	100	60000	12860486	281220	54	14	72.93333333333334
09_14_2019_05_43_14	1448	15	200	60000	9042941	189029	23	14	89.46666666666667
09_14_2019_05_44_53	1448	15	400	60000	6586389	98502	16	14	108.33333333333333
09_14_2019_05_46_05	1448	15	800	60000	5626069	25827	10	14	194.86666666666667
09_14_2019_05_48_18	1448	15	100	60000	12615115	303073	51	14	73.0
09_14_2019_05_50_43	1448	15	200	60000	9001912	200307	24	14	89.26666666666667
09_14_2019_05_52_15	1448	15	400	60000	6017283	79404	10	14	108.33333333333333
09_14_2019_05_53_32	1448	15	800	60000	5622177	27295	7	14	195.66666666666666
09_14_2019_05_55_47	2048	15	100	60000	12884205	268955	60	14	72.13333333333334
09_14_2019_05_59_12	2048	15	200	60000	8108412	242161	23	14	84.4
09_14_2019_06_00_23	2048	15	400	60000	5948542	116041	9	14	108.93333333333334
09_14_2019_06_03_54	2048	15	800	60000	5622493	37756	5	14	197.66666666666666
09_14_2019_06_06_38	2048	15	100	60000	12466147	263122	55	14	72.0
09_14_2019_06_10_39	2048	15	200	60000	7885542	276033	19	14	83.73333333333333
09_14_2019_06_13_04	2048	15	400	60000	5998736	75276	11	14	107.46666666666667
09_14_2019_06_15_23	2048	15	800	60000	5854657	34150	6	14	194.66666666666666
09_14_2019_06_20_13	2896	15	100	60000	12264987	251017	60	14	70.2
09_14_2019_06_21_04	2896	15	200	60000	7344821	252573	25	14	80.93333333333334
09_14_2019_06_21_15	2896	15	400	60000	6262139	163166	9	14	111.66666666666667
09_14_2019_06_24_48	2896	15	800	60000	5623092	34322	9	14	195.06666666666666
09_14_2019_06_27_23	2896	15	100	60000	11711486	246981	59	14	70.33333333333333
09_14_2019_06_35_57	2896	15	200	60000	7489164	246593	27	14	81.06666666666666
09_14_2019_06_36_32	2896	15	400	60000	5844416	130572	12	14	109.73333333333333
09_14_2019_06_39_14	2896	15	800	60000	5630067	42501	4	14	198.06666666666666
09_14_2019_06_39_29	4096	15	100	60000	11348437	223545	70	14	69.53333333333333
09_14_2019_06_39_38	4096	15	200	60000	7059025	204890	36	14	79.46666666666667
09_14_2019_06_39_49	4096	15	400	60000	5779709	149908	11	14	112.4
09_14_2019_06_45_02	4096	15	800	60000	5620564	51562	3	14	196.4
09_14_2019_06_46_55	4096	15	100	60000	11184111	215898	70	14	69.46666666666667
09_14_2019_06_49_10	4096	15	200	60000	7750922	184865	31	14	81.13333333333334
09_14_2019_06_51_14	4096	15	400	60000	6056085	204883	5	14	118.26666666666667
09_14_2019_06_51_39	4096	15	800	60000	5628881	44971	6	14	196.26666666666668
09_14_2019_06_57_21	5792	15	100	60000	10609319	168490	63	14	68.93333333333334
09_14_2019_07_00_54	5792	15	200	60000	7353942	132974	29	14	80.13333333333334
09_14_2019_07_01_50	5792	15	400	60000	5773991	152575	14	14	119.53333333333333
09_14_2019_07_02_20	5792	15	800	60000	5634922	81297	3	14	203.53333333333333
09_14_2019_07_06_30	5792	15	100	60000	11493695	172544	67	14	68.6
09_14_2019_07_07_10	5792	15	200	60000	7700746	131836	32	14	80.66666666666667
09_14_2019_07_07_20	5792	15	400	60000	5698914	150552	13	14	117.93333333333334
09_14_2019_07_08_50	5792	15	800	60000	5641979	57126	10	14	197.53333333333333
09_14_2019_07_23_53	8192	15	100	60000	10724471	121097	67	14	68.2
09_14_2019_07_25_36	8192	15	200	60000	7747070	106961	37	14	80.93333333333334
09_14_2019_07_26_05	8192	15	400	60000	6855677	86670	20	14	115.73333333333333
09_14_2019_07_26_31	8192	15	800	60000	6260143	87851	6	14	209.46666666666667
09_14_2019_07_26_46	8192	15	100	60000	12218942	128258	79	14	68.2
09_14_2019_07_32_05	8192	15	200	60000	7789485	103301	38	14	80.46666666666667
09_14_2019_07_32_40	8192	15	400	60000	5696845	98882	16	14	119.2
09_14_2019_07_37_26	8192	15	800	60000	5628099	86232	6	14	208.93333333333334
09_14_2019_07_37_55	11585	15	100	60000	11111233	94867	67	14	66.8
09_14_2019_07_40_16	11585	15	200	60000	8473452	89796	40	14	81.2
09_14_2019_07_42_52	11585	15	400	60000	5869215	73470	18	14	123.53333333333333
09_14_2019_07_44_36	11585	15	800	60000	5618833	42581	12	14	201.8
09_14_2019_07_46_03	11585	15	100	60000	11562209	95846	54	14	66.93333333333334
09_14_2019_07_46_12	11585	15	200	60000	7265586	91292	40	14	81.0
09_14_2019_07_49_39	11585	15	400	60000	6168305	67399	26	14	120.66666666666667
09_14_2019_07_52_00	11585	15	800	60000	5889849	65109	15	14	205.33333333333334
09_14_2019_07_54_25	16384	15	100	60000	10744453	88704	77	14	68.26666666666667
09_14_2019_08_00_09	16384	15	200	60000	7403757	67831	38	14	85.2
09_14_2019_08_02_07	16384	15	400	60000	6944930	54943	22	14	128.73333333333332
09_14_2019_08_03_29	16384	15	800	60000	5624925	44968	9	14	219.33333333333334
09_14_2019_08_12_34	16384	15	100	60000	13398825	80144	80	14	67.66666666666667
09_14_2019_08_20_16	16384	15	200	60000	6969957	65927	36	14	84.93333333333334
09_14_2019_08_23_28	16384	15	400	60000	5949925	57183	19	14	127.53333333333333
09_14_2019_08_26_02	16384	15	800	60000	5760798	45255	4	14	220.86666666666667
09_14_2019_08_27_30	23170	15	100	60000	9444831	64306	59	14	68.26666666666667
09_14_2019_08_29_51	23170	15	200	60000	7174565	47430	35	14	85.06666666666666
09_14_2019_08_32_15	23170	15	400	60000	5778690	40820	17	14	129.93333333333334
09_14_2019_08_32_35	23170	15	800	60000	5601751	32262	10	14	225.4
09_14_2019_08_33_22	23170	15	100	60000	9437146	64453	72	14	68.66666666666667
09_14_2019_08_38_55	23170	15	200	60000	6812179	50208	31	14	88.46666666666667
09_14_2019_08_39_04	23170	15	400	60000	5654949	43375	17	14	132.2
09_14_2019_08_39_14	23170	15	800	60000	5625126	32275	8	14	221.0
09_14_2019_08_43_20	32768	15	100	60000	8760989	45662	45	14	69.0
09_14_2019_08_44_37	32768	15	200	60000	6736378	40004	24	14	90.46666666666667
09_14_2019_08_49_08	32768	15	400	60000	6330126	31174	17	14	133.53333333333333
09_14_2019_08_49_17	32768	15	800	60000	5613690	25111	6	14	229.2
09_14_2019_08_51_43	32768	15	100	60000	12473354	45547	44	14	68.33333333333333
09_14_2019_08_55_31	32768	15	200	60000	6453004	37098	24	14	90.13333333333334
09_14_2019_09_01_05	32768	15	400	60000	5941981	32803	17	14	133.53333333333333
09_14_2019_09_07_39	32768	15	800	60000	6127953	26302	6	14	224.33333333333334
09_14_2019_09_11_00	46340	15	100	60000	9104990	36478	42	14	69.66666666666667
09_14_2019_09_15_32	46340	15	200	60000	6478165	29292	21	14	91.2
09_14_2019_09_18_32	46340	15	400	60000	6312461	25287	11	14	137.26666666666668
09_14_2019_09_24_19	46340	15	800	60000	6309817	20229	11	14	226.26666666666668
09_14_2019_09_26_22	46340	15	100	60000	8631433	33149	39	14	69.86666666666666
09_14_2019_09_27_34	46340	15	200	60000	7090972	29252	25	14	92.06666666666666
09_14_2019_09_33_33	46340	15	400	60000	6348973	25551	15	14	136.66666666666666
09_14_2019_09_34_34	46340	15	800	60000	5581466	17843	6	14	228.73333333333332
09_14_2019_09_36_14	65536	15	100	60000	6552536	28382	30	14	70.46666666666667
09_14_2019_09_37_47	65536	15	200	60000	7074516	24644	20	14	91.2
09_14_2019_09_40_27	65536	15	400	60000	6144164	19544	14	14	136.66666666666666
09_14_2019_09_47_30	65536	15	800	60000	5605760	16008	5	14	230.0
09_14_2019_09_48_16	65536	15	100	60000	7001237	30492	26	14	70.73333333333333
09_14_2019_09_51_45	65536	15	200	60000	6647492	22964	24	14	92.93333333333334
09_14_2019_09_54_26	65536	15	400	60000	6280520	19411	12	14	138.33333333333334
09_14_2019_09_55_27	65536	15	800	60000	5615824	17212	7	14	225.26666666666668
09_14_2019_09_56_55	92681	15	100	60000	7143200	21145	22	14	69.8
09_14_2019_09_59_32	92681	15	200	60000	6193645	22659	15	14	93.0
09_14_2019_10_03_49	92681	15	400	60000	6599426	17430	6	14	139.06666666666666
09_14_2019_10_06_26	92681	15	800	60000	5586873	12724	8	14	230.53333333333333
09_14_2019_10_10_29	92681	15	100	60000	7164071	22258	21	14	69.33333333333333
09_14_2019_10_10_38	92681	15	200	60000	6826992	19839	17	14	92.0
09_14_2019_10_14_12	92681	15	400	60000	6385735	15994	10	14	139.33333333333334
09_14_2019_10_18_05	92681	15	800	60000	5693335	11876	8	14	228.13333333333333
09_14_2019_10_25_17	131072	15	100	60000	6334037	23501	20	14	71.0
09_14_2019_10_26_07	131072	15	200	60000	6371184	18423	12	14	92.26666666666667
09_14_2019_10_27_04	131072	15	400	60000	6110138	14039	13	14	139.66666666666666
09_14_2019_10_29_05	131072	15	800	60000	5562844	13703	10	14	229.13333333333333
09_14_2019_10_30_17	131072	15	100	60000	7393491	22173	26	14	70.73333333333333
09_14_2019_10_31_13	131072	15	200	60000	5566354	19844	9	14	93.2
09_14_2019_10_37_08	131072	15	400	60000	5545332	12414	10	14	138.26666666666668
09_14_2019_10_39_33	131072	15	800	60000	5908321	11036	7	14	229.66666666666666
09_14_2019_10_40_35	185363	15	100	60000	5987335	19023	18	14	70.66666666666667
09_14_2019_10_40_44	185363	15	200	60000	6134723	16496	10	14	92.4
09_14_2019_10_48_27	185363	15	400	60000	5913097	12270	10	14	137.06666666666666
09_14_2019_10_53_39	185363	15	800	60000	5986403	8796	3	14	230.8
09_14_2019_10_55_48	185363	15	100	60000	6948760	21988	22	14	71.33333333333333
09_14_2019_10_58_24	185363	15	200	60000	5909793	17000	11	14	93.6
09_14_2019_10_58_33	185363	15	400	60000	5991611	11616	8	14	139.53333333333333
09_14_2019_11_02_38	185363	15	800	60000	5544736	9406	11	14	228.26666666666668
09_14_2019_11_04_32	262144	15	100	60000	7009810	24714	17	14	71.93333333333334
09_14_2019_11_05_07	262144	15	200	60000	6480839	16306	13	14	93.93333333333334
09_14_2019_11_05_55	262144	15	400	60000	5964175	10882	7	14	137.46666666666667
09_14_2019_11_09_33	262144	15	800	60000	5428957	7932	8	14	226.6
09_14_2019_11_11_12	262144	15	100	60000	7303932	25821	14	14	71.73333333333333
09_14_2019_11_15_52	262144	15	200	60000	5723271	16516	12	14	94.06666666666666
09_14_2019_11_19_30	262144	15	400	60000	5428730	11697	5	14	138.0
09_14_2019_11_20_00	262144	15	800	60000	5432344	9708	6	14	227.86666666666667
09_14_2019_11_25_39	370727	15	100	60000	6978581	19887	14	14	71.46666666666667
09_14_2019_11_27_54	370727	15	200	60000	5550704	14229	10	14	93.73333333333333
09_14_2019_11_28_49	370727	15	400	60000	5560601	9925	6	14	140.0
09_14_2019_11_35_56	370727	15	800	60000	5544900	10189	13	14	218.46666666666667
09_14_2019_11_40_16	370727	15	100	60000	6452847	25953	9	14	71.33333333333333
09_14_2019_11_40_46	370727	15	200	60000	6227248	13882	9	14	94.93333333333334
09_14_2019_11_40_56	370727	15	400	60000	5541396	10487	5	14	140.33333333333334
09_14_2019_11_43_33	370727	15	800	60000	5539008	6649	7	14	229.8
09_14_2019_11_47_27	524288	15	100	60000	5736806	18200	16	14	70.93333333333334
09_14_2019_11_51_35	524288	15	200	60000	5646904	14864	7	14	92.4
09_14_2019_11_52_43	524288	15	400	60000	5667683	9492	7	14	137.33333333333334
09_14_2019_11_55_55	524288	15	800	60000	5432299	7873	8	14	226.73333333333332
09_14_2019_11_57_13	524288	15	100	60000	5552001	21493	15	14	71.13333333333334
09_14_2019_11_59_17	524288	15	200	60000	6439568	14989	8	14	92.86666666666666
09_14_2019_12_01_06	524288	15	400	60000	5431712	9240	8	14	138.2
09_14_2019_12_04_03	524288	15	800	60000	5812194	6300	4	14	227.06666666666666
09_14_2019_12_04_53	741455	15	100	60000	5609887	21018	10	14	71.4
09_14_2019_12_06_33	741455	15	200	60000	5619024	12435	11	14	92.8
09_14_2019_12_07_03	741455	15	400	60000	5628137	8973	6	14	139.8
09_14_2019_12_11_33	741455	15	800	60000	5546208	6919	1	14	232.33333333333334
09_14_2019_12_15_37	741455	15	100	60000	5701727	17635	16	14	70.2
09_14_2019_12_19_52	741455	15	200	60000	5551291	13553	8	14	93.53333333333333
09_14_2019_12_21_10	741455	15	400	60000	5547593	9866	3	14	140.06666666666666
09_14_2019_12_26_28	741455	15	800	60000	5546628	7243	8	14	231.4
09_14_2019_12_27_39	1048576	15	100	60000	5490480	20373	8	14	71.06666666666666
09_14_2019_12_27_59	1048576	15	200	60000	5442751	11139	8	14	92.46666666666667
09_14_2019_12_38_18	1048576	15	400	60000	5454597	7326	6	14	137.33333333333334
09_14_2019_12_40_43	1048576	15	800	60000	5433262	6060	6	14	226.2
09_14_2019_12_41_34	1048576	15	100	60000	6189272	14741	14	14	70.73333333333333
09_14_2019_12_42_47	1048576	15	200	60000	5448097	11908	10	14	92.8
09_14_2019_12_43_33	1048576	15	400	60000	5428463	8529	3	14	138.06666666666666
09_14_2019_12_51_41	1048576	15	800	60000	5429531	6208	5	14	227.06666666666666
09_16_2019_15_54_02	8	1	100	60000	10215343	6185	0	0	50.0
09_16_2019_15_54_11	8	1	200	60000	8532047	3039	0	0	62.0
09_16_2019_15_54_21	8	1	400	60000	5889542	1134	0	0	101.0
09_16_2019_15_54_32	8	1	800	60000	5857317	842	0	0	191.0
09_16_2019_15_54_42	8	1	100	60000	10265214	6436	0	0	50.0
09_16_2019_15_54_52	8	1	200	60000	7350593	3036	0	0	61.0
09_16_2019_15_55_02	8	1	400	60000	5862406	1051	0	0	101.0
09_16_2019_15_55_12	8	1	800	60000	5831942	1029	0	0	192.0
