0	1	8	24	30	58214204	5080	0	43	0
1	1	8	48	30	36795174	19738	0	46	0
2	1	8	96	30	8209009	6847	0	49	0
3	1	8	192	30	5213213	2996	0	60	0
4	1	8	384	30	4835195	1296	0	97	0
5	1	8	768	30	6088604	498	0	182	0
6	1	11	24	30	58155207	2540	0	41	0
7	1	11	48	30	58999998	17791	0	46	0
8	1	11	96	30	7749911	8282	0	50	0
9	1	11	192	30	7629873	2808	0	60	0
10	1	11	384	30	4850131	1238	0	97	0
11	1	11	768	30	5996401	448	0	182	0
12	1	16	24	30	58179157	5748	0	49	0
13	1	16	48	30	23704442	25387	0	51	0
14	1	16	96	30	11624200	12245	0	55	0
15	1	16	192	30	6360966	3143	0	65	0
16	1	16	384	30	4749941	1351	0	101	0
17	1	16	768	30	4759277	874	0	185	0
18	1	22	24	30	58774144	3337	0	34	0
19	1	22	48	30	16972340	7359	0	39	0
20	1	22	96	30	9594237	4060	0	44	0
21	1	22	192	30	6673960	4059	0	56	0
22	1	22	384	30	5921159	1219	0	90	0
23	1	22	768	30	4790711	706	0	171	0
24	1	32	24	30	58823638	2603	0	36	0
25	1	32	48	30	18887181	8188	0	44	0
26	1	32	96	30	12178823	2457	0	49	0
27	1	32	192	30	6425294	1303	0	55	0
28	1	32	384	30	4732688	802	0	83	0
29	1	32	768	30	5864104	381	0	165	0
30	1	45	24	30	31007134	20487	0	44	0
31	1	45	48	30	22859087	7538	0	56	0
32	1	45	96	30	15821155	1913	0	66	0
33	1	45	192	30	9657767	629	0	73	0
34	1	45	384	30	5057665	313	0	88	0
35	1	45	768	30	4711636	689	0	164	0
36	1	64	24	30	26965606	23282	0	40	0
37	1	64	48	30	19890294	6808	0	49	0
38	1	64	96	30	14266176	1994	0	65	0
39	1	64	192	30	10921381	635	0	85	0
40	1	64	384	30	7109638	261	0	101	0
41	1	64	768	30	5860190	441	0	164	0
42	1	90	24	30	26841180	24664	0	38	0
43	1	90	48	30	20040059	8543	0	51	0
44	1	90	96	30	13623225	2577	0	63	0
45	1	90	192	30	8391621	825	0	73	0
46	1	90	384	30	5465981	428	0	94	0
47	1	90	768	30	4636298	880	0	163	0
48	1	128	24	30	27716346	29389	0	40	0
49	1	128	48	30	21732411	9630	0	52	0
50	1	128	96	30	14512069	2573	0	66	0
51	1	128	192	30	9681649	650	0	85	0
52	1	128	384	30	5896523	134	0	102	0
53	1	128	768	30	5832138	286	0	164	0
54	1	181	24	30	27408254	23522	0	40	0
55	1	181	48	30	21982226	7664	0	55	0
56	1	181	96	30	15820318	2816	0	73	0
57	1	181	192	30	10192120	951	0	89	0
58	1	181	384	30	5944409	1489	0	101	0
59	1	181	768	30	4641046	144	0	164	0
60	1	256	24	30	27534126	25371	0	40	0
61	1	256	48	30	21343739	11154	0	53	0
62	1	256	96	30	14957369	5746	0	68	0
63	1	256	192	30	9753399	1314	0	86	0
64	1	256	384	30	5893359	2158	0	101	0
65	1	256	768	30	4657861	1299	0	164	0
66	1	362	24	30	27477064	24780	0	40	0
67	1	362	48	30	21921884	8072	0	54	0
68	1	362	96	30	16857789	5149	0	73	0
69	1	362	192	30	11224913	2389	0	90	0
70	1	362	384	30	6008361	1502	0	103	0
71	1	362	768	30	4666770	2634	0	164	0
72	1	512	24	30	27143573	30978	0	40	0
73	1	512	48	30	21718547	9712	0	55	0
74	1	512	96	30	16530267	4100	0	71	0
75	1	512	192	30	9875956	1635	0	87	0
76	1	512	384	30	6891749	1100	0	102	0
77	1	512	768	30	5886136	2027	0	162	0
78	1	724	24	30	26982330	27597	0	40	0
79	1	724	48	30	21991623	12371	0	55	0
80	1	724	96	30	15845899	5273	0	73	0
81	1	724	192	30	10202039	2025	0	90	0
82	1	724	384	30	6972156	1519	0	102	0
83	1	724	768	30	4627984	2310	0	163	0
84	1	1024	24	30	24351094	87391	0	42	0
85	1	1024	48	30	20683597	31518	0	55	0
86	1	1024	96	30	15813260	5315	0	73	0
87	1	1024	192	30	11140679	3092	0	89	0
88	1	1024	384	30	5992051	1064	0	102	0
89	1	1024	768	30	4683857	83	0	164	0
90	1	1448	24	30	26318723	46191	0	40	0
91	1	1448	48	30	21463143	19728	0	55	0
92	1	1448	96	30	15491013	6282	0	71	0
93	1	1448	192	30	10200842	2277	0	89	0
94	1	1448	384	30	5972260	510	0	103	0
95	1	1448	768	30	4615021	655	0	164	0
96	1	2048	24	30	23829214	82358	0	42	0
97	1	2048	48	30	19598419	37431	0	54	0
98	1	2048	96	30	16555357	5517	0	71	0
99	1	2048	192	30	10069277	3071	0	88	0
100	1	2048	384	30	5960006	1777	0	103	0
101	1	2048	768	30	5677918	1311	0	164	0
102	1	2896	24	30	25253418	61230	0	41	0
103	1	2896	48	30	19150472	52175	0	56	0
104	1	2896	96	30	14950516	16680	0	73	0
105	1	2896	192	30	9878093	5754	0	89	0
106	1	2896	384	30	5983205	426	0	102	0
107	1	2896	768	30	4681719	2173	0	163	0
108	1	4096	24	30	22524532	146437	0	43	0
109	1	4096	48	30	19133061	97654	0	54	0
110	1	4096	96	30	14691295	6426	0	65	0
111	1	4096	192	30	9722253	6924	0	88	0
112	1	4096	384	30	5852540	3448	0	101	0
113	1	4096	768	30	5672013	1633	0	164	0
114	1	5792	24	30	27488594	115171	0	42	0
115	1	5792	48	30	19322578	71753	0	53	0
116	1	5792	96	30	12580674	36956	0	71	0
117	1	5792	192	30	9132485	12002	0	86	0
118	1	5792	384	30	5967684	859	0	100	0
119	1	5792	768	30	5618696	1260	0	164	0
120	1	8192	24	30	21030521	101851	0	45	0
121	1	8192	48	30	18625359	72609	0	54	0
122	1	8192	96	30	12703737	38450	0	64	0
123	1	8192	192	30	9325548	8618	0	87	0
124	1	8192	384	30	5707945	2623	0	99	0
125	1	8192	768	30	4641583	1762	0	163	0
126	1	11585	24	30	58103593	49438	0	44	0
127	1	11585	48	30	16019719	62384	0	56	0
128	1	11585	96	30	11098580	67274	0	64	0
129	1	11585	192	30	8645627	13259	0	80	0
130	1	11585	384	30	5831191	1173	0	95	0
131	1	11585	768	30	4645636	664	0	161	0
132	1	16384	24	30	58344826	22496	0	46	0
133	1	16384	48	30	58070223	51203	0	54	0
134	1	16384	96	30	11858325	56922	0	66	0
135	1	16384	192	30	8174663	20293	0	76	0
136	1	16384	384	30	5412736	5669	0	101	0
137	1	16384	768	30	4629823	734	0	161	0
138	1	23170	24	30	58366662	18632	0	47	0
139	1	23170	48	30	58226846	37547	0	53	0
140	1	23170	96	30	27509793	44719	0	68	0
141	1	23170	192	30	7515065	28991	0	71	0
142	1	23170	384	30	5667523	1916	0	88	0
143	1	23170	768	30	4610121	1946	0	167	0
144	1	32768	24	30	58232850	30534	0	52	0
145	1	32768	48	30	58886702	42381	0	56	0
146	1	32768	96	30	58905162	35953	0	62	0
147	1	32768	192	30	6375029	37511	0	70	0
148	1	32768	384	30	4929163	8912	0	96	0
149	1	32768	768	30	4675306	2324	0	169	0
150	1	46340	24	30	58082013	28796	0	54	0
151	1	46340	48	30	25701737	63254	0	57	0
152	1	46340	96	30	58826705	26621	0	63	0
153	1	46340	192	30	6403969	22806	0	80	0
154	1	46340	384	30	5203998	8172	0	85	0
155	1	46340	768	30	4668758	1468	0	161	0
156	1	65536	24	30	58264129	30243	0	58	0
157	1	65536	48	30	58150341	40749	0	58	0
158	1	65536	96	30	16938494	15115	0	66	0
159	1	65536	192	30	17220832	23885	0	80	0
160	1	65536	384	30	4908146	14350	0	89	0
161	1	65536	768	30	4728444	1833	0	176	0
162	1	92681	24	30	38633399	22866	0	57	0
163	1	92681	48	30	40411664	16136	0	59	0
164	1	92681	96	30	21017202	24481	0	65	0
165	1	92681	192	30	5427433	8410	0	82	0
166	1	92681	384	30	4834600	17823	0	99	0
167	1	92681	768	30	4677279	2110	0	152	0
168	1	131072	24	30	58630969	29449	0	57	0
169	1	131072	48	30	41805912	31773	0	58	0
170	1	131072	96	30	6668570	5015	0	67	0
171	1	131072	192	30	5022451	7489	0	83	0
172	1	131072	384	30	4577377	3906	0	109	0
173	1	131072	768	30	4571201	3618	0	167	0
174	1	185363	24	30	31638533	15120	0	58	0
175	1	185363	48	30	20890153	11041	0	59	0
176	1	185363	96	30	7637416	7592	0	66	0
177	1	185363	192	30	4943834	4498	0	83	0
178	1	185363	384	30	4568230	9401	0	114	0
179	1	185363	768	30	4552366	4817	0	168	0
180	1	262144	24	30	31121718	18771	0	57	0
181	1	262144	48	30	26461093	18873	0	59	0
182	1	262144	96	30	9598809	5497	0	66	0
183	1	262144	192	30	12626929	5084	0	78	0
184	1	262144	384	30	4516144	5381	0	112	0
185	1	262144	768	30	8551532	8063	0	191	0
186	1	370727	24	30	17876082	7443	0	58	0
187	1	370727	48	30	9101858	7519	0	59	0
188	1	370727	96	30	10684710	4776	0	64	0
189	1	370727	192	30	4710995	3522	0	83	0
190	1	370727	384	30	4612006	3958	0	117	0
191	1	370727	768	30	10624520	5095	0	142	0
192	1	524288	24	30	33699327	17294	0	57	0
193	1	524288	48	30	11569078	8295	0	59	0
194	1	524288	96	30	7379125	3859	0	66	0
195	1	524288	192	30	6683297	2794	0	80	0
196	1	524288	384	30	4471333	1395	0	117	0
197	1	524288	768	30	8552307	5321	0	174	0
198	1	741455	24	30	10639012	4112	0	58	0
199	1	741455	48	30	7695995	3482	0	60	0
200	1	741455	96	30	4951853	2017	0	67	0
201	1	741455	192	30	4724792	1902	0	83	0
202	1	741455	384	30	4557234	2443	0	119	0
203	1	741455	768	30	10624519	5095	0	141	0
204	1	1048576	24	30	7337211	1728	0	58	0
205	1	1048576	48	30	4947305	1678	0	60	0
206	1	1048576	96	30	5112426	1373	0	65	0
207	1	1048576	192	30	4542356	785	0	83	0
208	1	1048576	384	30	4438856	574	0	120	0
209	1	1048576	768	30	14836039	5095	0	285	0
210	5	8	24	30	58846480	23298	190	43	4
211	5	8	48	30	19729653	31316	42	46	4
212	5	8	96	30	6567066	25157	11	51	4
213	5	8	192	30	4956385	14967	6	66	4
214	5	11	48	30	24145451	4329	56	46	4
215	5	11	96	30	5275954	8591	3	50	4
216	5	11	192	30	4981637	2525	3	70	4
217	5	11	384	30	4960539	3014	1	121	4
218	5	11	768	30	4961177	2310	2	215	4
219	5	16	24	30	58996011	34687	188	49	4
220	5	16	48	30	6084454	2157	11	59	4
221	5	16	96	30	4914469	7305	1	67	4
222	5	16	192	30	4817093	3814	1	89	4
223	5	16	384	30	8735109	1170	14	122	4
224	5	16	768	30	4812201	1620	0	225	4
225	5	22	24	30	58952046	18452	187	35	4
226	5	22	48	30	15743328	14384	30	38	4
227	5	22	96	30	6254939	10084	6	49	4
228	5	22	192	30	4768713	7911	0	70	4
229	5	22	384	30	5308340	1303	7	106	4
230	5	22	768	30	4757675	1923	1	202	4
231	5	32	48	30	16502432	52710	25	44	4
232	5	32	96	30	9350722	13321	4	36	4
233	5	32	192	30	5691971	3034	6	56	4
234	5	32	384	30	4664578	3773	1	98	4
235	5	32	768	30	4660065	2366	0	189	4
236	5	45	48	30	20870976	67034	17	60	4
237	5	45	96	30	13554069	51674	4	70	4
238	5	45	192	30	8064348	17434	4	76	4
239	5	45	384	30	4667390	5963	0	97	4
240	5	45	768	30	4689169	3074	0	185	4
241	5	64	24	30	26710165	68184	51	41	4
242	5	64	48	30	18335080	43494	26	51	4
243	5	64	96	30	14151883	26387	15	71	4
244	5	64	192	30	8633934	17216	1	70	4
245	5	64	384	30	5180640	4468	3	106	4
246	5	64	768	30	5856329	3371	4	187	4
247	5	90	48	30	18852941	84474	7	52	4
248	5	90	96	30	12198979	44428	2	65	4
249	5	90	192	30	7075382	21697	0	75	4
250	5	90	384	30	4899196	5716	0	102	4
251	5	90	768	30	4616912	2702	0	188	4
252	5	128	24	30	26922088	97805	35	41	4
253	5	128	48	30	19143580	82337	14	54	4
254	5	128	96	30	13305849	56676	1	71	4
255	5	128	192	30	8607837	21505	0	90	4
256	5	128	384	30	5050517	7178	0	105	4
257	5	128	768	30	4725129	2491	3	182	4
258	5	181	24	30	26979888	108905	24	41	4
259	5	181	48	30	21278190	86954	9	58	4
260	5	181	96	30	14672001	60584	0	77	4
261	5	181	192	30	9100405	21750	0	93	4
262	5	181	384	30	5108021	9159	0	105	4
263	5	181	768	30	4624190	1864	0	189	4
264	5	256	24	30	27528830	107321	41	41	4
265	5	256	48	30	20805212	97675	10	55	4
266	5	256	96	30	13783102	68167	0	72	4
267	5	256	192	30	8967932	25878	0	89	4
268	5	256	384	30	5198248	9803	0	105	4
269	5	256	768	30	4629768	2503	0	188	4
270	5	362	24	30	25948137	167671	23	41	4
271	5	362	48	30	21033015	100040	10	57	4
272	5	362	96	30	14844240	69415	2	77	4
273	5	362	192	30	9587426	24709	3	94	4
274	5	362	384	30	5334045	12404	0	105	4
275	5	362	768	30	4618467	2948	0	184	4
276	5	512	24	30	25594596	159877	32	41	4
277	5	512	48	30	20189313	100406	12	56	4
278	5	512	96	30	14372304	72767	6	74	4
279	5	512	192	30	9009560	22155	0	89	4
280	5	512	384	30	5447222	11202	1	104	4
281	5	512	768	30	4642328	4516	0	180	4
282	5	724	24	30	25603289	175877	23	42	4
283	5	724	48	30	19594515	162370	15	56	4
284	5	724	96	30	14517860	92327	2	75	4
285	5	724	192	30	9314610	42800	1	92	4
286	5	724	384	30	5502653	13928	1	105	4
287	5	724	768	30	4630101	4586	1	173	4
288	5	1024	24	30	24389779	231903	18	42	5
289	5	1024	48	30	19140942	176200	11	57	4
290	5	1024	96	30	13966356	91244	2	73	4
291	5	1024	192	30	9195741	39805	1	91	4
292	5	1024	384	30	5416509	17882	1	104	4
293	5	1024	768	30	4620689	4019	1	175	4
294	5	1448	24	30	23404139	264706	24	44	4
295	5	1448	48	30	18353042	216940	13	57	4
296	5	1448	96	30	12867464	148144	4	72	4
297	5	1448	192	30	8889721	63193	0	90	4
298	5	1448	384	30	5392457	19768	1	105	4
299	5	1448	768	30	4642815	5415	3	172	4
300	5	2048	24	30	22462015	267071	26	44	4
301	5	2048	48	30	17135155	238008	16	58	4
302	5	2048	96	30	12395375	177829	4	71	4
303	5	2048	192	30	8655673	70800	1	87	4
304	5	2048	384	30	5296426	21357	0	104	4
305	5	2048	768	30	4618051	5437	1	174	4
306	5	2896	24	30	21152889	251478	32	44	4
307	5	2896	48	30	16498815	211426	17	57	4
308	5	2896	96	30	11767062	159353	4	71	4
309	5	2896	192	30	8082959	92228	1	84	4
310	5	2896	384	30	5175775	31902	0	102	4
311	5	2896	768	30	4626756	4976	3	175	4
312	5	4096	24	30	21631065	203755	42	45	4
313	5	4096	48	30	15407072	192545	18	56	4
314	5	4096	96	30	11927616	156296	8	69	4
315	5	4096	192	30	7188907	130751	2	81	4
316	5	4096	384	30	5080346	42263	0	99	4
317	5	4096	768	30	4617369	6462	2	175	4
318	5	5792	24	30	34065415	144751	82	43	4
319	5	5792	48	30	17089843	130564	28	56	4
320	5	5792	96	30	10623592	125558	13	68	4
321	5	5792	192	30	7129436	96217	7	80	4
322	5	5792	384	30	4985308	48027	1	99	4
323	5	5792	768	30	4633984	9112	1	177	4
324	5	8192	24	30	20461878	119270	30	45	4
325	5	8192	48	30	18195272	97122	44	55	4
326	5	8192	96	30	11011522	87580	22	67	4
327	5	8192	192	30	6754127	85381	7	79	4
328	5	8192	384	30	4854454	61616	1	100	4
329	5	8192	768	30	4621098	16323	1	179	4
330	5	11585	48	30	15816516	73910	23	57	4
331	5	11585	96	30	11492521	82907	17	65	4
332	5	11585	192	30	7098571	65265	10	78	4
333	5	11585	384	30	4753173	58065	1	104	4
334	5	11585	768	30	4615974	14861	1	176	4
335	5	16384	24	30	58824612	108167	209	47	4
336	5	16384	48	30	22516941	92472	60	55	4
337	5	16384	96	30	11747268	67654	20	66	4
338	5	16384	192	30	7228014	55437	9	78	4
339	5	16384	384	30	5533046	37258	4	107	4
340	5	16384	768	30	4623489	24972	0	177	4
341	5	23170	24	30	58857103	97838	221	48	4
342	5	23170	48	30	25122555	81992	74	55	4
343	5	23170	96	30	11456137	54684	15	68	4
344	5	23170	192	30	7366194	44252	8	78	5
345	5	23170	384	30	4710984	35297	3	112	4
346	5	23170	768	30	4608369	25432	2	181	4
347	5	32768	48	30	19223060	47582	41	57	4
348	5	32768	96	30	13589478	47848	29	65	4
349	5	32768	192	30	5794154	33704	6	81	4
350	5	32768	384	30	4668370	26887	2	120	4
351	5	32768	768	30	4609729	23124	1	193	4
352	5	46340	48	30	18473622	55612	50	58	5
353	5	46340	96	30	11996727	38317	31	66	4
354	5	46340	192	30	6249551	23801	10	84	4
355	5	46340	384	30	5111288	21461	4	123	4
356	5	46340	768	30	4637801	15420	1	201	4
357	5	65536	48	30	12764734	33600	32	59	4
358	5	65536	96	30	7464825	20405	11	68	4
359	5	65536	192	30	6049469	18475	7	87	4
360	5	65536	384	30	4628150	14792	3	123	4
361	5	65536	768	30	4612701	10723	2	192	4
362	5	92681	48	30	15377986	17922	30	59	4
363	5	92681	96	30	6704021	16970	12	68	4
364	5	92681	192	30	6382538	12105	7	87	4
365	5	92681	384	30	5608553	10386	4	128	4
366	5	92681	768	30	4580101	9740	1	210	4
367	5	131072	48	30	11912229	19923	24	60	4
368	5	131072	96	30	7355191	13416	6	69	4
369	5	131072	192	30	5251651	10671	2	90	4
370	5	131072	384	30	4575790	7057	2	129	4
371	5	131072	768	30	4552358	7734	2	199	4
372	5	185363	48	30	7910297	11994	16	60	4
373	5	185363	96	30	6087739	9640	2	69	4
374	5	185363	192	30	4601635	8147	2	90	4
375	5	185363	384	30	4559656	6397	2	129	4
376	5	185363	768	30	4546312	5013	1	211	4
377	5	262144	48	30	8099195	13895	9	60	4
378	5	262144	96	30	6928131	9467	5	69	4
379	5	262144	192	30	4638141	6401	2	89	4
380	5	262144	384	30	4435722	4939	2	129	4
381	5	262144	768	30	4435086	4841	1	212	4
382	5	370727	48	30	5978588	8621	7	61	4
383	5	370727	96	30	5386020	6506	4	69	4
384	5	370727	192	30	4596679	5005	3	88	4
385	5	370727	384	30	4680230	3803	2	126	4
386	5	370727	768	30	4560478	3815	1	215	4
387	5	524288	48	30	8628732	8956	6	60	5
388	5	524288	96	30	6351835	5923	3	70	4
389	5	524288	192	30	4569269	4272	1	89	4
390	5	524288	384	30	4432337	3329	1	130	4
391	5	524288	768	30	4438530	3891	2	203	4
392	5	741455	48	30	5144469	6617	6	60	4
393	5	741455	96	30	4754314	5011	4	69	4
394	5	741455	192	30	4578225	3833	1	89	4
395	5	741455	384	30	4553992	3050	1	132	4
396	5	741455	768	30	4555418	3130	1	217	4
397	5	1048576	48	30	5684154	7723	2	61	4
398	5	1048576	96	30	4526860	5706	3	69	4
399	5	1048576	192	30	4604523	2763	1	86	5
400	5	1048576	384	30	4430899	2607	0	131	4
401	5	1048576	768	30	4454133	2831	2	209	4
402	10	8	48	30	5996590	3720	21	46	9
403	10	8	96	30	6704254	3491	24	52	9
404	10	8	192	30	5030252	5071	13	68	9
405	10	8	384	30	5236759	26303	12	118	9
406	10	8	768	30	4809908	4754	6	218	9
407	10	11	48	30	20971127	42223	99	46	9
408	10	11	96	30	6404401	55640	26	52	9
409	10	11	192	30	5597269	5746	19	68	9
410	10	11	384	30	5045095	25433	9	118	9
411	10	11	768	30	4801892	11874	5	220	9
412	10	16	48	30	17382608	88674	91	52	9
413	10	16	96	30	7719750	66100	24	57	9
414	10	16	192	30	5713660	33028	18	74	9
415	10	16	384	30	4897898	20046	12	121	9
416	10	16	768	30	5394792	14235	6	216	9
417	10	22	48	30	15286168	30089	77	40	9
418	10	22	96	30	8566709	56185	38	46	9
419	10	22	192	30	5361021	55033	13	64	9
420	10	22	384	30	4711108	24373	11	109	9
421	10	22	768	30	5013745	17320	3	207	9
422	10	32	48	30	17418243	42340	89	44	9
423	10	32	96	30	9269811	76122	24	51	9
424	10	32	192	30	5740626	21622	23	57	9
425	10	32	384	30	5349463	20616	11	98	9
426	10	32	768	30	4669180	12593	1	198	9
427	10	45	48	30	21467183	99974	70	59	9
428	10	45	96	30	12221553	80535	22	69	9
429	10	45	192	30	8178799	56623	14	75	9
430	10	45	384	30	4674101	34660	1	100	9
431	10	45	768	30	5108650	9019	3	194	9
432	10	64	48	30	19003358	82836	77	53	9
433	10	64	96	30	13063646	49066	46	71	10
434	10	64	192	30	8342048	45734	4	91	10
435	10	64	384	30	6507190	22774	11	105	9
436	10	64	768	30	4658528	7306	2	193	9
437	10	90	48	30	18576918	129963	41	53	9
438	10	90	96	30	12250170	81330	17	66	10
439	10	90	192	30	7090945	45418	9	76	9
440	10	90	384	30	5880667	29737	2	105	9
441	10	90	768	30	4635773	11814	0	195	9
442	10	128	48	30	19415241	106839	43	55	10
443	10	128	96	30	13209018	93175	24	71	9
444	10	128	192	30	8482797	54107	7	91	9
445	10	128	384	30	4907590	31775	0	106	9
446	10	128	768	30	4629885	5392	6	194	9
447	10	181	48	30	20983777	112937	54	59	9
448	10	181	96	30	14968549	90505	25	78	9
449	10	181	192	30	8942585	66117	3	94	9
450	10	181	384	30	4945180	35504	0	106	9
451	10	181	768	30	4635198	9071	1	195	9
452	10	256	48	30	20549842	143741	56	56	9
453	10	256	96	30	13785959	109753	22	73	10
454	10	256	192	30	8859896	66742	5	91	9
455	10	256	384	30	5098443	30010	0	106	10
456	10	256	768	30	4630056	9511	1	194	9
457	10	362	48	30	20940283	143662	44	58	10
458	10	362	96	30	14723529	105316	29	77	9
459	10	362	192	30	9271509	53842	9	94	10
460	10	362	384	30	5205710	35270	0	106	10
461	10	362	768	30	4634444	13162	0	193	9
462	10	512	48	30	19930488	168245	55	56	9
463	10	512	96	30	15816217	105223	34	74	9
464	10	512	192	30	8910508	68659	13	91	10
465	10	512	384	30	5247474	44865	1	107	9
466	10	512	768	30	4644991	13681	5	187	9
467	10	724	48	30	19263071	226712	56	57	10
468	10	724	96	30	14313591	135533	28	75	9
469	10	724	192	30	9100671	88526	11	93	10
470	10	724	384	30	5211891	54232	1	107	9
471	10	724	768	30	4678694	11733	6	178	11
472	10	1024	48	30	19028830	217016	42	58	9
473	10	1024	96	30	13561149	182300	21	73	9
474	10	1024	192	30	9489028	118638	12	91	9
475	10	1024	384	30	5275206	53850	2	106	9
476	10	1024	768	30	5132575	18478	8	180	10
477	10	1448	48	30	17790290	285826	48	57	9
478	10	1448	96	30	12368823	261446	31	72	10
479	10	1448	192	30	8239627	189454	6	88	9
480	10	1448	384	30	5289806	49039	4	106	10
481	10	1448	768	30	4624354	18740	1	185	9
482	10	2048	48	30	16767058	279737	50	58	9
483	10	2048	96	30	11906834	240003	35	71	9
484	10	2048	192	30	7667263	199132	13	85	9
485	10	2048	384	30	5178290	65247	4	105	10
486	10	2048	768	30	4620730	13818	5	179	9
487	10	2896	48	30	15928295	274434	75	57	9
488	10	2896	96	30	11261995	222794	35	70	9
489	10	2896	192	30	7173231	190485	10	81	10
490	10	2896	384	30	4977770	115244	0	104	10
491	10	2896	768	30	4663276	17619	7	178	10
492	10	4096	48	30	14785151	248808	57	57	10
493	10	4096	96	30	11306022	195280	39	69	10
494	10	4096	192	30	6974622	176874	17	80	9
495	10	4096	384	30	4931300	104875	7	105	9
496	10	4096	768	30	4632549	33961	1	185	9
497	10	5792	48	30	16317309	162945	71	56	9
498	10	5792	96	30	10861210	153998	40	68	10
499	10	5792	192	30	6898730	114966	23	80	9
500	10	5792	384	30	5248779	140647	4	113	9
501	10	5792	768	30	4623575	37359	3	182	9
502	10	8192	48	30	18249231	111133	86	56	9
503	10	8192	96	30	11466741	106374	48	67	9
504	10	8192	192	30	6691974	95533	28	79	9
505	10	8192	384	30	5343624	98205	10	111	9
506	10	8192	768	30	4624293	46081	2	185	9
507	10	11585	48	30	16863934	91156	59	57	9
508	10	11585	96	30	10698730	92410	44	66	9
509	10	11585	192	30	7414588	70413	26	79	9
510	10	11585	384	30	5176721	65223	12	110	10
511	10	11585	768	30	4613821	57109	4	192	9
512	10	16384	48	30	15737206	105759	96	56	10
513	10	16384	96	30	12303661	79565	60	66	9
514	10	16384	192	30	6956174	66266	27	81	9
515	10	16384	384	30	5472777	53771	10	114	11
516	10	16384	768	30	4620503	45348	3	203	9
517	10	23170	48	30	16432745	87081	105	56	9
518	10	23170	96	30	10715040	62991	56	67	9
519	10	23170	192	30	6690040	48190	23	82	9
520	10	23170	384	30	4747739	36364	10	118	10
521	10	23170	768	30	4607626	28719	5	206	9
522	10	32768	48	30	19487688	67010	90	58	9
523	10	32768	96	30	11162022	47265	43	65	9
524	10	32768	192	30	5529311	35034	16	86	9
525	10	32768	384	30	4742993	27722	12	124	9
526	10	32768	768	30	4646686	25973	8	205	9
527	10	46340	48	30	13566182	47064	55	59	9
528	10	46340	96	30	7266080	34038	28	69	10
529	10	46340	192	30	5955889	27869	12	88	9
530	10	46340	384	30	5114848	22715	8	128	9
531	10	46340	768	30	5233521	19235	7	209	9
532	10	65536	48	30	9478708	33711	46	59	9
533	10	65536	96	30	7392550	22955	31	68	9
534	10	65536	192	30	5928566	22763	9	90	9
535	10	65536	384	30	4622219	17560	3	131	9
536	10	65536	768	30	4613598	11703	5	209	9
537	10	92681	48	30	8943118	20269	29	60	9
538	10	92681	96	30	5963238	18550	16	68	9
539	10	92681	192	30	4675424	17212	9	90	9
540	10	92681	384	30	5092459	12874	6	132	9
541	10	92681	768	30	5040997	9255	4	214	9
542	10	131072	48	30	9291178	17139	28	60	9
543	10	131072	96	30	6107041	16326	14	69	9
544	10	131072	192	30	4581929	14283	8	90	9
545	10	131072	384	30	4553474	9874	2	133	10
546	10	131072	768	30	4544813	8822	6	213	9
547	10	185363	48	30	6429106	15154	26	60	9
548	10	185363	96	30	4851629	14672	11	70	9
549	10	185363	192	30	5151290	13404	6	91	9
550	10	185363	384	30	4987013	7577	7	133	9
551	10	185363	768	30	4541534	6771	1	216	9
552	10	262144	48	30	12295552	22323	21	61	9
553	10	262144	96	30	5817748	15781	9	70	9
554	10	262144	192	30	5352859	10428	6	91	9
555	10	262144	384	30	4433932	7941	4	132	9
556	10	262144	768	30	4434283	6397	2	219	9
557	10	370727	48	30	5363501	12822	14	61	9
558	10	370727	96	30	5518777	14042	8	70	9
559	10	370727	192	30	4567103	8840	4	90	9
560	10	370727	384	30	4549119	7932	1	134	9
561	10	370727	768	30	4549504	5609	3	220	9
562	10	524288	48	30	5742623	13844	17	60	9
563	10	524288	96	30	4683686	14819	7	70	9
564	10	524288	192	30	4816967	9278	6	90	9
565	10	524288	384	30	4564508	5529	4	131	9
566	10	524288	768	30	4433725	5967	5	216	9
567	10	741455	48	30	5142310	18116	11	61	9
568	10	741455	96	30	4738818	12506	9	70	9
569	10	741455	192	30	4663056	7557	5	86	9
570	10	741455	384	30	4747968	6258	1	134	9
571	10	741455	768	30	4552827	6676	3	221	9
572	10	1048576	48	30	4653792	12475	8	61	10
573	10	1048576	96	30	4528466	11170	6	70	9
574	10	1048576	192	30	4450654	10971	1	90	9
575	10	1048576	384	30	4448426	5795	2	132	9
576	10	1048576	768	30	4443399	5408	6	214	9
577	15	8	24	30	44463500	57574	471	44	14
578	15	8	48	30	13800577	55834	117	46	14
579	15	8	96	30	6725487	57220	42	52	14
580	15	8	192	30	5267463	45260	30	70	14
581	15	8	384	30	5596415	39630	19	121	14
582	15	8	768	30	5029070	21002	13	222	14
583	15	11	24	30	58958790	46911	576	42	14
584	15	11	48	30	19396606	54058	170	46	14
585	15	11	96	30	6347428	54696	39	52	14
586	15	11	192	30	5743911	41309	33	69	14
587	15	11	384	30	4868855	34453	19	118	15
588	15	11	768	30	5579133	18784	15	218	14
589	15	16	48	30	17215056	107411	139	52	15
590	15	16	96	30	7032245	68815	42	58	14
591	15	16	192	30	4949221	47688	29	76	14
592	15	16	384	30	4973423	37592	21	125	14
593	15	16	768	30	4749637	20341	13	224	14
594	15	22	24	30	44242820	31317	441	34	14
595	15	22	48	30	15333268	35652	126	40	14
596	15	22	96	30	8286482	80062	58	46	14
597	15	22	192	30	5626898	68760	27	64	14
598	15	22	384	30	4717223	36514	24	110	14
599	15	22	768	30	5199382	22486	13	207	14
600	15	32	24	30	48968631	30584	502	36	14
601	15	32	48	30	16528645	50993	142	45	14
602	15	32	96	30	9469090	84623	47	51	14
603	15	32	192	30	5500471	23142	37	57	14
604	15	32	384	30	4674010	32059	18	101	14
605	15	32	768	30	4920009	21458	8	199	14
606	15	45	24	30	31547811	55217	285	46	14
607	15	45	48	30	20559374	112942	117	60	14
608	15	45	96	30	12135647	93611	42	69	14
609	15	45	192	30	7887128	64954	29	75	14
610	15	45	384	30	5093759	59521	8	101	14
611	15	45	768	30	4655176	18908	2	196	15
612	15	64	24	30	26115814	108898	191	41	15
613	15	64	48	30	18336160	90543	122	53	14
614	15	64	96	30	18951035	67055	75	71	14
615	15	64	192	30	8298242	67579	20	91	14
616	15	64	384	30	5666359	28640	13	105	14
617	15	64	768	30	4669974	15082	6	196	14
618	15	90	24	30	26208466	133167	151	41	14
619	15	90	48	30	18512419	146795	84	53	14
620	15	90	96	30	11988326	88571	41	66	14
621	15	90	192	30	7065381	59033	21	77	14
622	15	90	384	30	4830493	47922	2	105	15
623	15	90	768	30	4633032	23341	1	198	14
624	15	128	24	30	27476758	142885	156	42	14
625	15	128	48	30	19304111	126431	78	55	15
626	15	128	96	30	13951354	102444	40	71	17
627	15	128	192	30	8447151	68926	14	91	15
628	15	128	384	30	4912984	50449	3	107	15
629	15	128	768	30	4638588	11993	8	198	14
630	15	181	24	30	27570539	172457	139	42	14
631	15	181	48	30	21724299	142773	92	59	14
632	15	181	96	30	14402093	107650	47	78	14
633	15	181	192	30	8855785	80429	17	94	14
634	15	181	384	30	4971629	49003	8	106	14
635	15	181	768	30	4627599	20297	1	198	14
636	15	256	24	30	28247166	153478	174	42	14
637	15	256	48	30	21258068	163900	110	56	14
638	15	256	96	30	13736732	123337	51	73	14
639	15	256	192	30	8756174	89487	12	92	14
640	15	256	384	30	4982438	66087	2	106	14
641	15	256	768	30	4620141	20327	2	195	14
642	15	362	24	30	25711961	228039	130	42	15
643	15	362	48	30	20898704	158939	107	58	15
644	15	362	96	30	14685272	123078	60	77	14
645	15	362	192	30	9168014	82419	18	95	14
646	15	362	384	30	5126509	59664	4	107	15
647	15	362	768	30	4619602	21043	2	195	14
648	15	512	24	30	25540587	212783	146	41	16
649	15	512	48	30	19772750	205833	88	56	14
650	15	512	96	30	14595642	115281	58	74	15
651	15	512	192	30	8834970	93012	32	91	14
652	15	512	384	30	5345733	71978	6	107	14
653	15	512	768	30	4628789	28005	1	193	14
654	15	724	24	30	25185520	262719	138	43	14
655	15	724	48	30	19102700	251268	104	56	15
656	15	724	96	30	14296914	149790	57	75	14
657	15	724	192	30	9283648	98633	36	93	14
658	15	724	384	30	5158148	78924	6	107	14
659	15	724	768	30	4619027	24005	2	189	15
660	15	1024	24	30	24735608	303212	114	44	14
661	15	1024	48	30	19015542	247022	80	58	14
662	15	1024	96	30	13481925	223416	57	73	14
663	15	1024	192	30	9370255	139254	26	91	14
664	15	1024	384	30	5390893	72416	15	106	14
665	15	1024	768	30	4622019	22410	7	183	15
666	15	1448	24	30	23647099	347631	117	44	14
667	15	1448	48	30	20248983	337586	97	57	14
668	15	1448	96	30	12466947	297625	69	72	14
669	15	1448	192	30	8173784	203758	28	88	14
670	15	1448	384	30	9415249	81228	8	106	16
671	15	1448	768	30	4625484	29686	4	186	15
672	15	2048	24	30	21117358	350202	118	45	14
673	15	2048	48	30	16212534	326197	94	58	14
674	15	2048	96	30	11597951	272757	63	71	16
675	15	2048	192	30	7447434	227436	22	84	16
676	15	2048	384	30	4957960	144551	10	106	14
677	15	2048	768	30	4620987	23220	9	183	15
678	15	2896	24	30	20157280	337176	147	46	15
679	15	2896	48	30	15205334	310534	119	58	14
680	15	2896	96	30	10762516	266086	78	70	14
681	15	2896	192	30	6859765	236928	32	81	14
682	15	2896	384	30	4918490	170445	10	108	14
683	15	2896	768	30	4619095	46321	3	189	14
684	15	4096	24	30	19791555	249999	129	46	16
685	15	4096	48	30	14271212	263887	85	57	14
686	15	4096	96	30	11069532	231898	76	69	14
687	15	4096	192	30	6277645	205411	31	79	15
688	15	4096	384	30	4912560	153318	9	109	15
689	15	4096	768	30	4622088	48545	5	186	15
690	15	5792	24	30	29486632	168132	219	44	14
691	15	5792	48	30	15440323	193883	103	57	14
692	15	5792	96	30	10241351	174472	72	68	14
693	15	5792	192	30	7012238	133222	34	80	15
694	15	5792	384	30	4994967	150851	12	115	15
695	15	5792	768	30	4626666	81006	4	193	14
696	15	8192	24	30	20743777	141196	115	46	14
697	15	8192	48	30	15946722	130186	113	56	14
698	15	8192	96	30	11292186	119269	76	67	14
699	15	8192	192	30	7437699	109434	40	79	14
700	15	8192	384	30	4802288	98203	23	112	14
701	15	8192	768	30	4626928	74200	10	192	14
702	15	11585	24	30	35204057	132716	199	46	14
703	15	11585	48	30	15165663	86758	77	56	15
704	15	11585	96	30	10525399	100907	56	66	14
705	15	11585	192	30	6144146	89295	31	81	15
706	15	11585	384	30	4915353	75812	19	121	14
707	15	11585	768	30	4615107	60745	8	204	14
708	15	16384	24	30	32955966	134755	356	50	14
709	15	16384	48	30	16811571	111238	152	57	14
710	15	16384	96	30	11306621	86839	73	67	15
711	15	16384	192	30	5675073	67820	34	83	14
712	15	16384	384	30	4795279	56825	15	125	15
713	15	16384	768	30	4629187	46860	11	202	14
714	15	23170	24	30	28458406	107620	300	52	14
715	15	23170	48	30	16211196	88854	125	57	16
716	15	23170	96	30	9428821	65992	74	67	15
717	15	23170	192	30	5898033	53340	33	87	14
718	15	23170	384	30	5014699	39135	18	126	14
719	15	23170	768	30	4634840	31609	7	213	15
720	15	32768	24	30	19141330	79462	149	54	14
721	15	32768	48	30	13120756	65486	90	58	15
722	15	32768	96	30	9293986	47905	57	67	14
723	15	32768	192	30	5638722	39755	21	87	14
724	15	32768	384	30	5113332	31942	18	129	14
725	15	32768	768	30	4658303	26016	9	214	14
726	15	46340	24	30	22091704	59299	159	54	14
727	15	46340	48	30	10302550	46322	71	60	14
728	15	46340	96	30	6806756	35877	36	69	14
729	15	46340	192	30	4941880	30192	13	90	15
730	15	46340	384	30	4625806	25459	14	133	14
731	15	46340	768	30	4622296	18678	12	212	14
732	15	65536	24	30	10664818	34336	92	56	14
733	15	65536	48	30	8284245	34690	50	60	14
734	15	65536	96	30	6329057	28130	31	69	14
735	15	65536	192	30	5520097	25980	22	90	14
736	15	65536	384	30	4778068	21935	9	132	14
737	15	65536	768	30	4616449	16855	9	219	14
738	15	92681	24	30	12825037	28049	55	56	14
739	15	92681	48	30	6843826	25007	31	60	14
740	15	92681	96	30	6517784	26212	24	70	15
741	15	92681	192	30	5226344	17854	16	90	15
742	15	92681	384	30	5241277	15818	10	136	14
743	15	92681	768	30	4639233	13889	9	216	15
744	15	131072	24	30	12697952	24536	69	56	14
745	15	131072	48	30	9413676	22224	40	60	14
746	15	131072	96	30	5630037	20943	23	70	14
747	15	131072	192	30	5166217	17183	20	91	14
748	15	131072	384	30	4548312	12811	11	134	15
749	15	131072	768	30	4548930	10630	3	225	14
750	15	185363	24	30	7900537	18991	61	57	14
751	15	185363	48	30	5353448	24368	30	61	14
752	15	185363	96	30	5653874	18381	15	70	17
753	15	185363	192	30	5349301	18086	12	91	14
754	15	185363	384	30	4542428	11387	4	135	15
755	15	185363	768	30	4557733	12489	7	219	15
756	15	262144	24	30	10202409	20927	53	56	14
757	15	262144	48	30	5624030	25902	22	61	15
758	15	262144	96	30	5299727	21003	17	71	14
759	15	262144	192	30	4919146	13558	10	90	15
760	15	262144	384	30	4439541	11478	5	133	14
761	15	262144	768	30	4719985	9011	10	222	14
762	15	370727	24	30	6759784	19550	36	56	14
763	15	370727	48	30	6098472	22500	20	61	14
764	15	370727	96	30	5218749	20353	15	71	14
765	15	370727	192	30	4561701	16670	9	92	14
766	15	370727	384	30	4553029	8544	9	133	15
767	15	370727	768	30	4541199	8607	3	222	14
768	15	524288	24	30	7859301	21895	32	57	14
769	15	524288	48	30	5290717	23225	19	61	14
770	15	524288	96	30	5997348	24570	12	70	14
771	15	524288	192	30	4569986	15122	10	91	14
772	15	524288	384	30	4435949	9315	6	134	14
773	15	524288	768	30	4427971	6889	4	218	15
774	15	741455	24	30	7442119	25556	40	57	14
775	15	741455	48	30	4765355	15168	17	61	16
776	15	741455	96	30	4621518	16769	15	71	15
777	15	741455	192	30	4793054	13541	13	91	14
778	15	741455	384	30	4813017	10276	5	135	14
779	15	741455	768	30	4571398	6827	5	223	15
780	15	1048576	24	30	7285738	27448	30	56	14
781	15	1048576	48	30	4650183	19027	15	61	14
782	15	1048576	96	30	5175419	18521	14	70	14
783	15	1048576	192	30	5642828	12181	11	91	14
784	15	1048576	384	30	4438659	8040	5	133	14
785	15	1048576	768	30	4434544	6055	3	219	14
