nday dem circ circq pack
2 4.772 0.698 0.000 4.074
1 6.547 1.126 0.000 5.421
1 9.568 2.028 0.078 7.461
1 9.259 0.994 0.000 8.265
1 9.690 0.700 0.000 8.990
4 10.292 0.545 0.000 9.746
2 12.648 2.881 0.030 9.737
4 12.500 3.625 0.172 8.703
8 14.778 3.592 0.393 10.793
1 8.883 1.277 0.000 7.606
3 12.102 4.522 0.329 7.251
9 13.037 4.509 0.465 8.063
3 16.038 6.918 0.518 8.602
6 20.240 10.519 1.043 8.678
10 20.341 9.768 1.495 9.078
3 16.124 10.562 1.181 4.381
6 22.759 11.913 1.321 9.525
4 20.732 10.818 0.960 8.954
2 19.010 9.570 0.804 8.637
7 21.963 11.216 1.136 9.611
6 24.514 12.791 1.141 10.581
5 24.848 13.852 1.247 9.749
12 25.554 14.504 1.895 9.156
12 20.518 10.265 0.520 9.733
7 25.297 14.669 1.244 9.384
15 26.574 14.089 1.897 10.588
17 23.937 12.798 1.105 10.034
6 23.789 12.687 0.680 10.423
16 27.917 16.122 1.906 9.890
13 25.104 12.877 0.903 11.323
12 26.796 16.076 1.575 9.144
5 27.641 15.840 0.788 11.014
11 31.547 17.303 1.901 12.344
5 27.671 14.708 0.625 12.338
9 27.390 15.036 1.074 11.281
9 26.634 13.179 1.047 12.407
7 27.099 16.310 1.006 9.783
4 27.550 17.048 1.215 9.287
5 28.420 17.343 1.032 10.045
8 27.199 18.137 2.709 6.352
6 26.898 16.276 1.156 9.466
7 27.034 18.928 2.340 5.766
8 26.122 18.184 2.283 5.655
8 30.803 21.061 1.402 8.341
9 34.872 24.191 3.729 6.953
10 31.358 20.079 1.434 9.845
10 36.953 23.292 2.537 11.125
10 34.682 24.206 2.179 8.297
22 40.333 25.514 4.223 10.597
15 30.266 19.036 1.454 9.775
12 33.932 22.925 1.979 9.028
9 35.355 23.343 1.644 10.367
11 36.083 25.316 3.830 6.937
19 32.969 22.190 3.798 6.981
11 31.936 19.653 1.605 10.679
9 36.529 25.511 2.284 8.733
10 38.036 26.128 2.460 9.449
9 40.356 27.126 3.161 10.069
12 35.868 24.080 1.760 10.029
11 37.360 24.270 2.029 11.061
14 36.605 24.813 2.541 9.251
11 33.838 22.552 1.524 9.763
11 37.003 26.615 2.972 7.417
11 34.811 23.629 2.775 8.408
9 34.980 25.425 3.645 5.909
9 33.067 23.440 2.825 6.801
9 34.175 23.030 2.222 8.923
11 34.802 24.104 2.443 8.255
10 34.296 24.942 1.813 7.541
13 37.109 25.944 2.756 8.409
7 31.326 21.513 1.423 8.390
11 37.867 24.102 2.728 11.037
11 37.850 26.033 2.487 9.331
10 40.667 27.074 2.334 11.259
14 43.381 27.726 2.792 12.863
12 40.916 27.329 3.184 10.403
8 37.979 25.870 1.976 10.133
11 43.784 29.699 2.027 12.058
12 44.644 31.334 3.941 9.369
14 37.848 27.123 2.978 7.746
14 39.779 27.323 2.915 9.541
11 40.985 27.550 2.856 10.580
14 39.117 27.008 4.584 7.524
9 34.523 24.392 2.169 7.962
10 39.156 26.312 2.867 9.977
13 36.427 23.932 2.432 10.063
16 35.157 24.265 3.230 7.661
12 33.924 23.118 2.402 8.404
16 36.452 25.744 3.369 7.339
13 34.841 24.953 3.394 6.494
11 33.764 22.916 2.275 8.573
12 37.845 25.136 2.460 10.249
11 39.775 26.219 2.678 10.878
12 38.933 28.202 2.598 8.134
14 40.081 28.008 3.087 8.986
10 36.752 26.804 3.030 6.918
14 36.114 24.313 2.846 8.955
9 36.396 24.330 1.912 10.154
12 41.374 28.676 3.896 8.802
16 39.094 24.648 3.126 11.321
10 39.887 25.041 2.081 12.766
19 42.065 26.941 4.346 10.778
11 36.795 25.107 2.009 9.680
12 37.554 25.565 3.118 8.871
16 38.565 24.639 3.508 10.418
14 39.888 24.517 2.387 12.985
16 43.618 29.479 3.976 10.163
16 40.478 25.681 3.189 11.609
15 42.032 28.688 4.314 9.031
15 36.836 22.800 2.414 11.622
15 38.548 24.163 2.986 11.398
16 34.723 23.552 1.669 9.501
17 38.734 24.900 3.594 10.239
14 36.844 24.019 2.630 10.195
16 38.702 25.234 2.584 10.884
14 38.423 25.422 3.478 9.522
14 37.429 24.203 2.553 10.673
15 39.273 26.753 2.845 9.675
16 40.622 25.077 3.075 12.470
16 38.964 25.554 2.945 10.466
16 38.042 24.111 3.524 10.406
13 38.389 25.228 2.736 10.425
14 37.720 25.020 3.214 9.487
17 36.994 23.437 3.264 10.294
14 36.771 23.708 3.140 9.923
16 36.704 24.164 2.664 9.877
14 39.707 24.686 2.666 12.355
14 38.943 26.840 2.203 9.900
13 42.370 27.507 2.895 11.968
12 40.144 27.659 2.643 9.842
13 42.442 28.008 3.370 11.063
17 40.863 27.024 4.156 9.683
12 41.105 30.527 4.108 6.471
11 42.493 30.034 3.953 8.506
14 44.891 30.779 4.594 9.519
21 39.341 25.311 3.795 10.235
14 41.639 28.176 3.528 9.935
12 42.434 28.119 3.047 11.269
13 41.521 28.824 3.409 9.288
21 44.597 27.884 4.535 12.178
15 42.222 29.865 3.149 9.208
13 43.785 30.777 4.079 8.929
17 42.845 29.699 3.955 9.191
18 42.976 30.193 3.893 8.890
16 43.469 30.195 3.985 9.288
14 41.637 27.587 2.580 11.470
13 47.702 32.977 4.092 10.633
16 44.655 28.609 3.261 12.785
12 44.021 29.294 2.646 12.081
13 44.281 30.160 3.416 10.706
15 46.526 31.455 3.540 11.532
14 43.007 28.336 2.896 11.775
14 45.451 31.534 3.938 9.979
12 40.748 28.966 2.015 9.766
14 44.179 31.393 4.712 8.073
14 37.782 26.983 4.246 6.553
16 39.871 26.774 3.358 9.738
14 38.983 28.504 4.057 6.422
17 41.126 27.026 3.586 10.514
20 40.921 26.962 3.856 10.102
17 41.361 26.061 3.440 11.861
18 42.582 28.293 4.013 10.276
16 41.727 27.550 3.511 10.666
21 41.913 28.411 3.378 10.124
18 43.749 29.400 4.708 9.641
15 40.144 27.478 2.598 10.067
23 43.533 29.739 6.764 7.029
17 39.408 27.658 3.696 8.054
17 41.819 29.486 5.389 6.944
16 39.633 26.434 4.078 9.120
14 40.020 27.016 3.166 9.838
17 42.157 27.323 4.349 10.485
13 40.145 27.075 3.034 10.036
14 42.873 28.859 3.905 10.110
19 42.611 27.679 4.532 10.400
14 39.036 26.336 3.093 9.607
15 42.002 29.781 3.606 8.615
17 40.515 26.896 4.223 9.396
18 39.629 27.632 4.151 7.846
18 38.239 25.633 3.231 9.375
14 41.198 27.931 4.451 8.816
15 40.892 27.618 3.553 9.721
15 42.640 25.797 2.998 13.845
15 42.163 27.332 3.347 11.484
17 37.253 24.510 2.949 9.795
16 42.270 27.248 3.314 11.708
17 41.050 26.002 3.039 12.009
14 42.960 30.083 3.974 8.903
14 40.421 28.232 3.287 8.902
18 41.328 27.913 3.818 9.597
16 38.720 29.506 2.823 6.390
20 41.716 27.263 4.857 9.596
17 37.223 24.648 2.906 9.669
17 42.220 28.605 4.245 9.370
19 38.346 23.830 3.453 11.064
16 39.745 27.248 2.793 9.703
15 43.297 29.422 3.430 10.445
15 43.401 28.359 3.635 11.407
18 42.784 28.751 3.910 10.122
16 40.962 28.353 4.129 8.480
17 40.613 26.444 2.877 11.292
13 40.920 26.619 3.032 11.269
18 40.533 25.847 3.189 11.498
19 39.227 25.734 2.462 11.031
16 42.708 27.175 2.796 12.736
15 42.822 28.365 3.274 11.183
19 41.571 27.552 3.549 10.471
16 40.740 28.752 4.483 7.505
16 39.043 26.899 3.445 8.700
13 43.262 28.190 2.874 12.198
14 44.681 29.883 3.759 11.038
16 41.280 26.096 3.803 11.381
15 42.247 27.458 2.517 12.272
15 42.745 28.766 3.776 10.203
18 39.314 27.066 3.295 8.953
14 41.753 29.408 4.556 7.789
16 38.193 24.316 3.038 10.839
17 43.346 27.259 3.720 12.368
19 41.355 26.135 3.793 11.427
15 42.245 28.369 3.523 10.353
15 41.014 27.074 3.384 10.555
15 41.888 27.899 3.575 10.414
17 40.283 25.480 4.499 10.304
15 36.869 24.818 2.637 9.415
16 44.407 29.433 4.520 10.453
15 36.929 24.116 3.156 9.656
17 39.681 27.101 4.257 8.324
13 37.828 25.191 3.485 9.152
19 39.554 27.830 4.395 7.329
16 37.433 25.535 3.698 8.201
15 37.933 27.117 4.306 6.510
16 35.900 23.718 3.934 8.249
18 37.766 26.561 4.750 6.454
18 35.025 21.790 4.010 9.226
15 38.258 24.413 3.209 10.636
16 38.647 27.157 3.621 7.868
23 40.183 26.608 4.097 9.478
16 38.917 28.018 3.912 6.987
19 42.641 27.255 4.144 11.242
20 39.889 25.035 3.590 11.264
13 40.033 26.780 3.074 10.179
17 43.718 28.329 3.910 11.478
16 44.195 28.420 2.981 12.794
20 42.626 27.466 4.229 10.931
16 41.074 26.244 1.746 13.084
16 45.391 31.088 4.710 9.593
14 40.257 27.733 3.501 9.022
14 43.376 29.673 4.606 9.097
15 43.762 29.966 4.173 9.623
14 45.240 31.551 3.998 9.691
18 45.621 29.917 4.933 10.770
18 43.322 28.888 4.194 10.240
19 42.121 28.359 4.315 9.447
13 41.248 29.449 3.001 8.798
19 46.475 32.789 6.795 6.891
16 41.200 30.079 4.717 6.404
19 44.258 29.001 5.612 9.645
16 40.914 26.072 3.753 11.089
17 45.196 30.832 4.447 9.917
19 42.653 28.733 4.385 9.535
16 42.942 29.743 4.327 8.872
17 40.349 26.188 3.913 10.248
18 43.621 28.537 4.541 10.543
19 43.765 30.095 4.224 9.446
20 43.175 29.745 5.646 7.784
18 41.106 28.978 3.421 8.706
16 46.134 33.351 5.338 7.445
19 41.335 27.009 3.740 10.586
17 45.367 29.899 4.294 11.175
16 41.050 27.444 2.605 11.001
16 44.627 31.284 3.507 9.836
18 42.662 28.357 3.422 10.883
19 44.749 30.574 3.929 10.247
19 42.067 29.162 4.713 8.193
18 40.922 28.296 3.229 9.397
18 46.513 30.437 3.831 12.245
17 42.955 26.890 1.898 14.167
18 46.099 32.087 4.554 9.458
17 45.005 31.118 3.941 9.946
18 46.460 31.279 3.819 11.362
18 43.210 29.665 3.630 9.916
15 44.488 31.113 2.863 10.513
15 45.342 32.337 4.088 8.917
18 44.592 29.140 5.373 10.079
15 42.681 28.599 2.449 11.634
17 47.476 33.160 5.375 8.941
15 43.099 32.509 5.251 5.339
15 45.281 33.196 4.426 7.659
16 45.747 31.840 4.075 9.833
15 43.468 29.388 3.114 10.966
16 45.782 30.094 3.658 12.030
17 45.976 31.323 3.309 11.344
16 46.788 30.179 3.689 12.920
18 45.308 30.670 4.043 10.595
18 44.933 30.010 3.512 11.411
18 46.340 30.458 3.546 12.336
15 47.737 32.335 4.377 11.024
21 43.967 29.026 4.982 9.959
18 45.026 30.298 3.398 11.330
19 46.859 31.065 5.183 10.611
17 42.057 28.911 3.593 9.554
19 42.741 29.345 3.460 9.936
17 43.900 29.998 3.564 10.339
13 42.370 29.447 3.174 9.748
15 42.528 29.685 4.117 8.726
17 42.995 28.732 3.703 10.560
18 43.591 27.769 3.453 12.370
17 42.638 28.359 3.121 11.158
17 41.897 29.201 3.520 9.175
13 43.227 30.049 3.996 9.182
17 43.160 30.509 4.574 8.077
13 40.749 29.562 4.047 7.140
17 43.572 29.286 4.581 9.705
14 40.051 26.904 3.731 9.417
18 44.043 29.766 4.694 9.583
16 39.148 26.537 3.302 9.309
14 41.342 27.111 3.023 11.208
19 45.484 31.669 3.719 10.096
18 44.028 30.505 3.965 9.559
12 42.181 30.883 3.911 7.386
17 42.185 28.765 3.866 9.554
17 44.663 29.820 3.990 10.852
22 40.852 27.419 4.272 9.161
16 41.098 29.198 2.999 8.902
18 44.092 29.240 3.634 11.218
15 43.629 30.138 4.757 8.734
18 37.571 24.809 2.282 10.480
15 44.268 28.660 3.377 12.231
15 41.267 27.006 2.740 11.522
16 41.141 26.307 3.059 11.776
21 41.256 26.436 4.666 10.155
17 38.481 26.423 2.049 10.009
18 43.314 27.160 3.701 12.453
