nze be neph bph nzph50 nzph90 bph50 bph90
632 2 63 1 10 10 0 0
946 2 63 1 8 63 0 0
1341 6 63 1 12 63 0 0
1402 4 63 1 14 63 0 0
1283 2 63 1 16 59 0 0
1394 2 63 1 16 63 0 0
1422 6 63 2 14 61 0 0
1471 4 63 1 14 63 0 0
1604 4 63 1 15 63 0 0
1358 2 63 1 15 59 0 0
1080 6 63 1 11 56 0 0
1273 6 63 1 13 63 0 0
1461 10 63 2 13 63 0 1
1416 12 63 2 13 63 0 1
1377 17 63 2 15 62 0 1
1098 13 63 2 9 60 0 1
1322 14 63 2 12 63 0 1
1456 15 63 2 14 63 0 1
1296 11 63 2 13 61 0 1
1568 16 63 2 16 61 0 1
1740 16 63 2 18 63 0 1
1663 20 63 3 17 63 0 1
1486 20 63 3 14 63 0 1
1596 17 63 3 18 62 0 1
1558 20 63 2 15 63 0 1
1559 17 63 2 15 62 0 1
1916 19 63 2 19 63 0 1
1616 18 63 2 16 63 0 1
1602 21 63 2 15 63 0 1
1796 20 63 2 18 63 0 1
1620 22 63 2 16 63 0 1
1751 20 63 2 17 63 0 1
1745 20 63 2 19 63 0 1
1870 21 63 2 18 63 0 1
1851 22 63 2 19 63 0 1
1930 23 63 3 23 63 0 1
1609 20 63 2 16 61 0 1
1539 22 63 2 15 63 0 1
1541 22 63 3 15 63 0 1
1171 22 63 3 11 61 0 1
1408 24 63 3 13 62 0 1
1115 23 63 3 11 62 0 1
1042 26 63 3 10 59 0 1
1323 30 63 3 12 63 0 1
1121 32 63 3 10 60 0 1
1650 29 63 2 16 63 0 1
1649 34 63 3 16 63 0 1
1611 35 63 3 19 60 0 1
1531 38 63 3 15 63 0 1
1776 36 63 2 19 62 0 1
1513 33 63 2 16 63 0 1
1562 35 63 2 17 61 0 1
1303 34 63 3 13 59 0 1
1214 34 63 3 11 59 0 1
1690 36 63 3 16 63 0 2
1607 38 63 3 15 63 0 1
1492 38 63 3 17 59 0 1
1590 38 63 3 17 63 0 1
1719 37 63 3 16 63 0 1
1806 33 63 3 19 63 0 1
1772 36 63 3 20 63 0 1
1782 34 63 3 21 62 0 1
1377 35 63 2 15 60 0 1
1472 35 63 3 16 61 0 1
1054 35 63 3 12 56 0 1
1198 35 63 3 11 61 0 1
1483 37 63 3 14 63 0 2
1533 37 63 3 14 63 0 1
1381 38 63 2 14 62 0 2
1433 35 63 2 13 60 0 1
1578 40 63 3 15 63 0 2
1572 37 63 2 16 63 0 2
1800 37 63 2 17 63 0 1
1694 37 63 3 17 63 0 1
1950 40 63 2 22 63 1 2
1815 40 63 2 19 63 1 2
1736 44 63 3 19 63 1 2
1710 45 63 3 19 61 1 2
1555 46 63 3 19 58 1 2
1429 48 63 3 16 51 1 2
1578 46 63 3 16 62 1 2
1654 44 63 3 19 59 1 2
1343 45 63 3 15 57 1 2
1403 43 63 3 14 62 1 2
1611 45 63 4 17 63 1 2
1638 42 63 4 17 62 0 2
1459 42 63 4 16 58 1 2
1479 46 63 4 15 62 1 2
1337 43 63 4 14 59 1 2
1345 45 63 4 12 62 1 2
1421 41 63 3 13 63 0 2
1693 42 63 3 16 63 1 2
1641 49 63 3 17 62 1 2
1481 47 63 3 15 57 1 2
1520 45 63 3 16 60 1 2
1364 42 63 3 13 61 0 2
1404 43 63 4 13 63 0 2
1572 48 63 4 16 62 1 2
1487 48 63 4 15 63 1 2
1755 48 63 4 18 63 1 2
2003 46 63 4 23 63 1 2
1682 48 63 4 19 63 1 2
1583 51 63 4 19 57 1 2
1495 50 63 3 16 59 1 2
1719 51 63 3 17 63 1 2
1921 50 63 3 22 63 1 2
1776 51 63 4 19 63 1 2
1912 52 63 4 23 63 1 2
1561 52 63 3 18 59 1 2
1912 54 63 3 29 63 1 2
1822 49 63 3 21 63 1 2
1825 50 63 3 24 60 1 2
1676 52 63 3 19 63 1 2
1726 49 63 3 17 63 1 2
1716 52 63 3 20 60 1 2
1711 52 63 3 18 63 1 2
1867 52 63 3 19 63 1 2
1724 52 63 3 17 63 1 2
1945 54 63 3 21 63 1 2
1836 54 63 3 19 63 1 2
1849 54 63 4 23 59 1 2
1770 54 63 3 21 61 1 2
1624 53 63 4 17 62 1 2
1720 53 63 4 18 63 1 2
1747 53 63 4 20 60 1 2
1794 53 63 4 19 63 1 2
1966 53 63 4 20 63 1 2
1798 51 63 3 22 61 1 2
1919 52 63 3 22 63 1 2
1798 53 63 3 18 63 1 2
1747 52 63 3 19 63 1 2
1555 57 63 3 18 56 1 2
1328 57 63 3 16 45 1 2
1476 59 63 3 16 61 1 2
1443 60 63 3 13 61 1 2
1822 62 63 3 24 63 1 2
1781 66 63 3 18 63 1 2
1826 61 63 3 21 63 1 2
1713 61 63 3 20 62 1 2
1784 65 63 3 19 63 1 2
1731 65 63 3 21 60 1 2
1610 62 63 3 15 63 1 2
1695 66 63 4 19 62 1 2
1606 68 63 4 18 59 1 2
1703 65 63 4 20 63 1 2
1879 65 63 4 20 63 1 2
1895 64 63 4 22 62 1 2
2166 69 63 4 26 63 1 2
2105 63 63 4 29 63 1 2
1959 66 63 4 28 59 1 2
1993 64 63 4 22 63 1 2
1988 64 63 4 24 63 1 2
1757 64 63 4 20 60 1 2
1828 64 63 4 23 58 1 2
1457 64 63 4 15 63 1 2
1315 66 63 4 12 60 1 2
1595 65 63 4 15 63 1 2
1321 65 63 4 16 51 1 2
1632 68 63 4 15 63 1 2
1848 69 63 4 21 63 1 2
1838 71 63 4 24 63 1 2
1779 72 63 4 20 63 1 3
1905 74 63 5 26 63 1 3
1772 73 63 4 22 61 1 3
1786 75 63 5 20 63 1 3
1726 75 63 4 20 56 1 3
1431 75 63 4 16 58 1 3
1429 79 63 4 15 58 1 3
1408 74 63 4 14 59 1 3
1426 77 63 4 13 60 1 3
1597 77 63 5 16 63 1 3
1830 75 63 4 19 63 1 3
1911 76 63 4 26 63 1 3
1869 78 63 4 24 63 1 3
1637 74 63 4 18 63 1 3
1597 74 63 4 18 63 1 3
1599 70 63 4 22 60 1 3
1583 73 63 4 17 60 1 3
1601 74 63 4 17 61 1 3
1701 77 63 4 19 61 1 3
1661 78 63 4 17 63 1 3
1692 77 63 4 20 59 1 3
2056 75 63 4 27 63 1 3
1993 73 63 4 27 63 1 3
1762 75 63 4 20 63 1 3
1908 75 63 4 23 63 1 3
1974 76 63 4 28 63 1 3
1738 77 63 4 19 61 1 3
1732 77 63 4 23 54 1 3
1720 76 63 4 20 62 1 3
1464 72 63 4 17 51 1 3
1583 73 63 4 17 62 1 3
1679 74 63 4 19 61 1 3
1617 72 63 4 16 63 1 3
1870 70 63 4 23 63 1 3
1737 74 63 4 20 61 1 3
1819 75 63 4 19 63 1 3
1872 80 63 4 20 63 1 3
1753 82 63 4 20 62 1 3
1705 77 63 5 19 63 1 3
1906 77 63 4 24 63 1 3
1914 72 63 4 27 63 1 3
1843 71 63 4 22 63 1 3
2116 73 63 4 29 63 1 3
2262 75 63 4 34 63 1 3
1890 76 63 4 26 61 1 3
1790 78 63 4 22 61 1 3
1579 77 63 4 18 57 1 3
1658 79 63 4 19 63 1 3
1999 82 63 4 22 63 1 3
2011 80 63 4 26 63 1 3
1888 77 63 5 24 63 1 3
2106 78 63 5 32 63 1 3
1923 81 63 5 23 63 1 3
1719 83 63 5 22 58 1 3
1455 81 63 4 16 59 1 3
1804 82 63 4 22 63 1 3
2127 82 63 4 30 63 1 3
2019 82 63 5 27 63 1 3
2017 88 63 5 26 61 1 4
1823 85 63 4 24 59 1 3
1828 85 63 5 22 63 1 3
1787 86 63 5 19 63 1 3
1765 82 63 5 23 60 1 3
1673 86 63 5 18 62 1 3
1744 85 63 5 22 62 1 3
1681 82 63 4 20 58 1 3
1631 78 63 4 18 59 1 3
1405 78 63 5 15 55 1 3
1425 76 63 4 16 56 1 3
1264 76 63 4 12 59 1 3
1417 77 63 4 14 63 1 3
1289 78 63 5 13 58 1 3
1686 76 63 6 19 63 1 3
1779 76 63 6 19 63 1 3
1588 77 63 6 18 60 1 3
1537 81 63 6 17 61 1 3
1470 76 63 6 15 57 1 3
1818 79 63 7 20 63 1 3
2046 84 63 7 28 63 1 3
1992 78 63 5 27 63 1 3
1926 78 63 6 24 63 1 3
2213 83 63 6 28 63 1 3
1944 80 63 6 23 63 1 3
2061 80 63 6 25 63 1 3
1927 80 63 6 26 58 1 3
1613 80 63 6 17 59 1 3
1659 82 63 6 18 63 1 3
1669 85 63 5 21 62 1 3
1706 87 63 5 19 63 1 3
1723 85 63 5 21 63 1 3
1933 84 63 5 25 63 1 3
1729 85 63 5 22 60 1 3
1627 85 63 5 19 58 1 3
1309 88 63 5 15 55 1 3
1257 88 63 5 14 50 1 3
1685 86 63 5 16 63 1 3
1933 83 63 5 27 63 1 3
1864 82 63 5 27 62 1 3
1781 81 63 5 21 62 1 3
1622 81 63 5 19 61 1 3
1868 82 63 5 24 63 1 3
1888 85 63 5 25 63 1 3
1721 83 63 5 21 58 1 3
1486 81 63 5 16 59 1 3
1518 82 63 5 16 58 1 3
1461 83 63 5 15 63 1 3
1773 81 63 6 23 61 1 3
1898 79 63 6 24 63 1 3
1899 80 63 6 24 63 1 3
1933 76 63 6 27 63 1 3
1981 81 63 7 29 63 1 3
1799 76 63 6 24 58 1 3
1510 82 63 6 17 57 1 3
1681 82 63 6 23 63 1 3
1987 81 63 6 29 63 1 3
2231 75 63 6 31 63 1 3
1804 80 63 7 23 62 1 3
1908 81 63 7 26 61 1 3
1961 79 63 6 24 63 1 3
1784 80 63 6 23 60 1 3
1838 77 63 6 24 58 1 3
1786 77 63 6 21 63 1 3
1736 76 63 6 18 63 1 3
1915 78 63 7 26 60 1 3
1558 79 63 7 17 60 1 3
1143 79 63 7 13 42 1 3
1295 80 63 7 13 58 1 3
1655 78 63 7 17 63 1 3
1828 78 63 6 23 63 1 3
1898 83 63 6 20 63 1 3
2106 79 63 6 30 63 1 3
2101 79 63 6 28 63 1 3
1928 80 63 5 26 63 1 3
1984 79 63 5 25 63 1 3
1992 82 63 5 25 63 1 3
1915 82 63 5 22 63 1 3
1798 78 63 5 25 59 1 3
1904 80 63 5 24 61 1 3
1984 79 63 5 22 63 1 3
1871 80 63 6 23 63 1 3
1821 83 63 6 20 63 1 3
1814 80 63 6 21 60 1 3
1725 78 63 5 22 57 1 3
1822 77 63 5 21 63 1 3
1832 77 63 5 24 63 1 3
2035 79 63 5 33 63 1 3
1924 76 63 5 27 60 1 3
1761 77 63 5 21 61 1 3
1621 77 63 5 19 59 1 3
1555 74 63 5 18 60 1 3
1280 74 63 5 13 58 1 3
1558 74 63 5 15 63 1 3
1570 71 63 5 16 61 1 3
1616 73 63 5 17 62 1 3
1733 72 63 5 19 63 1 3
1912 70 63 5 22 63 1 3
1773 71 63 5 24 58 1 3
1771 70 63 4 20 63 1 3
1604 72 63 4 16 63 1 3
1606 73 63 4 16 63 1 3
1898 74 63 4 21 63 1 3
1736 77 63 4 19 63 1 3
1709 76 63 4 21 57 1 3
1698 75 63 4 19 62 1 3
1578 72 63 4 17 60 1 3
1929 73 63 4 28 63 1 3
2019 68 63 4 26 63 1 3
2141 70 63 4 30 63 1 3
1988 67 63 4 26 63 1 3
1734 67 63 5 20 62 1 2
1898 67 63 5 24 63 1 2
1942 65 63 5 21 63 1 2
