size start dura
116892000 1122 12415
115350000 285 13287
116585000 198 13380
115326000 1027 12652
114480000 1369 12310
114857000 1244 12543
116409000 1620 12222
115272000 2137 12618
115589000 1798 12964
115235000 2392 12861
114993000 4423 11528
115178000 3550 12420
115085000 6033 10015
115271000 4613 11814
114185000 4250 13584
116317000 4737 13475
113348000 5840 12680
115751000 6676 11976
115360000 8913 11080
114883000 7952 12076
113983000 6356 13768
113360000 7743 12494
116303000 6756 13847
114806000 8699 11959
114611000 3612 17160
113545000 8577 13190
113826000 9426 12409
115127000 9805 12034
115372000 8860 13082
116002000 9241 12794
114708000 7438 14660
115655000 10154 12629
116064000 8806 14845
114168000 11266 12510
116193000 10414 13404
113584000 9929 14228
116632000 12690 11956
116600000 10946 13773
117010000 6937 18969
115279000 12680 13816
115901000 11517 15466
115758000 13813 14132
117840000 14316 13811
115467000 15379 12987
114285000 15139 13537
114675000 15279 13398
115117000 15441 13273
116373000 17307 11531
115227000 16453 12475
114496000 15992 12958
115499000 16311 13711
113880000 18999 11420
116038000 19453 11185
114026000 19155 11572
116547000 15746 15065
116236000 16961 14091
115158000 15611 15562
114230000 16895 14688
115293000 16664 15008
114452000 18886 12910
116150000 16531 15500
116095000 14440 17957
115228000 17666 15095
114207000 20001 12996
115873000 20562 13917
117599000 19018 15631
115180000 21531 13378
116751000 20508 15295
114995000 19269 16568
115699000 21992 13859
114256000 22002 14810
113697000 15438 21387
114409000 15132 21693
116278000 25205 11750
113813000 21862 15095
116938000 20170 16881
114210000 24751 12305
116802000 25915 11229
114955000 25378 11781
116465000 23555 13695
114692000 24058 14223
115766000 24710 14872
114404000 23386 16736
116211000 22148 19307
114524000 26240 16474
115415000 26273 16776
116605000 29766 13746
116319000 29939 13620
115369000 31404 12482
114539000 26512 17419
115653000 25230 18765
115131000 28533 15680
115711000 27528 16705
114313000 25465 18806
115164000 24964 19346
116038000 30407 13918
115106000 27564 16873
114142000 19642 24802
115718000 32415 13178
113859000 32829 13360
114817000 33539 13350
114718000 33520 13541
114240000 23967 23606
113709000 34934 14520
115656000 34485 15144
113723000 34813 14823
115958000 24236 26556
113605000 34326 17267
113890000 36718 14927
115012000 34292 17824
115705000 37394 14969
116408000 38393 14033
114817000 35321 17892
114006000 31428 22832
115118000 34522 19767
115454000 39968 15864
116993000 36924 19081
116000000 37444 19801
117844000 32018 25439
117370000 36380 21234
113444000 40322 17649
113098000 38986 19094
113334000 39753 18432
116454000 35477 22920
113881000 26238 32323
114910000 44110 14496
115226000 37331 22014
115949000 36892 22489
114738000 38913 20879
115718000 43892 16131
115417000 39690 22959
114363000 38524 24404
113174000 41839 21194
114848000 46724 16538
114729000 46249 17256
114154000 33897 29622
115485000 40730 22957
114800000 40584 23302
115169000 44826 20331
114548000 47431 17975
116160000 43671 22200
114455000 44194 22019
116095000 26360 40567
114318000 38420 31307
114438000 45140 25404
116306000 53631 17117
115906000 48614 22173
114758000 54362 17159
114281000 48642 23196
116563000 43565 28275
115639000 49688 22746
115387000 52986 19450
114861000 54273 20938
115045000 55748 20642
114714000 50213 26675
114659000 52845 24482
114233000 47969 29401
115480000 48309 29257
113183000 50275 27663
116248000 52398 25572
116398000 42574 36472
114256000 43587 36670
115287000 63269 18008
114254000 58084 23456
115802000 51834 29745
113862000 56347 25235
114790000 61051 20553
114036000 50472 31144
114979000 57248 24377
113737000 55920 25750
116247000 57261 24470
113817000 52856 28914
115088000 52140 29649
115865000 61372 20466
115131000 63751 18102
114786000 55590 26290
114899000 60710 21177
116948000 60302 21724
115381000 55222 26856
116190000 62223 19857
114924000 60325 21775
115982000 51551 30615
116235000 58742 23463
116054000 57830 24434
116170000 52404 29992
115069000 50767 31862
113993000 65511 17252
114693000 66270 16724
116794000 47641 35379
115790000 61935 21155
115094000 66936 16173
113074000 67431 15678
114985000 65616 17737
115295000 55790 27786
115939000 70085 14439
115400000 48221 36478
114498000 38238 46466
114814000 57243 27997
113437000 72040 13462
114716000 65023 20858
115998000 60091 25793
113714000 69022 17267
115167000 64781 21510
115934000 72047 14586
115975000 64229 22530
114441000 68015 18903
115486000 43781 43240
115988000 66587 20443
114980000 72294 15075
115877000 51933 35652
116674000 70239 17631
116029000 73979 15561
116521000 75903 13725
113271000 70410 20034
115241000 61320 29188
114635000 71942 18596
115628000 59797 30943
113769000 73144 17740
116002000 73473 17454
113682000 49910 41951
115083000 67892 24878
115888000 65770 27002
116110000 49482 43378
113872000 66851 26753
115459000 75579 18969
114952000 59177 35404
115320000 71258 23323
117267000 73878 20975
115218000 79600 15413
114885000 57021 38057
116462000 65632 29451
116200000 61332 33873
114433000 73135 23524
114988000 75827 22512
116131000 78886 19626
116328000 77309 21497
116850000 75562 23351
116201000 79757 19332
114873000 68581 30626
114522000 57116 42556
116285000 77787 22110
115180000 76336 24154
115479000 78213 22320
115207000 78415 22486
114418000 81193 19784
114554000 81315 19671
115819000 85671 15721
114138000 71423 30963
114367000 82242 20939
116501000 80367 22876
114087000 83090 20473
114719000 74015 29772
116033000 77400 26415
114377000 83306 20523
115934000 78790 25204
115351000 80688 23876
115590000 49956 55162
115633000 52512 52710
115007000 55449 49892
116103000 65124 40235
115345000 82609 23350
117142000 84773 23206
114333000 83731 24273
115102000 83069 24941
115920000 85635 22407
116366000 84017 24202
115238000 84438 24375
115203000 85631 23253
115912000 64307 44616
115696000 91204 17904
115959000 91916 17568
116390000 91538 18128
115946000 93774 16185
114646000 94224 16918
115130000 87360 24041
113964000 88045 23472
116930000 79315 32406
115680000 93372 18409
116122000 84222 27571
114136000 87395 24414
116235000 77321 34642
114009000 86154 25929
113532000 68220 44275
115330000 92113 20435
115693000 80964 31765
115231000 91613 22095
116961000 84810 28938
116912000 96133 17629
115021000 89191 24610
115304000 89522 24346
115479000 82773 31498
115576000 59628 55228
114189000 78029 37388
114624000 95854 19742
114094000 66093 49736
114822000 75345 41236
115592000 76150 40467
115245000 69240 47545
116534000 62852 53992
114687000 94933 22055
113035000 94210 22897
113874000 92465 24920
116210000 73491 44615
115556000 74419 43794
115713000 100398 17908
115479000 88988 29344
116890000 97275 21059
115097000 90181 28244
115342000 93668 24788
114434000 65519 52940
116938000 74940 43520
113760000 72957 45790
115069000 91321 27427
114271000 78727 40195
115180000 93430 25544
115650000 93312 26423
115462000 100725 19231
115320000 99148 20844
117023000 99524 20619
115133000 99414 20770
115193000 97940 22375
116303000 102473 18289
114110000 86294 34586
114740000 80319 40564
114233000 100632 21003
114218000 94591 27189
114897000 87079 34712
114612000 87016 34776
115470000 89584 32562
113638000 100815 23255
113057000 87201 37965
115553000 108792 16417
115784000 96056 29200
115248000 102005 23269
116272000 86372 38930
114230000 106652 18683
114373000 101931 23483
115381000 110175 15248
115000000 108609 16970
116727000 99887 25769
115426000 106568 19090
114260000 103890 21831
115035000 91599 34180
115188000 110625 15171
116146000 100314 25506
115451000 104697 21150
114609000 101211 24719
115745000 96905 29081
116411000 102260 23763
116749000 99217 27089
114954000 106134 20200
116722000 108601 17927
115831000 101257 25423
114774000 103963 23060
116281000 112242 14985
115558000 88841 39015
115629000 96357 31564
116290000 105405 22752
114169000 97978 30713
114460000 104821 24146
113528000 111153 18315
113742000 94057 36263
115880000 98953 32184
116407000 106823 24589
115348000 102062 29552
116347000 110037 21650
115393000 99157 32640
115001000 110241 21618
115262000 102314 29599
116291000 109537 22509
114312000 111352 20749
117002000 106942 25175
115832000 98532 33612
115887000 103149 29007
115031000 102635 30501
116376000 69221 64030
116018000 77122 56442
115836000 81569 52208
116458000 78361 55427
115247000 114904 19360
115740000 86846 47800
116378000 111176 24003
114305000 95453 40076
114346000 119036 17178
114802000 107544 28875
113982000 105169 31624
114111000 106520 30352
113727000 103089 33799
114931000 120743 16451
116511000 95727 42078
116453000 93608 44199
116492000 97312 40498
115668000 112086 26244
114163000 107424 32147
115478000 120914 18787
115803000 116328 23422
114965000 114703 25340
113400000 122299 17763
116947000 118824 21302
114203000 115086 25146
115929000 112147 28140
116042000 120582 19711
116645000 116439 23873
115707000 116190 24143
113531000 121029 19318
114993000 126709 13835
115826000 96898 43855
114771000 101789 38969
115211000 92745 48310
114819000 99672 42113
115386000 113660 28180
114562000 108722 33178
116117000 113990 28666
115250000 113146 29552
113771000 115891 26998
116207000 118379 24852
115498000 111988 31331
115711000 125616 17940
116000000 128815 15476
113897000 128185 16346
115482000 104403 40389
116354000 96308 48491
115905000 103261 41554
114671000 121243 23709
115064000 120673 24431
116426000 130857 14419
113636000 116777 28690
115350000 120696 24949
114060000 121495 24229
114301000 122119 23655
115034000 120219 25672
116412000 129462 16744
116009000 126806 19690
114651000 124486 22487
114828000 87669 61423
115797000 119745 29348
115004000 133219 17280
114763000 129972 20573
116781000 107247 43484
115718000 134877 17035
117781000 131490 20578
115105000 135992 16215
115261000 117571 34639
114808000 138313 13918
114092000 137694 14616
116770000 113575 38781
116480000 133002 19500
114729000 128375 24228
116151000 132227 20901
114935000 131404 21975
114470000 135631 17823
115847000 125990 27673
113945000 129303 24858
114668000 129352 24846
114626000 127448 27547
114926000 140717 14992
113981000 130217 25499
115776000 142094 13682
115672000 139744 16306
114257000 132977 23108
114902000 141363 15444
114134000 135201 21644
114585000 119582 37287
115118000 119069 37800
115616000 137944 19581
116454000 134333 23299
115916000 127077 30646
115749000 139241 19498
114894000 139542 19534
114109000 133483 26917
113122000 144736 16528
115583000 144806 16732
116488000 144706 17708
115881000 139040 23776
112992000 135066 27798
115423000 139868 23269
117063000 128185 35144
115183000 129837 34444
114447000 130113 34679
114144000 140639 24628
115612000 131955 33690
114730000 138929 27193
116101000 150618 20130
114814000 143984 26981
114694000 149598 21592
115277000 145839 25376
114660000 146937 24486
114642000 144198 27326
114475000 139277 33097
114626000 144220 28238
114745000 150697 21988
116379000 145354 28025
115193000 156898 17458
115280000 144982 30085
112631000 125352 49869
114827000 149757 25936
115641000 154651 21070
113923000 153258 22664
115941000 155808 20270
115630000 148190 28440
113487000 148610 28050
114180000 158782 18547
115666000 158898 18468
115784000 160626 16745
115404000 161775 15645
116219000 149831 27732
115537000 154235 23481
115685000 161858 16684
113309000 150828 27720
116062000 156949 21716
114568000 157536 21157
115107000 147001 32321
113682000 151590 27742
115741000 153306 26272
114895000 146647 33098
115466000 139529 40528
114631000 143616 36696
115163000 136886 43494
117127000 137113 43274
115333000 160042 21212
113852000 158111 23253
115208000 165189 16311
114712000 140015 41527
115070000 137329 45217
114952000 164228 18381
113567000 163909 18830
116058000 153557 29284
114197000 160753 22343
115870000 146853 36333
116563000 166707 16564
114771000 136892 46871
114271000 135898 47868
115323000 166339 17571
115930000 171860 13050
114359000 145322 39910
114938000 145143 40463
116567000 167186 18678
114641000 163101 22923
115722000 171819 14337
115331000 164789 21580
116092000 159767 27296
115514000 164699 22411
113960000 163041 24744
114619000 173457 14400
116892000 173717 14424
112971000 178202 10264
115673000 174585 14044
115658000 142009 46917
114670000 169199 19789
115134000 144954 44455
114885000 162831 26725
115198000 169793 19888
113784000 167975 21752
115758000 175559 14191
116658000 175220 14547
115517000 139917 49852
115290000 163752 26101
116283000 165566 24403
116285000 171969 18712
114582000 175963 14724
114762000 163911 26831
115028000 172196 18574
114303000 168041 22983
113516000 172434 19204
114726000 173065 18668
116471000 169202 22630
116291000 150821 41038
115493000 173485 18973
115189000 149542 43025
114799000 171501 21178
114851000 178393 14291
115916000 162479 30315
113550000 163489 29307
114363000 171798 21098
114922000 164258 28679
116092000 175547 17449
115050000 177726 15342
114744000 143349 49776
115134000 159794 33530
115810000 173704 19869
114773000 177106 16525
115670000 176140 17641
114421000 151697 42159
114665000 153654 40430
115019000 177780 16322
113315000 164380 29818
117365000 178757 15547
116579000 162610 31898
114310000 162175 32346
115300000 172389 22134
115855000 149129 45424
113751000 140895 53666
116619000 135167 59398
115682000 135437 59217
116556000 157125 37764
114801000 139902 54987
115632000 141522 53368
114139000 149809 45291
115330000 167393 27717
113686000 179243 16028
116456000 178528 16922
114867000 180246 15243
113180000 173816 21733
115183000 178954 16608
115275000 179604 16027
115678000 181351 14706
117331000 182100 14080
117014000 180556 15910
115687000 182759 13960
115663000 175957 20877
114660000 151350 45598
115059000 180800 16173
113607000 184249 12905
113883000 168690 28488
114650000 172013 25172
115090000 165655 31531
114597000 150906 46646
115926000 155513 42046
115947000 176871 20776
115307000 177406 20245
116125000 184506 13280
114432000 161128 36719
116360000 171818 26050
115011000 185707 12230
115251000 177179 20830
116562000 173002 25009
116034000 185433 12606
114433000 152878 45194
114613000 152147 45927
118186000 167499 30690
115912000 167035 31155
115174000 182761 15478
115502000 183167 15169
115384000 186449 11938
116611000 188476 10815
115401000 184933 14368
114661000 179992 20206
114680000 184740 15855
116834000 180235 20360
116519000 171390 29558
115437000 149904 51045
114392000 185790 16118
114575000 189643 12596
114885000 187104 15231
115007000 189069 13429
115654000 190712 12678
116083000 190240 13288
115571000 186771 17160
115478000 182562 22536
115688000 193095 12674
114482000 192677 13241
115144000 190481 15659
113539000 187991 18875
114720000 194536 16967
114661000 194695 17367
114993000 196263 17212
113701000 195142 18398
115151000 189480 27585
114031000 196740 20330
115328000 189654 28116
114161000 196509 23285
114392000 201688 18718
114811000 203235 18008
116776000 200679 21115
116169000 198843 23198
115875000 195555 27053
114432000 199603 23685
114435000 199318 24262
116326000 205499 18299
114594000 189468 34408
115327000 204177 20012
114803000 201010 24297
115303000 199266 26100
116586000 207664 17731
114451000 204251 21431
113904000 203964 21753
113432000 201942 23832
116757000 193909 31977
115838000 196584 29446
115923000 195916 30152
114634000 200309 27639
116326000 207058 21979
117391000 200309 29096
116985000 213211 16706
115615000 208526 21460
116322000 203010 27142
114087000 203911 26934
116482000 203799 27337
115909000 209779 22457
115205000 212696 19678
114774000 209093 23513
115639000 199358 33495
115494000 203867 29176
115379000 209308 24801
116260000 216473 17675
114284000 215125 19128
115064000 217212 17050
116789000 209678 24628
114773000 214092 20310
113813000 207430 27556
116634000 199263 35737
115663000 211104 23900
116334000 211551 23555
115024000 215345 19809
114632000 198005 37264
114979000 209407 26197
113766000 195756 40220
114891000 197351 38626
117637000 218495 18496
115323000 203498 33558
116775000 218994 18555
113542000 200350 37293
114585000 212358 25461
114865000 212506 25540
116686000 206416 31934
114378000 212144 27097
115872000 213445 25998
116018000 215547 24803
114765000 218430 22319
114426000 214675 27069
113110000 215111 26748
115540000 220130 22244
114528000 215374 27480
113969000 225597 17745
114840000 221553 21932
114185000 218578 24957
114300000 216539 27332
115585000 222590 21316
115332000 200365 43637
115914000 200688 43314
115987000 218857 25195
117012000 214256 29920
117252000 224173 20011
115160000 222108 22443
115158000 223255 21640
115653000 221785 23126
115593000 216286 29169
115330000 229335 16455
115154000 226484 19428
114590000 231930 14179
114280000 230785 15349
115533000 215525 30634
115072000 229111 17052
115900000 232837 13361
114674000 229897 16311
114730000 210263 35980
115624000 213301 32976
115248000 227814 18517
115942000 227439 19080
116530000 215774 30786
114041000 210223 36421
113990000 226214 20650
115784000 223637 23479
115102000 219685 27434
114228000 229004 18177
115910000 222629 24776
116178000 226941 21072
115071000 219091 29186
114742000 228263 20149
113601000 216017 32413
115515000 223948 24499
116248000 224889 23742
116766000 232834 16004
115265000 221448 27621
115183000 231336 17814
115170000 209250 39947
114209000 209000 40204
113634000 221430 27858
114437000 200720 49208
114019000 227039 23811
116802000 214933 37511
115539000 220863 32015
114276000 234697 18202
113852000 238008 15912
115591000 239037 15256
113841000 238831 15863
116071000 227961 28459
116479000 223245 33275
115025000 238068 18661
114245000 240538 16625
115343000 231585 26147
115671000 242770 14969
115224000 240363 17515
115178000 220697 37878
114755000 235186 23426
116405000 226696 32010
116070000 232193 26589
115066000 233335 26119
115858000 240453 19196
114715000 243500 16460
117265000 230609 29351
113126000 243649 16718
114535000 244908 15514
116892000 214527 46014
114787000 235029 26727
115887000 218895 42887
114927000 238358 23714
116653000 234358 27746
113113000 224108 38305
115207000 225276 37147
115148000 235654 26947
115650000 227772 34859
115978000 227860 34889
117424000 218954 44249
116626000 218023 45180
114941000 231670 31752
114903000 219323 44132
114951000 226866 36636
114360000 243477 20036
115896000 244212 19379
115197000 241514 22641
115279000 211658 52712
114962000 224608 40649
114173000 226279 39003
116257000 249734 16262
114891000 237537 28468
114432000 247443 18616
115567000 224107 42036
114512000 222190 43961
116655000 241086 25373
115800000 229720 36837
114925000 241686 25558
115320000 243328 24467
114032000 252848 15075
115249000 248703 19281
115644000 252787 15239
115677000 251174 16880
115958000 254825 13240
114293000 202059 66128
114884000 252036 16165
114955000 198007 70258
114655000 231450 36968
112604000 251442 17116
116294000 244726 23969
113197000 222663 46119
114135000 245164 23618
116255000 222682 46101
115808000 249485 19751
115040000 251041 18883
113626000 246429 23730
115104000 246826 23350
115870000 246366 23836
113855000 256521 14079
115574000 254687 15913
114948000 246957 25048
114519000 241396 30690
115054000 247439 24822
114696000 232231 40635
115254000 252338 20709
115903000 257540 15575
113964000 257159 16591
113884000 238033 35916
115785000 235144 38806
114963000 254316 20264
115742000 260971 13659
116466000 248764 27227
115577000 253043 23180
115909000 232987 43432
115962000 261252 15270
115158000 247331 29421
114403000 245295 31522
115065000 261413 16101
114836000 257618 20508
115914000 242009 36698
114603000 252181 26554
115532000 253612 25230
115799000 253214 25665
114494000 263480 15906
114651000 256405 23737
114879000 261635 18825
114934000 254093 26829
116035000 267654 13515
115106000 254661 27236
117484000 257782 24170
113960000 263505 19053
115252000 235038 47806
115307000 234560 48287
115547000 269983 12874
114670000 241540 41327
113607000 244059 38828
115658000 241801 41106
115205000 256359 26562
114519000 255240 27707
113667000 269399 13890
116481000 250652 32645
115167000 267683 15619
113875000 251987 31316
113812000 270408 13114
116867000 263323 20353
114888000 259487 24191
115810000 257920 25844
115960000 253396 30671
116855000 259123 25432
113881000 261923 22696
114894000 264724 20277
115351000 269785 15891
114747000 272371 13420
115392000 258015 27880
113931000 262124 23842
113858000 271217 14752
114226000 265562 20945
114282000 266138 20825
116179000 240813 46471
116026000 271863 16036
114609000 272732 15322
114880000 269189 19026
114725000 247472 42654
114893000 247513 42613
115183000 250822 39305
115323000 265459 24724
114924000 263983 26230
115690000 274974 15299
115148000 273342 17138
116348000 274843 16593
114934000 274832 16620
115541000 252806 39002
115527000 269302 22767
115071000 262685 29597
116556000 273201 20520
115855000 273039 20921
114071000 280007 15263
115035000 271816 25042
115743000 269807 28495
114952000 271665 26655
114999000 273136 26857
112766000 278673 22455
116482000 277165 25067
114736000 277337 25059
116159000 283595 18811
115487000 277672 24839
113246000 273886 28638
115039000 266614 36075
115969000 273091 29882
115138000 278441 24558
115838000 279369 23757
115462000 279710 23490
115263000 281272 21982
115816000 276722 26725
116436000 281697 21900
115343000 278153 26437
113914000 266730 37988
114204000 284381 20526
113397000 287597 17819
116213000 286472 19130
115585000 288105 17570
114521000 286597 19146
113530000 276304 30028
115630000 276998 30224
114886000 276235 31962
114394000 273626 34895
114297000 288069 21824
114128000 275048 35430
115908000 277475 33006
114341000 284690 26069
113551000 271268 39607
115040000 289264 22288
114357000 267080 46144
115375000 273962 39262
115317000 274148 42492
113142000 288003 30575
115930000 279729 38850
113826000 284805 34071
115827000 280149 40174
114617000 294692 25841
115600000 295926 24625
115278000 299241 21700
115196000 291871 29149
115652000 296426 25067
113489000 297275 24588
116548000 296195 25885
115523000 291431 30944
116208000 296011 26437
115996000 294145 28368
116774000 298631 24697
114964000 277068 47097
115330000 283232 41049
114537000 301238 23437
113971000 290270 36300
116577000 284001 42571
116137000 306653 21771
116080000 298641 30657
113676000 306091 25182
114783000 288205 43110
116216000 304268 29166
116315000 302106 31639
113940000 303374 30623
115086000 287841 46683
115371000 293001 43048
115046000 297693 38490
114018000 312195 24033
114652000 285961 50464
114036000 290119 46328
115966000 315107 21430
115237000 314529 22273
116717000 314702 22147
115448000 319942 17227
116044000 300958 37328
115463000 292412 45977
113594000 294256 44164
114878000 320814 17920
114308000 314963 24194
115570000 300839 38406
115720000 304923 34375
115245000 297780 41847
114915000 299217 41290
114949000 293128 47700
115762000 311909 28919
115059000 308611 32429
115584000 298257 42861
114719000 319493 21633
115876000 309197 32005
114061000 293299 48326
114259000 310939 30821
114241000 312614 29377
113718000 303804 38247
114149000 317019 25050
114553000 300906 41257
114537000 297728 44436
114533000 312772 29767
115165000 292644 50602
114257000 317579 25806
115879000 308767 34819
115204000 308538 35244
114538000 299518 44602
114325000 299083 45038
114791000 315848 28361
115190000 316459 28132
116688000 329468 16260
114313000 319738 26222
113921000 313024 33069
113749000 299629 46477
115739000 325101 21118
114868000 293184 53663
115488000 327994 18863
115850000 319631 27846
115665000 289307 58249
115564000 325385 22235
114059000 316223 31905
113666000 316125 32055
115886000 327942 20333
115712000 307486 40992
115802000 314575 34737
114815000 321410 28078
114998000 308242 41585
114309000 301149 48838
115005000 322761 27452
115145000 291067 59235
115087000 283041 67891
116473000 303648 47798
115979000 329239 22486
114802000 297255 54588
114051000 301189 50753
115616000 297031 55202
115683000 304130 48138
114889000 303643 48637
114058000 330575 21713
116343000 310228 42200
115181000 318475 35156
115260000 321826 32144
114107000 319423 34553
114297000 302706 51436
115340000 288259 65975
115464000 304917 49505
115983000 303933 51227
115270000 322226 33169
115921000 312966 42682
117873000 298496 57174
113023000 307575 48601
114187000 316571 39782
114712000 296946 59617
113998000 322338 34308
115226000 331969 24780
117406000 294072 62844
113832000 285024 71892
116486000 312904 44245
115235000 293087 64213
115389000 324805 32527
114437000 315099 42254
115264000 319548 38014
114818000 329584 28351
115490000 320523 37548
116937000 334253 24089
114969000 338537 20112
115227000 340762 18708
114256000 323029 36729
116388000 344654 15288
115098000 337862 22252
117038000 289590 71326
114193000 303415 57501
113402000 325335 35591
112572000 328552 32806
114937000 315937 45526
116553000 335383 26116
115880000 316374 45182
115050000 320367 41345
115795000 335065 27263
116164000 321435 41215
113939000 301701 60949
116285000 309084 53570
115587000 344163 18622
114739000 329563 33474
115824000 328201 35968
115505000 315889 49603
113195000 331349 34199
115194000 331529 34051
115064000 332368 33229
114247000 312495 53120
114167000 323073 42640
116647000 346769 19309
115073000 348673 18794
116458000 339027 28485
117074000 326458 41693
115537000 327474 40693
114866000 346238 22095
114496000 350065 18568
115322000 340138 28558
114065000 301944 66990
115781000 306448 62512
115214000 323843 45119
114561000 323076 45889
114859000 313753 55260
115405000 345483 23659
116270000 339437 29833
114399000 350330 19298
115857000 328939 40697
116223000 323187 46561
114997000 312460 57348
117115000 346181 23697
115313000 326023 43962
114453000 353181 17117
114813000 353745 16783
114325000 343973 27045
114329000 347725 25420
112511000 338061 35090
115639000 349443 23793
115542000 328014 45512
114323000 337691 36785
115937000 335716 38760
114182000 348535 26253
114374000 339411 35416
113475000 333475 41356
115509000 336852 37982
114927000 346637 28222
116139000 347773 27101
114978000 317690 57207
114534000 331548 43350
116562000 329800 45184
115507000 340328 34719
116744000 338290 36919
116922000 347161 28110
115531000 339280 36035
114743000 351221 24120
116842000 316511 58949
114344000 355925 19538
115435000 331124 44369
116192000 338979 36543
113810000 312234 63439
117323000 347581 28198
114525000 292475 83391
114775000 345179 30852
113417000 312045 64284
113384000 346784 30253
116699000 342074 34996
115266000 346147 31508
114325000 284663 93100
113921000 284763 93008
117721000 289908 87876
117593000 321424 56401
116377000 320549 57276
116073000 348361 29676
114818000 354330 24252
114296000 315308 63420
115215000 302828 75973
116462000 354147 24934
116525000 357358 21934
115155000 343675 36030
115841000 325828 53911
114767000 351027 28756
116667000 356576 23441
115828000 356815 23273
114468000 357922 22234
113962000 339576 40752
115216000 337555 42831
113844000 342852 37602
115122000 361168 19521
115255000 332358 48473
113588000 336354 44551
115805000 328489 52638
114640000 342582 38640
114474000 356240 25029
115148000 347090 34180
114884000 301691 80368
115482000 331348 50716
115914000 356686 25439
114199000 355973 26156
114589000 328826 53310
114684000 301375 81042
115286000 357308 25143
113972000 358506 23990
115571000 359452 23181
114534000 356158 26787
114211000 293825 89663
113614000 358239 25588
115482000 350870 33085
113876000 355467 28503
116055000 317732 66271
115378000 294387 89650
114885000 294342 89696
115266000 355612 28943
115397000 355951 28846
115991000 366595 18285
115572000 338353 46702
116067000 294030 91092
115724000 361237 24358
115246000 350740 35027
115644000 343378 43151
116391000 350681 36064
116450000 314009 73003
112446000 363812 23665
115739000 365890 21765
114422000 338171 49496
116200000 359157 28606
116062000 366461 22232
114722000 367801 21297
115487000 355247 34136
117104000 372590 17652
113705000 369354 21072
115121000 369742 21011
115635000 364616 26309
113864000 368373 22582
115204000 351384 40104
116128000 358815 32837
116206000 327572 64162
114205000 367503 24460
114847000 363498 28617
114652000 343502 48990
114913000 347673 44843
117080000 330579 61965
114507000 369763 22961
113979000 351744 41078
115420000 368642 24184
116129000 345089 48132
114840000 374095 19134
113698000 367136 26140
116016000 364454 28978
114192000 369228 24211
114777000 359746 33698
113557000 375233 18233
114730000 359521 34245
115071000 348506 45284
115110000 353470 40352
114590000 364081 30028
114408000 355487 38809
115354000 360078 34299
113266000 364946 29431
115454000 363057 31344
114114000 354277 40302
114985000 374965 19734
114724000 362509 32769
115867000 357816 37652
115501000 361251 34217
114778000 364810 30771
114890000 365497 30100
114201000 308802 86878
115113000 356338 39503
115560000 377861 18033
116498000 379814 16545
114662000 328165 68294
114804000 376840 19699
114183000 379233 17608
116547000 380941 15908
114063000 370534 26359
114425000 377961 19270
114915000 368902 28715
115835000 378032 19609
115835000 379830 17876
115723000 373635 24209
115667000 380344 17512
114515000 379808 18095
116355000 379428 18708
115016000 377430 21495
115367000 370716 28246
116251000 378972 20181
114105000 366837 32483
114863000 369221 30715
114078000 376061 24663
115451000 374650 26170
115178000 385201 15850
114367000 384836 16347
115841000 384255 17031
114748000 380048 21701
115534000 376783 24978
116043000 375577 27614
114163000 371002 32231
116157000 370188 33047
116239000 364130 39897
114799000 296558 107512
115158000 377690 27167
115603000 383994 21922
114657000 385453 20806
115895000 340270 67004
115994000 388818 19640
114518000 386768 22242
115474000 389325 19835
116016000 343564 65627
114775000 376275 34021
115196000 385702 24597
116336000 372543 37817
115467000 378456 31905
116097000 383377 27122
114723000 386057 24508
115042000 348813 61825
115912000 381948 28744
115090000 382722 27970
115647000 366591 44234
115646000 361535 49318
116548000 369590 41265
114462000 372984 37923
114995000 356138 54771
114557000 365471 45440
114523000 356579 54333
114220000 384048 26911
115229000 377899 33143
114612000 372694 38349
114768000 381277 29766
115429000 394507 16581
115774000 341051 70234
113914000 389631 21686
116293000 376005 35327
115299000 381576 29776
115431000 388496 22936
113754000 391731 19727
116686000 372411 39192
113737000 389752 21864
114827000 391139 20537
115681000 386309 25480
115519000 387508 24370
115635000 396277 15710
115213000 388240 24089
114384000 334266 78341
115059000 299161 113535
114076000 386864 25909
114852000 303568 109274
115492000 393860 19079
115367000 393785 20360
115997000 390320 23875
114412000 384651 29578
115068000 390495 24800
115130000 350719 64619
115680000 369925 45427
115774000 378019 37356
116819000 388737 28337
117203000 323534 93804
113667000 333699 83651
115510000 372781 44578
115343000 380756 36845
115676000 377638 40061
116504000 384581 33468
115778000 393837 24713
115083000 388317 30365
114694000 389420 29311
115564000 397926 21103
114990000 394442 24650
113966000 389411 29685
115378000 395138 24174
115259000 391255 28119
114917000 392242 27196
114216000 390529 28919
115335000 397617 22890
113599000 393486 29213
115068000 392842 30410
115405000 403298 20367
114761000 394928 28780
113511000 329559 94156
114501000 390832 32886
115609000 403284 20527
115970000 381293 42680
117174000 399415 25549
116070000 407420 18207
116073000 400023 27780
114756000 399659 29801
114913000 407443 22851
115679000 414213 16647
114862000 410598 20594
114683000 416306 14956
114905000 412905 18816
115417000 401308 30749
116470000 411068 21056
114969000 410357 22178
114859000 407174 26976
115108000 398083 36361
113798000 408738 25972
116261000 413629 22880
116015000 416060 20552
116290000 417644 19185
116002000 401433 35418
113819000 382599 54682
114294000 415243 24102
114776000 422528 17484
115287000 418563 21855
115924000 425220 15382
114907000 385751 54924
116298000 405069 35671
115296000 420354 20982
116471000 391483 50816
115815000 410701 31911
115177000 412996 29617
116211000 412839 29812
115862000 409903 33104
116083000 414326 28801
116834000 417304 25901
115464000 406507 36720
115006000 414227 29130
115209000 426702 17306
115644000 422294 22290
115389000 409990 34785
116221000 405269 39860
114126000 402966 42374
116425000 400399 45293
114054000 400056 46309
115605000 409906 36918
114874000 418555 29123
114506000 405080 42616
114751000 402087 46835
115302000 420441 28773
113005000 430427 18995
114847000 405139 44710
116046000 425868 24730
114061000 430862 19774
116556000 406169 44616
116466000 409909 40880
113250000 411205 39673
115700000 411745 39137
115097000 422320 28632
114888000 408246 42722
114467000 425282 26154
114316000 403653 47819
115108000 405821 45670
115105000 401797 49740
116212000 425261 26292
114442000 422580 29017
113941000 399490 52344
115577000 421528 30325
114173000 413433 38584
114185000 418784 33257
115648000 434754 17827
113911000 402199 50573
114226000 430540 22374
116140000 404530 48426
116274000 402074 51174
116720000 402611 50707
115219000 433440 19930
115778000 423941 29672
114071000 418590 35739
113479000 433172 21539
116407000 393581 61184
115678000 432053 24226
116352000 423523 33044
114747000 417931 39711
115577000 405813 52945
115282000 437041 22337
115605000 433724 25836
115481000 425445 34226
113934000 435058 24911
116677000 434567 25415
116762000 434475 25535
115581000 433551 26639
115734000 406977 53313
114800000 436003 24421
115794000 443662 17340
117449000 423175 37922
115578000 438396 22709
115184000 429609 31658
113496000 434481 27094
116054000 428254 33323
116300000 428113 33469
115716000 434608 26976
114395000 433551 28166
114503000 429872 31897
113038000 440162 21708
115619000 432544 29418
115107000 441794 20189
113523000 435639 26640
115196000 443967 18618
115268000 422869 39796
114678000 412849 49928
115896000 447895 14898
117848000 442991 19832
115439000 431150 31741
115818000 419464 43435
115273000 416879 46043
112813000 445347 17580
115155000 401902 61043
115129000 445332 17616
118058000 405448 57533
115816000 435863 27177
117459000 445940 17232
114958000 441198 21988
116605000 442254 20937
114687000 436313 26972
114341000 440670 23224
114651000 442736 21636
114870000 427612 36841
115428000 407132 57518
115588000 438495 26167
115504000 407602 57184
116432000 418070 46738
115015000 417498 47310
114403000 417450 47358
115936000 435083 29893
115751000 426318 38704
116317000 426514 38510
114813000 436580 28457
113871000 436074 29031
113391000 440471 24822
116211000 445510 19828
116559000 432594 32837
115488000 407696 57744
116402000 424604 40859
114470000 410710 54889
114517000 441517 25651
116266000 449625 17769
115716000 442229 25260
115901000 400458 67117
114692000 446255 21816
114874000 433655 34421
115890000 424509 43568
114328000 426071 42006
114676000 446239 21939
114995000 452167 16145
115769000 452978 15843
115002000 455189 14539
115506000 451110 18801
116191000 443578 26397
114891000 453675 16926
113601000 440606 30412
116513000 438762 32344
116887000 443077 28235
113343000 456510 16320
116742000 453162 20122
114597000 438158 35724
113920000 459828 14201
115590000 459802 14385
115144000 449664 24791
114865000 444787 29811
116311000 455995 19283
117581000 441933 34072
116123000 450173 26197
116401000 454678 21832
113246000 440708 35823
115008000 450618 25919
114607000 441151 35401
115140000 440589 35964
114374000 437711 39016
113711000 455552 21713
115086000 432092 45419
114495000 451145 26373
113387000 454647 22930
116002000 417303 60355
115197000 429676 48102
116668000 413227 64756
114344000 413445 64636
115751000 404073 74013
115518000 418252 59850
113032000 443651 34464
115338000 407301 70878
114532000 401098 77083
113080000 416927 61256
114833000 427140 51061
115425000 421294 57484
114628000 453660 25222
115349000 435357 43564
114424000 441758 37227
116172000 448249 30900
115181000 450097 29253
115728000 452279 27078
114436000 455392 24133
115304000 449500 30050
114864000 446080 33486
115328000 452789 26777
114918000 420797 58991
116422000 445389 34823
115695000 456694 24254
116120000 452245 29007
117529000 454822 26437
115520000 452704 28899
115559000 438708 42948
114733000 456279 25377
114832000 450003 31653
114125000 443752 37904
114483000 451519 30377
114554000 457695 24851
116147000 451781 31107
114968000 464134 18856
115720000 454052 28982
116752000 468424 14883
115638000 461944 21454
114248000 461557 22117
114258000 463038 21284
115759000 464222 20428
115601000 466833 18265
116236000 461589 23980
115017000 468764 16971
115015000 455451 30393
115583000 462084 24334
114810000 464513 22169
113869000 447296 40214
117566000 457967 29544
114140000 447232 40279
115819000 452932 34642
115186000 467690 26328
114801000 474186 21485
114474000 474291 21545
115925000 473799 22041
115762000 466826 29715
114443000 468073 30346
114872000 476285 23316
115716000 479343 20288
115103000 478554 21101
115468000 475999 23804
114695000 477476 22397
116297000 458712 41293
116104000 463894 36228
114580000 467262 32862
113895000 475721 24421
114326000 465564 34807
114901000 461150 39511
117012000 469663 31392
114997000 464774 36711
114981000 482985 18743
114556000 461573 40233
115642000 482261 20267
114409000 480908 22240
117526000 479119 24401
115823000 483364 20219
116547000 484124 19533
115569000 464038 39622
114005000 481755 21915
115113000 481062 22885
115080000 468695 35721
115648000 482522 22039
114440000 470829 33958
117192000 485446 19427
116934000 476321 28630
115359000 481999 23149
115776000 492464 12847
115643000 488254 17133
116425000 468442 36961
115430000 488777 16648
114356000 484058 21516
115078000 474126 31459
114545000 470144 35561
115343000 477875 27979
115687000 485458 20412
114147000 481706 24400
116209000 469865 36278
115389000 484120 22351
116481000 481052 25455
116913000 474864 31658
114998000 470076 36671
114322000 475040 31908
115789000 475239 31725
115103000 477242 29726
115371000 490899 16374
113891000 477174 30224
116163000 463476 43933
115722000 468238 39176
114817000 472521 34905
114657000 467107 40319
116711000 488062 19376
114682000 440964 67171
114727000 446216 62049
115347000 484710 23600
114362000 467827 40533
115365000 479754 28620
115393000 475418 33285
113620000 476091 32648
116378000 477763 31073
114437000 475565 33272
114388000 463793 45161
116880000 450183 58831
115507000 452924 56185
115827000 455494 53717
115822000 482072 27238
114900000 492948 16723
114616000 494826 14955
116754000 476113 33869
114707000 493619 16707
114433000 493012 17849
115290000 494620 16253
114714000 483006 28309
114600000 487231 24086
114554000 493120 18468
114618000 486929 25389
115536000 480372 32379
115289000 477278 35635
115447000 477138 35775
115223000 497338 16262
114756000 494643 18996
115653000 497219 16445
114561000 483998 29863
116919000 472635 41699
114814000 486046 29850
115464000 484874 31780
115267000 486952 29956
115860000 492627 24650
115359000 488531 29974
115163000 488572 30474
116566000 500877 18221
115286000 501020 18134
115201000 502565 18284
115275000 497303 24321
115437000 503975 18588
115584000 487021 36085
115156000 498889 24840
115560000 477999 45737
115481000 486413 37796
114554000 501120 23098
115790000 503899 20417
114551000 483637 40879
115213000 505360 19751
113539000 491186 33959
114941000 499361 27296
115552000 483750 42969
114751000 481349 45399
114600000 490242 36813
116816000 491458 36559
115031000 491838 36694
115158000 511110 18525
115953000 514077 16071
114704000 512298 19495
115355000 514428 18007
116578000 512917 20756
116050000 513332 20600
115727000 513332 20846
115653000 509941 24531
113279000 514994 19920
115133000 489994 45154
113724000 488987 46167
114755000 505208 30706
114837000 491409 44690
113327000 515432 21384
115542000 492241 44985
115982000 496343 43139
115348000 507319 33085
115608000 515213 25527
115493000 518890 23144
112870000 515249 26929
115037000 506224 36218
115149000 507658 34788
115020000 519922 23000
115373000 518609 25263
115495000 515285 28839
115349000 521940 22434
114420000 510233 35092
116576000 524512 20991
115251000 523079 22620
115188000 521231 26955
115570000 518705 30072
114410000 498790 50287
115671000 497078 52002
116187000 528236 20937
116410000 526545 22648
115213000 524286 25241
116256000 519178 31182
114981000 506909 44449
113828000 517196 34543
114978000 530168 22175
114788000 531544 21034
113300000 534950 20055
114677000 495366 59761
114466000 531717 23937
115693000 533864 22254
115783000 526075 31023
115090000 529703 27522
114271000 522745 36304
115548000 538164 21704
116030000 502060 57955
114159000 532632 27762
116353000 501058 59408
114855000 497730 62885
113594000 501820 58908
114929000 535935 25363
113751000 517954 43976
114693000 518566 43591
115982000 524162 38351
114707000 546253 17715
114688000 544277 19820
114849000 542689 21908
115032000 537142 27611
115030000 541373 23922
114777000 525097 40886
115720000 515073 51629
115397000 545354 22575
114723000 547174 21062
114353000 546111 22215
114224000 548364 20142
115695000 546771 21896
114651000 539484 29796
115345000 506531 64539
115389000 502092 68999
114429000 515498 55719
113985000 528989 42344
116002000 541200 30142
116097000 542761 29179
114768000 553680 18401
115024000 549817 22353
114832000 552313 20037
115400000 540633 31898
114858000 539935 32632
114726000 527360 46139
115275000 543113 30584
114741000 510481 63395
115263000 550873 23389
113536000 546517 27747
115997000 553905 20693
113073000 517934 57299
115406000 503024 72211
115431000 531311 44014
116371000 521990 54003
114624000 550533 25747
116832000 522287 54321
115768000 536395 40389
115750000 553318 23799
115189000 508990 68204
116506000 534901 42566
115047000 528769 48711
113469000 507239 70290
115213000 542855 34733
115246000 540807 36784
116147000 555812 22091
115063000 526876 51419
114878000 512176 66215
115579000 515676 62727
114722000 506927 71572
114240000 508338 70164
115360000 554837 23956
116396000 514956 63903
117186000 507212 71775
113998000 509404 69583
114098000 541352 37905
115008000 533052 46306
114454000 477650 101719
116372000 546709 32700
115244000 478730 100686
113193000 511204 68483
116309000 508746 71011
114809000 522692 57204
115410000 520283 59694
115665000 513385 66674
114921000 547719 32355
114657000 539417 40729
117573000 534910 45355
115036000 557669 23111
115109000 558166 22692
115842000 519419 61491
115973000 511821 69124
114806000 560181 20787
115955000 559216 21838
113999000 539455 41613
115302000 499887 81219
114281000 560903 20241
113711000 545438 35707
115591000 559619 21599
114341000 530251 51011
114774000 507885 73414
114717000 524029 57494
114090000 555787 26146
114860000 553500 28475
114102000 561804 20201
115435000 515018 66991
113214000 568287 14216
114398000 548176 34378
114550000 550100 32819
116586000 554407 28634
114447000 536333 46739
113201000 557395 25921
114789000 547275 36278
114229000 479958 103712
114403000 488618 95053
116070000 555625 28161
114717000 567019 16866
115427000 563027 20966
116136000 568148 16116
115923000 560083 24202
115253000 564029 20297
114689000 520382 64008
113832000 562937 21636
114287000 522921 61963
116127000 561600 23289
115710000 547260 37735
114251000 556567 28694
116136000 555354 29923
114875000 559485 25822
116957000 538123 47223
116581000 522428 62927
114467000 534055 51437
116317000 563334 22321
115045000 524113 61676
115209000 532013 54090
115951000 548458 37777
115881000 526594 59684
114994000 551577 34916
114464000 482736 103779
116393000 510213 76356
115081000 529931 57386
115864000 508660 78889
115744000 568996 18989
114662000 524568 63535
114152000 541996 46141
114243000 553169 35010
115148000 551558 36621
113223000 565071 23168
114152000 572771 15487
114982000 511969 76630
115877000 573044 16007
114687000 525400 63922
114512000 526039 63461
114041000 555937 33714
116795000 564506 25339
115162000 515170 74708
117116000 532630 57293
115773000 569612 20481
115162000 530269 59864
115139000 510535 79598
117218000 518625 71508
116671000 536736 53411
113281000 527287 63088
116804000 528365 62158
114523000 506908 83873
116553000 533441 57340
116886000 525461 65419
115160000 521956 68925
116181000 547769 43513
114385000 560509 31024
115602000 573164 19492
116517000 542225 50588
114971000 518193 75427
113569000 534001 59633
115225000 538877 54772
115113000 546848 47134
116662000 562862 31283
114453000 548761 45963
115353000 555811 39004
114676000 566762 28055
114881000 568123 26715
114176000 557139 38007
116597000 555799 39733
114632000 576359 19450
115458000 562773 33042
112962000 575118 20734
114211000 553162 43232
115507000 569963 26470
114341000 557896 38724
114658000 558505 38182
112709000 557196 39559
115464000 545232 51592
114087000 537296 59557
114703000 547546 49458
116656000 545870 51185
114029000 543249 53817
116535000 549729 47342
115824000 560640 36536
115408000 546335 50849
117613000 565844 31549
114281000 571507 26154
115888000 546072 51629
115749000 551761 46633
116538000 540462 58101
114461000 546325 52238
115645000 556572 42040
115915000 549318 49392
115603000 551496 47248
115378000 559127 39746
116231000 567962 31369
116229000 574193 26237
114738000 505865 94800
114912000 583729 16995
114876000 580286 20532
117318000 543203 57717
114164000 545393 55626
115073000 551384 49850
114690000 550475 52279
115295000 582330 20636
115020000 573933 29764
116655000 575001 29092
114593000 575332 29294
114562000 575966 29336
114450000 585419 19993
114774000 554921 50742
116790000 576882 29619
114542000 576666 30039
114819000 589689 19859
115724000 577460 32474
115357000 581909 28041
116391000 583339 26686
114222000 579519 30529
116022000 579938 31261
115273000 582029 29301
114956000 572961 38377
115729000 578548 33489
115995000 584287 27761
115737000 587990 25601
114883000 583495 30490
114554000 561353 52809
115639000 588860 25532
115144000 586622 27899
114845000 584879 29655
113815000 590797 23852
114865000 590845 23850
115334000 590077 24855
114037000 577581 37431
115727000 581278 33771
117540000 569306 45803
114783000 596966 18441
115729000 574805 43593
114842000 587988 31238
114888000 591252 27980
115498000 597697 21660
114954000 596112 23957
115054000 579985 40087
116290000 602134 18063
114798000 596298 24438
114097000 580456 40841
115863000 605948 16009
117020000 604111 17876
115559000 605051 17537
115596000 576437 46925
115635000 602815 21054
114149000 597500 26379
115721000 586351 37749
116079000 602230 22617
114244000 578116 46883
116396000 573186 51874
116244000 593980 31158
114194000 582078 43301
116072000 598942 26439
114063000 607601 18096
116045000 610320 16071
116070000 584250 42235
114408000 611941 14684
114778000 558990 67760
114880000 560341 66409
115143000 575353 51397
114000000 608333 18714
115647000 580776 46710
115465000 600062 27589
115142000 601410 26473
114309000 600044 28366
114223000 599869 28856
116995000 592889 35941
115278000 568019 60886
114808000 612558 16376
114553000 610036 19387
114076000 579950 49636
113520000 591239 38374
113970000 599886 29795
114778000 596921 33204
114157000 577086 53334
114745000 610370 20067
115020000 601096 29343
113598000 574570 56147
115808000 588448 42352
115204000 597556 33480
115845000 613455 17661
115945000 585039 46508
115569000 616415 15220
115280000 608152 23656
114078000 579091 52799
116548000 598361 33587
113871000 580739 51250
114720000 599777 32266
114229000 603946 28100
114555000 582531 49688
115937000 583278 48957
117094000 612804 19777
114578000 586979 45955
114975000 613225 20030
115662000 614099 19238
114841000 609845 23956
115827000 588670 45149
115599000 587235 46617
113369000 602735 31651
114208000 608874 25526
115863000 581153 53766
112146000 595697 39281
114246000 582472 52515
116551000 608034 26960
113826000 602799 32789
115611000 592489 43183
117088000 580020 55970
115625000 607473 28875
114892000 605973 30575
116878000 613146 23487
115048000 610464 26359
115482000 617317 19641
114659000 577411 60040
114536000 589615 48608
115119000 610122 28165
116000000 593096 45195
116338000 609645 28921
114825000 611555 28241
117034000 590527 49341
115064000 593119 46959
115901000 609664 31038
114798000 593787 46959
115589000 608462 32579
115084000 603991 37107
114943000 604693 36580
115006000 616182 25251
115632000 611229 30209
114238000 603496 38549
113432000 591455 50809
116163000 597053 45344
114487000 594172 48290
116579000 601638 40964
114332000 592615 50183
115292000 616851 27680
115614000 588012 56758
116213000 605279 40550
114329000 609190 36769
115209000 613606 32429
115173000 592161 53910
115904000 613215 32930
114943000 607216 39185
116440000 618768 28086
114192000 629423 18065
114899000 612139 35403
113407000 619083 28551
115893000 629072 18684
116297000 628022 20070
114812000 628979 20011
115145000 603346 46788
115512000 616310 34495
115159000 629005 22029
115001000 602180 49065
117628000 623631 27796
113502000 611867 39606
116011000 605749 46025
115274000 628695 23328
115950000 622152 29885
114416000 615992 36098
115861000 590987 61134
116869000 612628 39902
115431000 634000 18761
115532000 631258 21536
114584000 631752 22109
114582000 618738 35353
114457000 626057 28811
114818000 583061 71895
115614000 613628 41639
115335000 619183 36301
115137000 623995 31493
114758000 604578 51158
115812000 623324 32412
114239000 589893 66587
115496000 630140 26632
114348000 593745 63077
114362000 594704 62137
116007000 592270 64735
115131000 591728 65279
115448000 590920 66109
115927000 602676 54544
115423000 601699 55741
115151000 614935 42988
114387000 619790 38158
114153000 624810 33152
115685000 626441 32420
115877000 617429 42061
115218000 626962 32753
115535000 636138 23862
115589000 636395 25524
114477000 638164 24063
114059000 615565 47570
115705000 599730 63420
114824000 632545 30900
115178000 611788 52161
115925000 631104 33348
115974000 611188 53282
115091000 637345 27515
114593000 640323 25035
114541000 635969 29460
116276000 598340 67181
114687000 603635 61890
114961000 630489 35208
114798000 619792 46057
114447000 607087 59117
116002000 614826 51384
116090000 633459 32799
115550000 638311 28318
115924000 636906 30299
114164000 606514 60754
113218000 629180 40331
117385000 632775 36890
115117000 617422 52402
115301000 630906 38951
114429000 649764 20274
113868000 642001 28057
115412000 632136 38764
116577000 629940 41594
113768000 629494 43224
115801000 649665 24383
114124000 651716 23075
115738000 638953 37351
115853000 625795 50531
116115000 627617 48739
115502000 643724 32868
114494000 606566 70131
116519000 626766 49935
114768000 629605 47104
115088000 634609 42762
115092000 647591 30145
116397000 620568 57649
114526000 649063 29431
115582000 647262 31237
115114000 626848 52238
114298000 639766 39561
115497000 649255 30329
113218000 636952 43435
113977000 646440 33956
115102000 650243 30412
114978000 649016 31894
115831000 637935 42987
115397000 640591 40401
114441000 652065 28965
116486000 622373 58684
115337000 642873 38244
115917000 633059 48282
114793000 655426 26221
115202000 657205 25021
114664000 649245 33635
117033000 662869 20523
113953000 656095 28017
115150000 648029 36151
115464000 654451 29769
116081000 644867 39510
115394000 650295 34500
114804000 643259 41559
114885000 643856 41031
115234000 634849 50075
113542000 648708 36217
115577000 660654 24295
116517000 628033 57151
115530000 641060 44484
116757000 628445 57689
115273000 667566 19106
116256000 652323 34610
115715000 654868 32096
116736000 623430 63566
115469000 663512 23492
113706000 661936 26414
114221000 664790 25228
117637000 669096 20924
115869000 658447 31946
114470000 651649 39203
114918000 635643 55231
115012000 645708 45166
113380000 671894 20345
116340000 665294 27130
116309000 652195 40580
115498000 638555 54412
113107000 652152 40900
113879000 656108 38456
116202000 623413 71349
115480000 663210 32167
115299000 664791 30813
116454000 670014 25778
116170000 648825 47413
115400000 653255 43079
114496000 618861 77849
115819000 658753 38028
115650000 647102 49702
114517000 653152 43728
115885000 665197 31796
115860000 676454 20813
115545000 664813 34648
116146000 670017 31329
116760000 669442 32147
115961000 667636 34246
115028000 660653 41562
116231000 660576 41736
114444000 680289 23032
114798000 681607 21716
115612000 643085 60325
114586000 648471 54956
115661000 676686 27042
114875000 638594 66663
115100000 655284 51199
116196000 675002 31513
114376000 668718 37830
113990000 687934 18615
115823000 648295 58574
115431000 651534 55451
113721000 676193 30942
114797000 653686 53527
116049000 672793 34530
116007000 654478 52847
114972000 684807 22616
113861000 663921 43578
116692000 656098 51602
114773000 626402 83047
116839000 629989 79472
114148000 640839 68629
116187000 631993 78744
114833000 684553 27028
113935000 659468 52729
115578000 677668 34548
116234000 693580 18648
114984000 690214 23438
113781000 694078 19695
115662000 695188 18903
115245000 684131 29994
116598000 692823 21793
113272000 681167 33578
112996000 674997 39969
117387000 673359 41658
115171000 655517 60381
115286000 675406 40520
114770000 683356 32721
115803000 654646 61585
116050000 654029 62219
113901000 659791 56718
114826000 667883 48923
115077000 665885 51129
116773000 679194 38491
115018000 632930 84993
116620000 688532 29497
116325000 701560 16779
114259000 692426 25960
115718000 695680 22968
116921000 625635 93121
114046000 697717 21752
115681000 699295 20213
116554000 701738 18465
114594000 680831 39501
114356000 675538 44795
114914000 662517 58295
114451000 673074 48266
116743000 673993 47454
114698000 652663 68905
114461000 681141 40593
113221000 671640 50303
115906000 679596 42462
115567000 638923 83162
114703000 657564 64576
115280000 684378 37789
114875000 664288 58296
114370000 690338 32332
113987000 696131 26719
114260000 663297 59713
117088000 675116 47896
113698000 677685 45335
115917000 673309 49718
115760000 638682 84491
115337000 667731 55457
116286000 704149 19151
115591000 694571 28872
115505000 677297 46237
116105000 654072 69478
115785000 703822 19834
113858000 689291 34378
113201000 691215 32624
113990000 658057 65907
116336000 699670 24682
114099000 673721 50860
115607000 680988 44248
116057000 625806 99838
116504000 648580 77112
115767000 664326 61383
116677000 652935 72868
114452000 639588 86301
115822000 626223 99694
115318000 696003 30244
115907000 666216 60369
116129000 705002 21930
114123000 704540 23234
115702000 635477 92580
116595000 655549 72509
113129000 629740 98338
114069000 666134 61961
114518000 671554 56559
114894000 682767 45362
116542000 704432 23860
114796000 665626 62686
116274000 666086 62237
114518000 657127 71199
114319000 661248 67297
114960000 666127 62433
114591000 693753 34856
117544000 650778 77840
115461000 699952 28682
114149000 688732 39948
114333000 673782 54948
114930000 659838 68893
114001000 656800 71931
115350000 686541 42191
113846000 626170 102710
116062000 672568 56703
114267000 653255 76126
116676000 624659 104790
117293000 654212 75742
114336000 667928 62052
114732000 660814 69203
114092000 665878 64141
114888000 628904 101710
113449000 633919 97390
116497000 632734 98584
115307000 634632 96689
117111000 651276 80151
115177000 647315 84203
114508000 648909 82861
115315000 690867 42573
115445000 698312 35175
114290000 705931 27705
114306000 707214 27081
115420000 709885 24599
115883000 645534 89280
115391000 712844 22066
115851000 716879 18166
115134000 714853 20372
115175000 717804 18301
115116000 700191 36087
114766000 693245 43386
113973000 711958 24986
115033000 701422 36191
115195000 699801 38196
115729000 676930 61534
115847000 719220 20780
115076000 722560 17468
114948000 707997 32195
114913000 711787 28875
116822000 698272 42439
115252000 689503 51280
113936000 716793 24056
113843000 673540 67586
115016000 719887 21519
115235000 718868 22566
115094000 701016 40455
115014000 713865 28675
114855000 669748 72920
112608000 691171 51879
116420000 713992 29075
113657000 724983 18366
114862000 722468 21143
115071000 723051 20672
115755000 710031 33973
117012000 683360 60912
114770000 701354 43289
113967000 708940 35888
115064000 726476 18371
113251000 705928 39046
115243000 701496 44248
114680000 725756 21426
115534000 688279 59360
115015000 689852 57789
115226000 731857 16047
115906000 732400 16434
114991000 722211 26947
114350000 723541 25752
115441000 733329 16251
114984000 716145 33552
116145000 699791 50122
115206000 703707 46294
113988000 729666 20345
115316000 707911 42135
115531000 732249 17997
113726000 732853 17637
116093000 720353 30623
116508000 719050 32270
116271000 724723 26618
113973000 702438 49013
118115000 702654 48829
115081000 680784 71023
114437000 675456 76351
113641000 702151 50722
113830000 694580 58356
115551000 706980 45985
113954000 732086 20879
113455000 715361 37748
114468000 708163 45294
114490000 709593 43887
114588000 730242 23670
114672000 724616 29719
114662000 682752 71622
114810000 664651 89723
115048000 715226 39405
115823000 739161 15951
116035000 741319 13825
114464000 727901 27549
116238000 729608 26018
115468000 719105 36684
113599000 715564 41058
115893000 715133 41489
114809000 734119 22834
115661000 720132 36830
115206000 733120 24287
114797000 713098 44439
114940000 710047 47914
115915000 713412 44583
115697000 737219 20886
116265000 717335 40892
116349000 702274 56052
115344000 716629 42338
115411000 726973 32537
115135000 701453 58067
114715000 728504 31314
116947000 741895 18500
116833000 711549 49238
114111000 725221 35578
116271000 713140 47679
115546000 742092 18781
113990000 716218 44658
115768000 724120 36901
115134000 728316 32838
115094000 737935 23611
115979000 717476 44552
115390000 716676 45354
114793000 727445 34871
115808000 715264 47253
115234000 714742 47802
115075000 718881 43665
113856000 742194 20637
113886000 717696 45224
114573000 702952 60213
114552000 719017 44355
116344000 724286 39557
115062000 726995 36856
115105000 744647 19341
116236000 732923 31309
114213000 693402 70976
115010000 744595 20271
115321000 727855 37351
114511000 688009 77235
115212000 716987 48719
115024000 717910 47841
117476000 726726 39052
114939000 693456 72372
115809000 741460 24491
114232000 728716 37296
114016000 697513 68684
114308000 686711 79507
115153000 728577 37951
116119000 747342 19655
114805000 746060 21481
114813000 722552 45423
114673000 720587 47433
115340000 702881 65186
114842000 716170 52304
114795000 745243 23950
116018000 722728 46555
115132000 749004 20296
116974000 752974 16671
115251000 728670 41525
117625000 748233 22441
115829000 729247 42623
115386000 751165 20809
114491000 755400 16576
114789000 740158 31898
115496000 725216 46887
116268000 752227 19919
114672000 757148 15245
114694000 743177 29265
114274000 702917 69726
115689000 703203 69449
114572000 757319 15369
115919000 734040 38970
114656000 732974 40041
115068000 728379 44636
115090000 734511 38872
114423000 744376 29364
114645000 733652 40143
115420000 737966 36023
115231000 744814 29301
117410000 748193 26319
115424000 732311 42213
114847000 751046 23607
115172000 743596 31106
114283000 737649 37130
115343000 708317 66506
114498000 721678 53157
116725000 709025 65864
117793000 695255 79643
113998000 729584 46393
114024000 751107 24900
114392000 726066 50189
114879000 727696 48714
115507000 740337 36100
114483000 753803 22757
115665000 732863 44042
115723000 747801 29161
113477000 741075 36223
114449000 733919 43726
114327000 751980 25710
114992000 733239 44452
115687000 722130 55573
115319000 727976 49799
114006000 715161 62615
114525000 714620 63156
114346000 728652 49177
114712000 738435 39395
114488000 750972 26981
115360000 747810 30212
114013000 741848 36191
116520000 739358 38816
118181000 749783 28484
115203000 753939 25577
115253000 750000 29871
115005000 727493 52784
113711000 741259 39154
116442000 755181 25291
115433000 760170 20876
114052000 737612 43459
114683000 736978 44101
114592000 731218 50812
114336000 758928 23555
114063000 754995 27599
114787000 764182 18454
115176000 746887 35768
116634000 735671 47061
114021000 765261 17987
114613000 737380 46083
114510000 740390 43103
114893000 765215 18351
114569000 759840 23783
114765000 765627 18465
114861000 749367 35353
115551000 745650 39261
116245000 755171 30271
116435000 750057 35756
114867000 768837 18905
116021000 770930 16878
115025000 771049 16770
115731000 771359 16520
114318000 771041 16954
115289000 753451 35242
115237000 749507 39186
114736000 742377 47768
115823000 761294 28899
116223000 747246 43031
116048000 765217 25984
115961000 768647 22741
115418000 752164 39740
116773000 750210 42825
115830000 743428 50424
116118000 758011 36080
115823000 753819 40380
116201000 766240 28136
115929000 760239 35126
115720000 765843 30525
115086000 758903 37496
115841000 752656 44555
115872000 774621 22765
115774000 763711 34069
114731000 768459 29538
116675000 769749 28332
115906000 751740 46846
114819000 757050 41973
114342000 757108 42255
115334000 770952 28658
114471000 775575 24572
113726000 756411 44303
116482000 764017 37126
114897000 773586 27905
115463000 781296 22050
115095000 783413 19977
116028000 763709 39843
116239000 771371 32373
115261000 782418 21396
113797000 783184 20731
112771000 772469 31543
115224000 785328 19764
114994000 759808 46191
113295000 777952 28370
114486000 778031 28574
116268000 750164 56523
114946000 749394 57422
114271000 786313 21272
114744000 773949 35062
116638000 785936 23226
115888000 776800 32860
115824000 782649 29393
113684000 789525 22628
113737000 797794 15118
114695000 780147 33566
115030000 785372 28973
115656000 783345 31681
114128000 773364 41662
114293000 776594 38851
113405000 799504 16854
117462000 792410 24294
115906000 787438 29530
115251000 784752 32413
114852000 768945 48482
115274000 770262 47330
114341000 771968 46056
114437000 772806 45527
115949000 779957 38914
114799000 770691 48751
115308000 772538 46905
114614000 782314 37131
116568000 791405 30318
115390000 770050 51675
114596000 804509 17393
114170000 792366 30648
115524000 776797 46948
113874000 785546 39457
116086000 784644 40437
115114000 791097 34063
115215000 790885 34363
114645000 792080 33233
115299000 789921 35430
115816000 788365 37059
114705000 804199 21719
114686000 803172 22959
115555000 793862 32756
115714000 781388 45739
114778000 802518 24680
116553000 810705 16731
115672000 809332 18452
114356000 798632 29381
115551000 799538 28507
115327000 798531 29780
115620000 804398 24364
114954000 796549 32234
114105000 791208 37684
114448000 795561 33766
113372000 814328 15585
115050000 810751 19174
115298000 752162 78845
117025000 749676 81355
114948000 763332 68074
115382000 778324 53709
115080000 802450 29682
114818000 804341 27990
115122000 804830 27553
115530000 768020 64395
115728000 812630 19828
116150000 769220 63451
115318000 769017 63655
116503000 801380 31306
114175000 785773 47446
116653000 799291 34737
115013000 773762 60266
114998000 788824 45223
116112000 778965 55104
115407000 793351 40731
115843000 798101 35993
114191000 787666 46469
114956000 787704 46759
114039000 767970 67081
115020000 810646 25106
116595000 814185 21582
114067000 812279 24499
113999000 812545 24273
116214000 811760 25131
114817000 800660 37148
114884000 805178 32885
115293000 783583 54874
114415000 785373 53502
115229000 813647 25923
115338000 804424 35200
114565000 811151 30026
113341000 781687 59602
114974000 784119 57461
115015000 796019 45578
114615000 776304 65775
113419000 811787 30344
114968000 809802 33125
115823000 777916 65079
113833000 802756 41606
114117000 802187 42186
113590000 795636 49582
112841000 767232 78143
115921000 802543 42983
115601000 772990 72927
113558000 782716 63204
114015000 806612 39417
114494000 823755 22484
115139000 810593 35864
113797000 824979 21614
116184000 826421 20875
114723000 807842 40449
114305000 807591 40703
114764000 776229 72106
116052000 770815 77736
114099000 814051 35423
114601000 788273 61816
114720000 818229 31963
115409000 768896 81376
115984000 809804 40502
114812000 802298 48611
115407000 805031 46007
116829000 798493 52885
113179000 819049 32440
115786000 832214 19412
114665000 832408 19319
114980000 825347 26557
112857000 822005 29914
115263000 829223 22715
114367000 821627 30377
114434000 818598 33407
113958000 808727 43355
114134000 829897 22219
117458000 823088 29137
117130000 823518 28707
114057000 827454 24955
115348000 833077 19491
115173000 839566 13859
115104000 836889 16618
116118000 813478 40038
116204000 826410 27436
115247000 805418 48558
115515000 830049 23984
116841000 828065 26008
115715000 824055 30344
115911000 810353 44063
117306000 820737 33682
115611000 805721 48731
115421000 826748 27779
114962000 816143 38453
115974000 826302 28300
117885000 813989 40743
114948000 823899 31000
113549000 798431 56477
115143000 804653 50483
115356000 828797 26357
113159000 802671 52525
116669000 800862 54355
115430000 807762 47455
114051000 807582 47743
115105000 813347 41984
114241000 829593 25778
113729000 819873 35977
113934000 822520 33545
114818000 826307 29968
115090000 771915 84606
115071000 779300 77233
114937000 815531 41208
114840000 819151 37588
114589000 806553 50328
115299000 838106 19061
113831000 817501 39730
114054000 826951 30316
114970000 808173 49218
114020000 832354 25100
115667000 786973 70513
115481000 780555 76931
114361000 816986 40503
113921000 792964 64526
114340000 795932 61559
116319000 803972 53521
114515000 825931 31568
114175000 837596 20110
114984000 823488 36135
117061000 829650 29994
115307000 835497 24158
115031000 830485 29662
116293000 828599 31625
115548000 807563 53007
115727000 825684 35006
114954000 838911 21864
114492000 808714 52062
115276000 823724 37054
114702000 803659 57121
115118000 843141 17821
115657000 835563 25555
115237000 833613 27833
116439000 843887 17921
113827000 809378 52459
114733000 843826 18082
116570000 836420 25598
115081000 824870 37578
113154000 821232 41349
115748000 841158 21587
113956000 829271 33480
115685000 814789 48020
115327000 832277 30536
114997000 848815 14003
114027000 819754 43073
114198000 826211 36908
115089000 841773 21532
114003000 789091 74289
115707000 841040 22519
114129000 806866 56739
114905000 848390 15898
115781000 848878 16099
114842000 825316 40072
115145000 822265 44252
114899000 827412 39134
116042000 812942 53872
115379000 829201 37805
115812000 797852 69185
116285000 805392 61648
115514000 838448 28638
114322000 845494 21827
116798000 856386 10960
115690000 840389 27088
113732000 825387 42093
115444000 850411 17080
114775000 850275 17292
116170000 852384 15564
114071000 838441 29576
115162000 852345 15778
114925000 846017 22441
115494000 853331 15139
117042000 847310 21277
114839000 838600 30440
114830000 853612 15654
112997000 842838 26651
114723000 836483 33159
115975000 822748 46989
114869000 853564 16242
116701000 832242 37666
113875000 804707 65275
112604000 855983 14423
114684000 843283 27131
115236000 848727 21701
115176000 851004 19501
116620000 837054 33665
115558000 834466 36291
115157000 836970 34007
113952000 849842 21419
114276000 833527 37748
114907000 843449 27863
113411000 823465 47872
115716000 829885 41961
113835000 794818 77034
116695000 849290 22611
115345000 845331 26702
115127000 772739 99531
116163000 773252 99020
115605000 776734 95554
115792000 786069 86768
115231000 786452 86385
113991000 828740 44392
113955000 830070 43182
114026000 845132 28355
115087000 854067 19432
115424000 841457 32115
113557000 853178 20427
113801000 841208 32683
114654000 850036 24287
115206000 835288 39057
115066000 802230 72399
115394000 845318 29832
114114000 850001 25172
114608000 849540 25647
116705000 832584 42790
116430000 827269 48490
114593000 857067 19166
114365000 854817 21605
114271000 848175 28261
115266000 838979 37464
112533000 861075 15569
114612000 815782 61178
115864000 792512 84756
115947000 780548 96937
115245000 782618 95024
113810000 811853 65790
113608000 848903 28741
114690000 817218 60427
115110000 823802 54177
115799000 852902 26080
115164000 850321 28661
115739000 852039 28383
115631000 835947 44825
114974000 835531 45242
115381000 840992 39782
115116000 843249 37553
114216000 856516 25625
115257000 864619 17952
115538000 863750 18884
115793000 862723 20329
114769000 838130 45252
115494000 850749 32678
117165000 860754 22899
113303000 848797 34921
114895000 856860 27050
116987000 859483 24747
115324000 861325 23247
114106000 836638 47934
114699000 856464 28779
112529000 858233 27868
115084000 840684 45632
113787000 854558 31772
115329000 868783 18091
115203000 868491 18397
115258000 861346 26044
117165000 869336 18593
116122000 870812 18272
113257000 873224 18547
115642000 874782 17045
115194000 864434 27491
114935000 863613 28332
114199000 873591 18584
115140000 870968 21277
115321000 868218 24488
116102000 856985 36918
114528000 864454 30683
117686000 868896 26315
114547000 872338 23564
115111000 869944 26005
115377000 872271 24394
117477000 867992 28745
113011000 865579 31376
115542000 873327 23689
116453000 870952 26128
115501000 863599 34420
114312000 865643 32582
114095000 874743 23971
116028000 877766 21254
116346000 879430 20315
115809000 866234 33616
115028000 874081 25921
115665000 874178 27125
115979000 875185 26175
115712000 866739 34696
116737000 877449 24088
114877000 882420 19293
115028000 877006 24728
116130000 870531 31360
113623000 871081 30810
116156000 875768 26126
114719000 865743 36313
117080000 883291 19032
114326000 865187 37605
115986000 869955 32837
116033000 866957 36046
114310000 867933 35217
116938000 876625 26636
116519000 881109 22152
114709000 867298 36182
115397000 871131 32406
115834000 883329 20386
117942000 878742 25317
115861000 865485 38645
113597000 864675 39513
115393000 868671 35527
114286000 869076 35155
115043000 871399 33025
114618000 872325 32630
116016000 871999 32985
113910000 881694 23413
115178000 880830 24449
116917000 881166 25126
114694000 882467 23888
114025000 882738 23941
113810000 879213 28940
114470000 887312 21868
116150000 887711 22715
115811000 884287 26297
114513000 877804 32867
115019000 885368 25472
114493000 871507 40520
116610000 886753 26638
115206000 880498 33116
115230000 864638 49388
114305000 887172 27233
115740000 898503 16045
116769000 891220 23338
114940000 895038 19778
116255000 878606 36407
114725000 889998 26645
115963000 865341 51454
115814000 870407 46435
116618000 885234 31740
114409000 891838 25391
114835000 876212 41669
114071000 874366 43594
114347000 869867 48174
114186000 872882 45165
115605000 870926 47121
115245000 893553 24514
116526000 888874 29463
112812000 866970 51440
114943000 877498 40928
113592000 879150 40123
112707000 879131 40380
115679000 881699 38724
114703000 881395 39107
114909000 899300 21463
113212000 889931 31121
115309000 883462 37591
115843000 902443 18700
115471000 907606 13990
115028000 888617 33033
114569000 900128 21535
114897000 883827 37918
114649000 897751 24618
114735000 898539 24415
113902000 903728 19955
112995000 906513 17613
116928000 903562 20869
114151000 877434 47340
114190000 906477 18434
114460000 902598 22473
114913000 890692 34387
115887000 897769 27580
115709000 883769 41671
114353000 896431 29010
113881000 885521 39926
114866000 884374 41439
115120000 884731 41083
115560000 887628 38301
115271000 896085 30845
115570000 907267 19708
114979000 911260 15741
114804000 909087 17942
115863000 899945 27357
115504000 889566 38475
116118000 905899 22376
113944000 914959 13940
116095000 894430 34699
115098000 902605 26529
114808000 911082 18279
114591000 889462 40406
115800000 900802 29216
115205000 881636 48483
113844000 907236 22887
113111000 899302 30899
115029000 877912 52380
115489000 916086 14331
115831000 916342 14099
115329000 911969 18922
116674000 908920 22117
116427000 891557 39628
113212000 899691 31783
116717000 902451 29204
115089000 888582 43476
114928000 889133 43136
115628000 900083 32332
115000000 918384 14138
114302000 915997 16580
115652000 918968 14031
115442000 916754 16636
115518000 916243 17361
116258000 912055 21588
115568000 918660 15978
113490000 914204 20528
114464000 916254 19401
114894000 921010 14688
114234000 908743 27292
115664000 910972 25069
114387000 904969 31327
116167000 893488 43144
114464000 913428 23310
114408000 915021 22989
115488000 920506 18731
114798000 914974 24361
115038000 907824 31679
115328000 917922 21668
116412000 920856 18977
115104000 905246 34915
115742000 922366 17869
115000000 909807 30436
116691000 900117 40132
115015000 911207 29042
115530000 897245 43004
115090000 898581 41846
114249000 922790 18172
115514000 894879 47113
115803000 919838 22737
116113000 919072 23611
115083000 925866 16897
115881000 916940 25869
114641000 921385 22710
114599000 924630 19607
115146000 914979 30487
112916000 915987 29966
115616000 903073 43113
114688000 886266 60689
113342000 918118 29061
115545000 861767 85734
115182000 919890 27733
115738000 922420 25203
115533000 897344 50332
113733000 896069 51608
114729000 928855 19411
116516000 922593 26451
114455000 870953 78160
116172000 929030 20589
115723000 934424 15402
114150000 894893 55108
114498000 895105 54901
114691000 887772 62771
114925000 912532 38125
115260000 885109 65601
113893000 919618 32050
116348000 886252 65470
115668000 890755 60968
114639000 907675 44064
116020000 920551 31435
114961000 917276 34793
115717000 931487 21400
115840000 933448 19497
115740000 889917 63526
115021000 919181 34265
115558000 910567 42896
115181000 918078 35387
114513000 914555 38913
115012000 908801 44777
115373000 925522 28573
114547000 927159 27034
114333000 913840 40429
116033000 913442 40827
115324000 936148 18281
115338000 902049 52489
115702000 891470 63069
116686000 893546 61177
114666000 891626 63519
112445000 919477 35797
114880000 899162 56123
115879000 902856 52458
114238000 888817 66507
116751000 885530 69845
115838000 899505 55878
115586000 901987 53410
115928000 914297 41111
113640000 893125 62430
115558000 927732 28414
115785000 906105 50334
115675000 928023 28634
113649000 925521 31452
115113000 926960 30807
114420000 929668 28235
116403000 926782 31349
114161000 896856 62708
114484000 886891 73260
112578000 874637 85809
115106000 875369 85084
114899000 933514 27076
115843000 932670 27946
115818000 924612 36021
116029000 936621 24127
114492000 932694 28420
114339000 927426 34470
114449000 934128 28193
115761000 930763 32177
116173000 938049 25417
115973000 936542 26980
115582000 939608 24250
115167000 931966 31965
114700000 935889 29088
116122000 932256 32781
116478000 943709 22468
113938000 919535 47551
114749000 939060 29235
116342000 933839 34514
116679000 928504 44201
115843000 943981 31044
114111000 938738 36306
115404000 940827 34231
113984000 923201 52561
115228000 886741 89021
116739000 892595 83169
115702000 904891 70873
114077000 936209 39557
116548000 913240 62580
115107000 943460 34516
114316000 947485 30524
113910000 954515 23540
114110000 954091 24103
113876000 941210 37221
114551000 948022 31382
116236000 959438 20495
114741000 862851 117561
115392000 955688 25227
113873000 936544 44720
116718000 944517 36864
115743000 960980 21017
114844000 944790 37285
115395000 948128 34048
115028000 948134 34304
113093000 959038 23478
115170000 950252 32372
115979000 947090 35568
114807000 939886 42931
113074000 942858 41561
116034000 946891 37994
115126000 946561 38779
114699000 965379 20278
115703000 951989 34197
113108000 948272 38548
115862000 955257 31563
114144000 966064 22250
115315000 948853 39546
115662000 962583 26784
114758000 964799 24627
115095000 942707 46945
115298000 948858 41547
114710000 959954 31179
116348000 968664 22612
113009000 949266 42048
114414000 950952 40476
116005000 967830 25379
116303000 954117 41887
117381000 937172 58859
115673000 939643 56390
115171000 977432 18880
114368000 966688 29812
115034000 962357 34371
115148000 956235 40497
115321000 953099 43788
113580000 947591 49302
115996000 963887 33010
115387000 959787 37320
115677000 967210 30073
115711000 974561 22845
113830000 968732 29220
115882000 876426 121546
116619000 960253 38014
114557000 972725 26329
116281000 939352 59799
115776000 947668 51769
114188000 923590 76340
