nday dem circ circq pack
1 18.517 18.348 0.158 0.011
1 23.654 22.350 1.292 0.012
1 21.993 21.354 0.625 0.014
1 13.550 13.538 0.000 0.012
1 11.827 11.175 0.637 0.015
1 13.162 13.148 0.000 0.013
1 11.828 11.175 0.641 0.013
1 11.831 11.175 0.645 0.011
1 7.089 7.076 0.000 0.013
1 19.838 19.826 0.000 0.012
1 23.663 22.350 1.301 0.012
1 23.201 22.350 0.841 0.011
1 7.427 7.412 0.000 0.015
1 11.854 11.175 0.669 0.010
1 14.006 13.337 0.659 0.011
1 14.071 13.420 0.637 0.014
1 11.839 11.175 0.651 0.014
1 7.546 7.536 0.000 0.011
1 0.014 0.000 0.000 0.014
1 0.013 0.000 0.000 0.013
1 0.012 0.000 0.000 0.012
1 0.012 0.000 0.000 0.012
1 0.011 0.000 0.000 0.011
1 0.013 0.000 0.000 0.013
1 0.012 0.000 0.000 0.012
1 0.014 0.000 0.000 0.014
1 5.576 5.564 0.000 0.012
1 19.187 18.512 0.663 0.012
1 23.633 22.350 1.270 0.013
1 15.929 15.290 0.625 0.014
1 22.419 22.405 0.000 0.014
2 23.667 22.200 1.454 0.013
2 23.676 22.200 1.465 0.012
2 12.096 11.326 0.756 0.014
2 14.418 13.673 0.733 0.012
1 20.601 19.936 0.652 0.013
1 11.829 11.175 0.641 0.013
1 7.131 7.118 0.000 0.013
1 0.014 0.000 0.000 0.014
1 0.012 0.000 0.000 0.012
1 0.013 0.000 0.000 0.013
1 0.014 0.000 0.000 0.014
1 8.805 8.792 0.000 0.013
1 11.833 11.175 0.645 0.013
1 11.834 11.175 0.647 0.012
1 4.894 4.880 0.000 0.014
1 11.826 11.175 0.637 0.014
1 11.828 11.175 0.641 0.012
1 5.738 5.728 0.000 0.010
1 0.013 0.000 0.000 0.013
1 0.011 0.000 0.000 0.011
1 0.016 0.000 0.000 0.016
1 0.012 0.000 0.000 0.012
1 0.012 0.000 0.000 0.012
1 0.013 0.000 0.000 0.013
1 0.322 0.309 0.000 0.012
1 19.941 19.292 0.636 0.013
1 23.650 22.350 1.288 0.012
1 21.247 20.577 0.659 0.011
1 3.904 3.892 0.000 0.012
1 11.830 11.175 0.643 0.013
1 11.819 11.175 0.631 0.013
1 7.389 7.377 0.000 0.012
1 0.012 0.000 0.000 0.012
1 0.013 0.000 0.000 0.013
1 0.013 0.000 0.000 0.013
1 5.136 5.123 0.000 0.013
1 11.835 11.175 0.651 0.009
1 11.832 11.175 0.642 0.015
2 13.013 12.266 0.735 0.012
1 23.649 22.350 1.288 0.011
1 23.650 22.350 1.290 0.011
1 10.971 10.959 0.000 0.012
1 7.234 7.220 0.000 0.014
1 11.825 11.175 0.637 0.013
1 11.830 11.175 0.641 0.014
1 2.499 2.486 0.000 0.013
1 0.014 0.000 0.000 0.014
1 0.015 0.000 0.000 0.015
1 0.012 0.000 0.000 0.012
1 0.012 0.000 0.000 0.012
1 0.013 0.000 0.000 0.013
1 10.657 10.644 0.000 0.013
1 11.829 11.175 0.643 0.012
1 10.884 10.872 0.000 0.012
1 10.926 10.913 0.000 0.014
1 11.833 11.175 0.645 0.013
1 10.615 10.602 0.000 0.013
1 1.286 1.273 0.000 0.014
1 11.827 11.175 0.639 0.014
1 11.831 11.175 0.645 0.011
2 11.440 11.100 0.328 0.012
1 11.827 11.175 0.639 0.013
1 20.472 19.818 0.641 0.012
1 30.325 29.054 1.258 0.013
1 23.637 22.350 1.275 0.012
1 10.804 10.791 0.000 0.013
1 0.013 0.000 0.000 0.013
1 0.472 0.459 0.000 0.013
1 11.832 11.175 0.647 0.011
1 11.822 11.175 0.634 0.012
1 11.816 11.805 0.000 0.011
1 11.840 11.175 0.655 0.011
1 11.830 11.175 0.643 0.013
1 7.138 7.126 0.000 0.012
1 0.012 0.000 0.000 0.012
1 0.014 0.000 0.000 0.014
1 0.011 0.000 0.000 0.011
1 0.012 0.000 0.000 0.012
1 0.013 0.000 0.000 0.013
1 0.012 0.000 0.000 0.012
1 8.189 8.178 0.000 0.011
1 22.747 22.092 0.643 0.012
1 23.641 22.350 1.279 0.013
1 12.139 12.126 0.000 0.013
1 8.689 8.677 0.000 0.012
1 11.835 11.175 0.647 0.014
1 21.564 20.911 0.641 0.012
1 29.543 28.887 0.644 0.012
2 35.459 33.300 2.148 0.011
2 23.672 22.200 1.458 0.014
2 13.102 12.335 0.757 0.010
2 11.848 11.100 0.737 0.011
1 21.599 21.586 0.000 0.013
1 11.837 11.175 0.649 0.012
1 19.629 19.618 0.000 0.011
1 11.811 11.175 0.621 0.015
1 16.709 16.060 0.637 0.013
2 21.168 20.243 0.795 0.131
2 23.689 22.200 1.479 0.010
2 16.674 15.906 0.757 0.011
2 11.872 11.100 0.760 0.013
2 22.236 21.469 0.753 0.014
2 34.035 32.720 1.301 0.014
2 35.479 33.300 2.169 0.011
3 35.501 33.075 2.414 0.013
2 25.431 23.931 1.489 0.011
2 20.841 20.087 0.742 0.012
1 11.844 11.175 0.657 0.012
1 4.250 4.238 0.000 0.012
1 11.535 11.175 0.346 0.014
1 13.916 13.277 0.625 0.014
1 21.842 21.188 0.643 0.012
1 11.817 11.175 0.629 0.013
1 7.625 7.610 0.000 0.014
1 0.013 0.000 0.000 0.013
1 3.532 3.519 0.000 0.012
1 23.610 22.350 1.246 0.014
1 23.659 22.350 1.298 0.011
1 15.917 15.905 0.000 0.012
1 0.012 0.000 0.000 0.012
1 8.094 8.083 0.000 0.011
1 18.767 18.114 0.641 0.012
1 23.625 22.350 1.262 0.013
2 23.653 22.200 1.442 0.011
1 14.608 13.952 0.643 0.013
2 11.821 11.100 0.709 0.013
2 11.823 11.100 0.710 0.013
1 11.821 11.175 0.633 0.013
1 11.093 11.079 0.000 0.013
1 11.829 11.175 0.643 0.011
1 11.845 11.175 0.658 0.012
1 7.839 7.827 0.000 0.013
1 4.487 4.477 0.000 0.010
2 18.604 17.866 0.728 0.010
2 23.688 22.200 1.477 0.011
