nze be neph bph nzph50 nzph90 bph50 bph90
50 2 7 1 6 7 0 1
48 2 7 1 6 7 0 1
47 2 7 1 6 7 0 1
50 2 7 1 6 7 0 1
51 1 7 1 7 7 0 1
52 2 7 1 7 7 0 1
51 1 7 1 7 7 0 1
51 1 7 1 7 7 0 1
50 1 7 1 6 7 0 1
50 2 7 1 6 7 0 1
50 2 7 1 6 7 0 1
50 2 7 1 7 7 0 1
52 1 7 1 7 7 0 1
43 1 7 1 6 7 0 1
48 2 7 1 6 7 0 1
54 2 7 1 7 7 0 1
53 1 7 1 7 7 0 1
49 1 7 1 6 7 0 1
47 0 7 0 6 7 0 0
51 0 7 0 6 7 0 0
51 0 7 0 7 7 0 0
49 0 7 0 7 7 0 0
51 0 7 0 7 7 0 0
51 0 7 0 6 7 0 0
47 0 7 0 6 7 0 0
54 0 7 0 7 7 0 0
47 1 7 1 6 7 0 1
49 2 7 1 6 7 0 1
53 2 7 1 7 7 0 1
51 2 7 1 7 7 0 1
52 3 7 1 7 7 0 1
54 3 7 2 7 7 0 1
51 3 7 2 7 7 0 1
56 2 7 2 7 7 0 1
54 3 7 2 7 7 0 1
47 2 7 1 6 7 0 1
51 1 7 1 7 7 0 1
51 1 7 1 6 7 0 1
54 0 7 0 7 7 0 0
49 0 7 0 6 7 0 0
51 0 7 0 7 7 0 0
49 0 7 0 6 7 0 0
51 1 7 1 6 7 0 1
54 1 7 1 7 7 0 1
49 1 7 1 6 7 0 1
53 2 7 1 7 7 0 1
51 1 7 1 6 7 0 1
52 1 7 1 7 7 0 1
46 1 7 1 6 7 0 1
54 0 7 0 7 7 0 0
48 0 7 0 6 7 0 0
54 0 7 0 7 7 0 0
48 0 7 0 6 7 0 0
50 0 7 0 6 7 0 0
53 0 7 0 7 7 0 0
49 0 7 0 6 7 0 0
51 2 7 1 7 7 0 1
47 2 7 1 6 7 0 1
48 2 7 1 6 7 0 1
50 2 7 1 6 7 0 1
52 1 7 1 7 7 0 1
53 1 7 1 7 7 0 1
50 1 7 1 6 7 0 1
47 0 7 0 6 7 0 0
53 0 7 0 7 7 0 0
50 0 7 0 6 7 0 0
49 1 7 1 6 7 0 1
44 1 7 1 6 7 0 1
50 1 7 1 7 7 0 1
50 3 7 2 6 7 0 1
50 2 7 1 6 7 0 1
48 2 7 1 6 7 0 1
49 2 7 1 6 7 0 1
48 1 7 1 6 7 0 1
49 1 7 1 6 7 0 1
52 1 7 1 7 7 0 1
48 1 7 1 6 7 0 1
50 0 7 0 6 7 0 0
50 0 7 0 7 7 0 0
48 0 7 0 6 7 0 0
49 0 7 0 6 7 0 0
48 0 7 0 6 7 0 0
50 1 7 1 6 7 0 1
50 1 7 1 7 7 0 1
50 1 7 1 6 7 0 1
49 1 7 1 6 7 0 1
49 1 7 1 6 7 0 1
50 1 7 1 6 7 0 1
51 1 7 1 7 7 0 1
51 1 7 1 7 7 0 1
50 1 7 1 7 7 0 1
48 2 7 2 6 7 0 1
51 1 7 1 7 7 0 1
50 3 7 1 6 7 0 1
51 3 7 1 6 7 0 1
49 2 7 1 6 7 0 1
48 2 7 1 6 7 0 1
48 0 7 0 6 7 0 0
50 0 7 0 6 7 0 0
49 1 7 1 6 7 0 1
49 1 7 1 6 7 0 1
46 2 7 1 6 7 0 1
48 1 7 1 6 7 0 1
50 1 7 1 6 7 0 1
48 1 7 1 6 7 0 1
51 0 7 0 6 7 0 0
52 0 7 0 7 7 0 0
49 0 7 0 6 7 0 0
50 0 7 0 6 7 0 0
50 0 7 0 6 7 0 0
52 0 7 0 7 7 0 0
51 1 7 1 7 7 0 1
50 2 7 1 6 7 0 1
50 2 7 1 6 7 0 1
51 2 7 1 6 7 0 1
51 1 7 1 7 7 0 1
53 1 7 1 7 7 0 1
49 2 7 1 6 7 0 1
52 4 7 1 7 7 1 1
51 4 7 2 7 7 0 1
52 3 7 2 7 7 0 1
49 3 7 2 6 7 0 1
51 2 7 2 7 7 0 1
50 2 7 1 6 7 0 1
54 1 7 1 7 7 0 1
53 2 7 1 7 7 0 1
54 1 7 1 7 7 0 1
50 2 7 1 6 7 0 1
52 3 7 2 7 7 0 1
50 3 7 2 6 7 0 1
47 3 7 2 6 7 0 1
50 2 7 2 6 7 0 1
55 3 7 2 7 7 0 1
55 5 7 2 7 7 1 1
49 4 7 2 7 7 0 1
50 5 7 2 6 7 1 2
48 4 7 2 6 7 0 1
51 3 7 2 7 7 0 1
51 1 7 1 7 7 0 1
48 1 7 1 6 7 0 1
51 1 7 1 7 7 0 1
52 2 7 1 7 7 0 1
49 2 7 1 6 7 0 1
49 1 7 1 7 7 0 1
54 1 7 1 7 7 0 1
52 0 7 0 7 7 0 0
51 2 7 1 7 7 0 1
53 2 7 1 7 7 0 1
50 2 7 1 6 7 0 1
50 2 7 1 7 7 0 1
54 0 7 0 7 7 0 0
48 1 7 1 6 7 0 1
52 2 7 1 7 7 0 1
49 2 7 1 6 7 0 1
48 3 7 2 6 7 0 1
50 2 7 1 6 7 0 1
50 2 7 2 7 7 0 1
53 1 7 1 7 7 0 1
52 1 7 1 7 7 0 1
50 2 7 1 6 7 0 1
48 1 7 1 6 7 0 1
44 1 7 1 5 7 0 1
50 1 7 1 6 7 0 1
44 1 7 1 6 7 0 1
47 2 7 1 6 7 0 1
48 3 7 2 6 7 0 1
