nday dem circ circq pack
1 477.234 0.000 0.000 477.234
1 496.740 0.000 0.000 496.740
1 590.511 0.000 0.000 590.511
26 982.037 25.069 299.162 657.805
28 817.438 20.441 259.586 537.411
26 1119.295 22.907 350.251 746.136
30 1193.400 27.036 459.108 707.256
30 1323.619 32.539 692.712 598.367
27 1504.516 41.104 841.375 622.037
29 1944.159 43.331 1077.351 823.477
28 1819.282 38.469 1064.262 716.550
25 1728.637 44.298 895.122 789.216
18 1309.846 42.622 655.171 612.053
9 1892.686 54.478 904.775 933.433
26 1664.315 46.274 1023.045 594.996
26 1973.896 50.410 1327.584 595.902
26 2023.645 52.555 1280.941 690.148
27 1809.530 48.582 1281.094 479.853
27 1678.924 50.273 1157.399 471.252
24 1911.009 51.584 1190.710 668.715
19 1980.614 53.873 1059.293 867.448
23 1841.031 51.457 927.780 861.793
29 1960.626 46.043 1179.719 734.864
23 2371.402 53.686 1356.766 960.950
29 2288.775 48.356 1355.398 885.021
15 1977.925 51.939 886.267 1039.719
14 1996.271 47.979 1359.576 588.716
23 1893.551 49.414 1082.222 761.915
22 2435.306 57.758 1410.401 967.147
16 2595.145 53.633 1557.248 984.264
23 2496.003 53.803 1397.659 1044.541
