nze be neph bph nzph50 nzph90 bph50 bph90
569 569 63 63 9 9 9 9
573 510 63 63 9 10 8 8
922 861 63 63 13 63 12 63
1217 1217 63 63 11 63 11 63
1061 1061 63 63 10 63 10 63
1315 1312 63 63 13 63 13 63
1358 1350 63 63 14 63 14 63
1262 1239 63 63 13 56 12 55
1182 1134 63 63 11 56 11 56
1480 1377 63 63 15 63 13 63
1269 1269 63 63 14 63 14 63
1379 1279 63 63 13 63 13 63
1706 1192 63 63 20 62 13 49
1744 1638 63 63 21 63 19 63
1332 1326 63 63 15 48 14 48
1187 1122 63 63 14 45 13 44
1394 1325 63 63 16 51 15 51
975 974 63 63 10 41 10 41
1146 971 63 63 12 46 10 40
1111 1075 63 63 11 44 11 43
1379 1172 63 63 13 63 13 63
1635 1353 63 63 17 63 13 63
1480 1257 63 63 15 63 13 47
1678 1428 63 63 17 63 16 63
1511 1286 63 63 17 61 14 49
3019 1685 63 63 49 63 18 63
847 703 63 63 8 33 7 25
1521 1311 63 63 15 63 14 63
1667 1458 63 63 18 63 17 63
1505 1236 63 63 16 59 13 49
2003 1628 63 63 25 63 18 63
