size start dura
115326000 1027 30401
114857000 1244 30603
115267000 2137 30365
115435000 1798 31739
114511000 1369 32292
115350000 285 33414
115077000 3550 30274
116572000 1620 32349
116892000 1122 32870
114192000 4250 29794
116585000 198 34828
115834000 4737 31579
115281000 4613 31969
114912000 4423 32314
116768000 6402 31249
114575000 5955 32504
114968000 5840 32654
115447000 8806 30583
115096000 7952 31940
116238000 9241 31102
115950000 11359 32313
115177000 8990 35453
114788000 12238 32775
114242000 14873 30889
116683000 12968 32839
115737000 12687 33191
116171000 11863 35366
115752000 10824 36871
117190000 6756 40992
114304000 6937 40976
115558000 6033 41959
115338000 2392 45971
115007000 15027 34027
114061000 7438 43818
114452000 19135 32348
114175000 9515 43704
115702000 14523 39166
115017000 13289 41060
115471000 15782 38599
114980000 10204 44350
116457000 19420 37001
114680000 16163 40541
114072000 20345 36391
114942000 19889 37555
116483000 9463 50986
115149000 22762 38202
116116000 21100 40490
113791000 10327 51785
113991000 8577 53572
114188000 27477 35680
116734000 17659 47459
116583000 28915 36303
114367000 18775 47350
114957000 8699 59021
115402000 16605 52073
115699000 22205 47097
116045000 27893 41694
114877000 15019 54612
113639000 5360 64392
116299000 12506 58125
114872000 15128 55689
114229000 24331 46712
114083000 15057 56068
114899000 31404 39789
114984000 18269 52956
113157000 28381 44595
114592000 3612 69671
115987000 18411 55326
114437000 24954 48855
113813000 21991 52911
114126000 19182 55722
115603000 25166 49790
114974000 34299 41243
115004000 35348 40472
114619000 25699 50192
114541000 17890 58267
116233000 20799 58662
115897000 20087 62712
117118000 29206 53836
115190000 44678 40730
116077000 28660 56783
114688000 40844 44736
113928000 30935 54855
115199000 32530 54175
114526000 19579 67863
113913000 26957 61564
115826000 16093 72655
114263000 41712 47398
114340000 20413 71211
115004000 36554 56352
114849000 14739 78352
114782000 39390 54050
115023000 33532 59966
