nday dem circ circq pack
1 7.298 0.127 0.000 7.171
1 10.369 2.420 0.000 7.950
2 10.954 3.668 0.000 7.286
1 12.869 5.038 0.000 7.831
2 12.851 5.215 0.000 7.636
2 15.312 7.665 0.000 7.647
2 17.524 9.857 0.000 7.666
2 16.987 9.494 0.000 7.492
2 18.294 10.885 0.000 7.409
2 19.984 12.786 0.000 7.198
2 20.455 13.059 0.000 7.396
1 19.297 12.325 0.000 6.972
1 18.332 10.726 0.000 7.606
2 19.127 11.469 0.000 7.658
2 19.145 11.758 0.000 7.387
3 19.710 12.221 0.000 7.489
3 21.667 14.389 0.000 7.278
3 22.228 14.636 0.000 7.592
3 23.315 15.620 0.000 7.695
2 22.445 14.769 0.000 7.676
2 22.058 14.570 0.000 7.487
2 20.954 13.281 0.000 7.673
4 20.639 13.346 0.000 7.293
3 20.606 13.222 0.000 7.384
2 20.343 12.747 0.000 7.595
2 19.920 12.724 0.000 7.196
3 21.817 14.681 0.000 7.137
2 20.580 13.547 0.000 7.033
3 20.436 12.931 0.000 7.506
3 21.381 13.647 0.000 7.734
4 21.757 14.214 0.000 7.543
4 20.708 13.576 0.011 7.122
3 17.715 10.194 0.000 7.520
3 20.421 12.840 0.000 7.581
5 22.620 15.481 0.000 7.139
5 24.921 17.203 0.003 7.715
6 27.175 19.883 0.095 7.197
5 25.538 18.406 0.000 7.132
6 29.819 22.220 0.000 7.599
5 28.778 21.184 0.039 7.554
6 24.573 17.061 0.000 7.512
5 24.485 17.410 0.092 6.982
7 23.704 16.382 0.000 7.322
6 25.327 18.079 0.076 7.173
7 25.325 17.392 0.000 7.933
5 27.579 19.812 0.050 7.718
6 27.398 20.142 0.078 7.177
5 26.784 19.217 0.000 7.567
6 27.497 20.101 0.000 7.396
3 27.633 20.625 0.003 7.005
5 27.028 19.523 0.000 7.505
2 27.061 19.669 0.000 7.392
5 26.396 18.923 0.002 7.470
5 27.998 20.699 0.000 7.299
7 28.526 20.741 0.021 7.765
7 28.377 20.765 0.000 7.611
8 29.019 21.189 0.195 7.635
8 27.902 20.011 0.000 7.891
8 29.851 21.890 0.146 7.815
5 29.378 21.989 0.007 7.382
6 31.827 24.451 0.029 7.346
8 31.247 23.322 0.046 7.878
8 32.663 25.428 0.154 7.081
9 30.486 23.057 0.084 7.345
7 30.150 22.632 0.127 7.391
9 29.646 22.135 0.158 7.353
7 29.606 21.766 0.072 7.768
10 28.716 21.554 0.166 6.995
8 27.686 20.194 0.080 7.413
9 28.825 21.293 0.070 7.463
10 30.242 22.698 0.223 7.321
11 30.767 23.173 0.061 7.533
11 32.113 24.118 0.485 7.510
11 30.383 22.554 0.110 7.719
11 33.489 25.073 0.415 8.001
11 30.422 22.758 0.095 7.569
10 32.006 24.258 0.221 7.527
9 32.091 24.168 0.120 7.803
10 31.700 23.952 0.215 7.533
9 31.076 23.407 0.200 7.469
11 31.988 24.236 0.163 7.589
12 32.610 24.728 0.314 7.568
9 31.024 23.144 0.103 7.777
13 34.915 26.928 0.375 7.612
9 33.592 25.858 0.132 7.603
12 33.533 25.812 0.277 7.444
9 33.756 26.118 0.074 7.563
10 36.863 29.375 0.220 7.268
8 33.910 26.371 0.142 7.396
11 35.389 27.870 0.348 7.171
7 33.700 26.234 0.158 7.308
12 35.241 27.223 0.376 7.642
11 32.572 24.477 0.137 7.958
12 35.437 27.585 0.361 7.492
12 33.586 25.587 0.672 7.327
11 32.369 24.469 0.146 7.753
11 35.905 27.505 0.598 7.802
13 32.893 24.676 0.102 8.114
14 36.995 28.269 0.925 7.801
12 30.647 22.403 0.171 8.072
12 34.756 26.140 0.693 7.922
11 30.752 22.753 0.219 7.780
13 31.512 23.187 0.565 7.760
11 30.785 22.137 0.473 8.175
12 34.356 26.511 0.374 7.471
9 33.418 25.241 0.293 7.884
11 35.088 26.728 0.501 7.859
12 33.174 24.692 0.562 7.920
13 34.147 25.908 0.601 7.638
10 33.555 25.380 0.151 8.023
12 35.583 27.221 0.905 7.457
12 31.373 23.749 0.242 7.382
14 36.016 27.618 0.432 7.966
11 33.968 25.885 0.344 7.738
11 33.926 26.313 0.432 7.182
11 34.274 26.386 0.272 7.616
13 33.963 25.868 0.676 7.419
11 32.960 24.929 0.213 7.818
12 35.374 27.173 0.511 7.690
11 34.534 26.752 0.293 7.489
9 35.330 27.176 0.446 7.708
14 35.888 27.705 0.374 7.809
14 37.483 29.106 1.078 7.298
13 34.870 26.619 0.195 8.056
13 39.316 30.699 0.838 7.778
12 33.907 26.090 0.089 7.729
13 39.460 31.178 0.710 7.572
11 37.017 29.090 0.210 7.717
15 39.154 30.673 0.958 7.522
12 36.224 28.052 0.408 7.764
11 39.225 31.219 0.246 7.760
14 40.784 32.322 0.818 7.644
15 36.918 29.040 0.352 7.525
12 39.258 31.396 0.209 7.653
13 38.927 30.719 0.716 7.491
12 37.439 29.307 0.602 7.530
11 38.980 30.607 0.257 8.117
12 39.159 30.842 0.221 8.096
11 39.015 30.647 0.502 7.866
14 38.297 30.164 0.801 7.331
13 36.732 28.482 0.226 8.025
11 38.354 30.002 0.422 7.931
12 37.943 30.184 0.358 7.401
14 39.393 30.741 0.776 7.876
13 36.088 27.779 0.302 8.007
12 38.872 30.650 0.600 7.623
13 35.975 27.824 0.217 7.934
13 38.014 29.295 1.114 7.606
13 34.643 26.540 0.239 7.864
11 39.751 31.428 0.884 7.439
12 35.876 27.299 0.601 7.976
10 39.218 30.976 0.555 7.687
12 38.094 29.993 0.451 7.650
13 37.674 29.308 0.338 8.028
13 35.996 27.938 0.191 7.867
14 37.454 28.951 0.761 7.742
13 34.474 26.420 0.093 7.961
12 38.336 30.124 1.008 7.205
16 34.120 25.779 0.369 7.972
15 36.620 28.375 0.659 7.586
16 33.903 25.805 0.362 7.736
13 35.490 27.329 0.329 7.833
13 36.767 28.921 0.425 7.421
13 34.826 26.835 0.403 7.588
11 33.503 25.354 0.325 7.824
12 34.998 26.616 0.577 7.805
