x8.t x8.tday x8.nedge x8.nday x8.nbyte x8.ndem x8.ndem2 x8.ndem3 x16.t x16.tday x16.nedge x16.nday x16.nbyte x16.ndem x16.ndem2 x16.ndem3 x32.t x32.tday x32.nedge x32.nday x32.nbyte x32.ndem x32.ndem2 x32.ndem3 x64.t x64.tday x64.nedge x64.nday x64.nbyte x64.ndem x64.ndem2 x64.ndem3 x128.t x128.tday x128.nedge x128.nday x128.nbyte x128.ndem x128.ndem2 x128.ndem3 x256.t x256.tday x256.nedge x256.nday x256.nbyte x256.ndem x256.ndem2 x256.ndem3 x512.t x512.tday x512.nedge x512.nday x512.nbyte x512.ndem x512.ndem2 x512.ndem3 x1024.t x1024.tday x1024.nedge x1024.nday x1024.nbyte x1024.ndem x1024.ndem2 x1024.ndem3
1130513 113051 0.000000 10 0.003742 0.923293 0.990040 1.000000 3013795 215271 0.000000 14 0.007792 0.913138 0.991646 1.000000 12796767 984366 0.000000 13 0.019051 0.908421 0.995638 0.999907 63896652 4564046 0.000000 14 0.034772 0.887623 0.987774 0.995236 368265486 23016592 0.000000 16 0.069273 0.879695 0.989146 0.993660 1728727163 115248477 0.000000 15 0.131870 0.870920 0.984694 0.990989 7067535334 543656564 0.000000 13 0.275240 0.871339 0.983113 0.988495 49298398645 2738799924 0.000000 18 0.545448 0.857731 0.970484 0.979582
596208 66245 0.000000 9 0.004777 0.965272 0.991713 1.000000 3055903 235069 0.000000 13 0.010333 0.939502 0.994288 1.000000 14010723 1000765 0.000000 14 0.016504 0.897409 0.997610 0.999734 64656740 4618338 0.000000 14 0.033524 0.884463 0.992367 0.996351 307390120 23645393 0.000000 13 0.070743 0.880519 0.987176 0.992920 1753004383 109562773 0.000000 16 0.138446 0.874363 0.986140 0.991076 8154373745 509648359 0.000000 16 0.272475 0.871699 0.983748 0.989504 38306793070 2553786204 0.000000 15 0.533592 0.868061 0.982283 0.988265
430469 61495 0.000000 7 0.005289 0.953521 0.993662 1.000000 2746511 228875 0.000000 12 0.010204 0.921562 0.996354 1.000000 13189422 1014570 0.000000 13 0.017451 0.887509 0.992610 0.997825 72435710 4829047 0.000000 15 0.035815 0.892906 0.994201 0.996992 354703442 23646896 0.000000 15 0.066575 0.873128 0.987619 0.992986 1916948833 112761696 0.000000 17 0.131997 0.873270 0.987095 0.992484 8045248651 536349910 0.000000 15 0.271004 0.871006 0.983660 0.989368 40157835275 2509864704 0.000000 16 0.541201 0.865369 0.979070 0.985560
519847 74263 0.000000 7 0.005018 0.963317 0.994438 1.000000 2762046 251095 0.000000 11 0.009254 0.923407 0.993276 1.000000 11949295 995774 0.000000 12 0.017257 0.896715 0.995873 0.999526 71179983 4745332 0.000000 15 0.034684 0.882130 0.987893 0.992705 377033162 23564572 0.000000 16 0.070675 0.879403 0.984952 0.991228 1643574855 109571657 0.000000 15 0.135606 0.874311 0.988247 0.992285 7952146282 530143085 0.000000 15 0.269221 0.866128 0.981144 0.987244 37885606867 2525707124 0.000000 15 0.542471 0.865468 0.979846 0.986397
414045 59149 0.000000 7 0.005478 0.958205 0.991687 1.000000 3539797 252842 0.000000 14 0.008982 0.924667 0.989612 1.000000 16114205 1074280 0.000000 15 0.016763 0.901446 0.996499 1.000000 64525541 4608967 0.000000 14 0.035516 0.888216 0.988314 0.992319 305843196 21845942 0.000000 14 0.070929 0.881305 0.988978 0.993663 1482687992 105906285 0.000000 14 0.137743 0.873106 0.984135 0.989685 8520631432 532539464 0.000000 16 0.275854 0.873760 0.985152 0.991094 47767242829 2653735712 0.000000 18 0.541121 0.868974 0.982082 0.988773
650081 72231 0.000000 9 0.005281 0.968308 0.996419 1.000000 2681141 223428 0.000000 12 0.008680 0.919988 0.999896 1.000000 13529782 1040752 0.000000 13 0.017304 0.900373 0.995545 0.999035 61998593 4769122 0.000000 13 0.034685 0.883516 0.990704 0.994228 302571092 21612220 0.000000 14 0.066308 0.874398 0.988207 0.992795 1496733419 106909529 0.000000 14 0.138127 0.877588 0.988251 0.992481 8925700987 525041234 0.000000 17 0.270311 0.870852 0.983426 0.989249 49573345934 2478667296 0.000000 20 0.540995 0.868656 0.981388 0.988469
417684 52210 0.000000 8 0.004910 0.945876 0.989338 1.000000 2443753 203646 0.000000 12 0.009421 0.928457 0.996022 1.000000 13826699 1063592 0.000000 13 0.015621 0.886401 0.996176 0.999224 71440445 4762696 0.000000 15 0.036597 0.892496 0.992994 0.996536 315806239 24292787 0.000000 13 0.073303 0.884554 0.990269 0.992941 1858076078 109298592 0.000000 17 0.134426 0.872427 0.984465 0.989770 9724606625 540255923 0.000000 18 0.271730 0.869973 0.983021 0.989523 48719490775 2564183725 0.000000 19 0.532856 0.862969 0.977277 0.985579
481401 48140 0.000000 10 0.004856 0.954630 0.991873 1.000000 3698860 246590 0.000000 15 0.009234 0.925179 0.988389 1.000000 13808968 986354 0.000000 14 0.016305 0.897894 0.993081 0.999839 68819141 4915652 0.000000 14 0.035250 0.884432 0.988162 0.992540 323577255 21571817 0.000000 15 0.070148 0.879478 0.988307 0.992878 1511579538 107969967 0.000000 14 0.137938 0.875828 0.986659 0.990891 7467635337 497842355 0.000000 15 0.273549 0.871800 0.984631 0.989887 43984248911 2587308759 0.000000 17 0.550680 0.869226 0.982009 0.987991
563360 56336 0.000000 10 0.004386 0.955400 0.997518 1.000000 3094428 238032 0.000000 13 0.009385 0.933191 0.992426 1.000000 15427814 1028520 0.000000 15 0.018743 0.913371 0.997367 1.000000 60880958 4683150 0.000000 13 0.038535 0.898342 0.993511 0.996493 353466259 23564417 0.000000 15 0.068651 0.877936 0.990387 0.993598 1542440557 102829370 0.000000 15 0.138757 0.876268 0.985616 0.991957 6824357173 524950551 0.000000 13 0.269907 0.866429 0.980694 0.986772 42303627005 2488448647 0.000000 17 0.537742 0.867384 0.981894 0.988030
375509 46938 0.000000 8 0.004061 0.943864 0.990392 1.000000 2584054 234914 0.000000 11 0.009985 0.925447 0.994780 1.000000 13853508 989536 0.000000 14 0.018389 0.910090 0.998582 1.000000 72972531 4864835 0.000000 15 0.033961 0.888162 0.993625 0.997175 332825270 23773233 0.000000 14 0.066098 0.870605 0.983616 0.989826 1533323051 109523075 0.000000 14 0.138006 0.876920 0.987500 0.992117 8934407084 525553357 0.000000 17 0.268911 0.869371 0.983473 0.989739 43242491887 2543675993 0.000000 17 0.536572 0.869084 0.983319 0.989385
